1 0.2203205 0.4261321 0.19567883 0.3944389
4 0.7192247 0.9151942 0.01562196 0.03670184
3 0.20823151 0.4473183 0.025531873 0.056077056
2 0.2929926 0.24617995 0.025990576 0.048915267
4 0.72896934 0.31480873 0.014855444 0.031988356
4 0.14352387 0.85261136 0.01620254 0.037798405
4 0.7603396 0.0316119 0.015098035 0.034611847
4 0.6125356 0.038863514 0.016880572 0.0385074
0 0.12662959 0.10090534 0.01600068 0.03494547
1 0.9392321 0.37888098 0.12037605 0.083541684
4 0.28911668 0.49709764 0.015118331 0.043553405
1 0.9617231 0.37756807 0.07655388 0.09669156