1 0.2971181 0.76948166 0.12054025 0.42699835
4 0.7200969 0.91704816 0.015455842 0.03696834
4 0.7288803 0.3157434 0.014727771 0.03394543
4 0.7597254 0.032072768 0.015064836 0.034042887
4 0.14510813 0.8517366 0.015841678 0.03569333
4 0.6128276 0.038510367 0.015246153 0.03690057
4 0.3532676 0.70156205 0.01219362 0.04621278
3 0.28109607 0.72995186 0.026752949 0.052484777
0 0.12637134 0.099729024 0.0153924525 0.034180727
2 0.29644755 0.94902164 0.021950364 0.049740475
1 0.97290164 0.2507543 0.054196715 0.34714934