1 0.2921875 0.5015625 0.21015625 0.31015625
3 0.76875 0.2859375 0.021875 0.03671875
3 0.46953125 0.12421875 0.01875 0.0328125
3 0.31953125 0.24921875 0.021875 0.03046875
2 0.21171875 0.38046875 0.0515625 0.0578125
3 0.6484375 0.14765625 0.01953125 0.03125
3 0.62109375 0.178125 0.02109375 0.03046875
0 0.39765625 0.61953125 0.01953125 0.03046875
0 0.57421875 0.1171875 0.021875 0.03046875
3 0.315625 0.13046875 0.0203125 0.03046875
3 0.37421875 0.2734375 0.0203125 0.02890625
0 0.46015625 0.08984375 0.0203125 0.03515625
3 0.475 0.49765625 0.01953125 0.02890625
3 0.57421875 0.4015625 0.02109375 0.02890625