1 0.8625 0.31015625 0.26640625 0.290625
0 0.784375 0.88203125 0.02734375 0.03359375
3 0.19296875 0.88671875 0.025 0.03671875
3 0.52421875 0.37421875 0.01640625 0.028125
3 0.740625 0.309375 0.0203125 0.03046875
3 0.18671875 0.16015625 0.02265625 0.03359375
3 0.41640625 0.15625 0.01953125 0.0328125
3 0.29765625 0.25 0.02109375 0.03125
3 0.534375 0.2265625 0.02109375 0.02890625
3 0.62578125 0.396875 0.02109375 0.03046875
0 0.11015625 0.3375 0.02265625 0.0234375
3 0.7 0.8265625 0.02109375 0.0328125
3 0.50859375 0.48203125 0.0203125 0.03046875
3 0.20625 0.34453125 0.0203125 0.028125
0 0.58203125 0.340625 0.01796875 0.03203125
0 0.7359375 0.2796875 0.02265625 0.03046875
2 0.75234375 0.175 0.04921875 0.06875