1 0.73671875 0.48828125 0.14921875 0.3078125
0 0.23359375 0.9046875 0.02578125 0.0390625
3 0.325 0.32109375 0.0171875 0.03046875
3 0.49609375 0.50625 0.015625 0.02890625
3 0.41171875 0.146875 0.0203125 0.03203125
3 0.465625 0.11953125 0.01875 0.03203125
3 0.3671875 0.14765625 0.0203125 0.03203125
3 0.43671875 0.8328125 0.021875 0.03125
3 0.5984375 0.32109375 0.02109375 0.03046875
3 0.5125 0.896875 0.02109375 0.034375
3 0.10859375 0.0984375 0.021875 0.0296875
3 0.57890625 0.828125 0.02109375 0.0328125
0 0.08828125 0.90390625 0.0234375 0.02890625
3 0.90234375 0.10078125 0.025 0.03125
0 0.9125 0.89453125 0.0234375 0.02734375
0 0.49375 0.57890625 0.01875 0.03359375
2 0.8125 0.36328125 0.03515625 0.04453125