1 0.29140625 0.5015625 0.2125 0.290625
3 0.478125 0.1359375 0.01796875 0.03359375
3 0.32890625 0.2640625 0.02109375 0.03359375
0 0.39765625 0.59453125 0.021875 0.0265625
3 0.621875 0.8078125 0.01953125 0.03125
3 0.32578125 0.1140625 0.02265625 0.034375
0 0.55 0.09921875 0.025 0.03125
3 0.30234375 0.63515625 0.0234375 0.0296875
2 0.2125 0.38203125 0.05234375 0.05546875
3 0.6640625 0.80390625 0.01953125 0.03125
0 0.39453125 0.09375 0.0203125 0.03046875
3 0.14296875 0.90625 0.0203125 0.0296875
3 0.47578125 0.5 0.0203125 0.03203125
3 0.3078125 0.1015625 0.01953125 0.02890625