1 0.2671875 0.38203125 0.19375 0.359375
3 0.2703125 0.12109375 0.0171875 0.03515625
3 0.45 0.3671875 0.01875 0.03203125
3 0.16171875 0.9109375 0.01875 0.0359375
3 0.3140625 0.0734375 0.01875 0.03203125
3 0.59609375 0.4390625 0.01796875 0.0296875
3 0.50234375 0.36328125 0.01875 0.03203125
3 0.21875 0.771875 0.01953125 0.03359375
3 0.1703125 0.0671875 0.01953125 0.03046875
3 0.2421875 0.06796875 0.01953125 0.03125
3 0.17578125 0.8515625 0.01953125 0.0328125
3 0.5546875 0.540625 0.0203125 0.0296875
0 0.778125 0.76171875 0.0203125 0.0390625