3 0.7421875 0.13515625 0.01953125 0.03515625
3 0.24140625 0.2828125 0.02109375 0.0328125
3 0.54765625 0.146875 0.0171875 0.0328125
3 0.5984375 0.68046875 0.01796875 0.03125
3 0.659375 0.58984375 0.01953125 0.03125
3 0.634375 0.43828125 0.01953125 0.03125
3 0.6296875 0.64453125 0.01796875 0.03125
3 0.42890625 0.515625 0.01953125 0.03125
3 0.45234375 0.15390625 0.02109375 0.03515625
3 0.453125 0.38671875 0.01875 0.03046875
0 0.753125 0.72421875 0.01796875 0.02890625
3 0.67734375 0.30234375 0.01796875 0.0296875