3 0.16484375 0.521875 0.02109375 0.03203125
3 0.54765625 0.146875 0.0171875 0.0328125
3 0.24140625 0.2828125 0.02109375 0.0328125
3 0.35078125 0.70625 0.01796875 0.0328125
3 0.60234375 0.68515625 0.01953125 0.0328125
3 0.34296875 0.246875 0.01875 0.034375
3 0.3734375 0.60703125 0.01796875 0.0328125
3 0.21015625 0.690625 0.0171875 0.03671875
3 0.45234375 0.153125 0.0203125 0.034375
3 0.74453125 0.13359375 0.0203125 0.03203125
3 0.45234375 0.3875 0.01875 0.02890625
0 0.64140625 0.81484375 0.0203125 0.028125