3 0.7421875 0.134375 0.0203125 0.034375
3 0.24140625 0.2828125 0.02109375 0.0328125
3 0.64765625 0.64140625 0.01640625 0.0296875
3 0.68515625 0.30859375 0.0171875 0.03125
3 0.59921875 0.68125 0.01875 0.03203125
3 0.45234375 0.15390625 0.02109375 0.03515625
0 0.71875 0.6265625 0.01953125 0.03125
3 0.47890625 0.390625 0.0203125 0.02734375
3 0.44296875 0.49296875 0.01640625 0.0296875
3 0.4484375 0.43671875 0.0171875 0.02890625
3 0.4796875 0.4921875 0.01640625 0.02890625
3 0.634375 0.63203125 0.01796875 0.03046875