1 0.75234375 0.23203125 0.09921875 0.2640625
3 0.70390625 0.846875 0.01796875 0.02890625
3 0.45 0.3671875 0.0203125 0.03203125
3 0.16171875 0.9109375 0.01875 0.03671875
3 0.5015625 0.3625 0.01875 0.03203125
3 0.21796875 0.771875 0.0203125 0.03359375
3 0.65078125 0.48046875 0.01875 0.03125
3 0.5890625 0.628125 0.0171875 0.03046875
3 0.6015625 0.590625 0.01875 0.02890625
3 0.53125 0.58359375 0.01953125 0.0296875
3 0.17578125 0.85078125 0.01796875 0.03359375
3 0.63828125 0.1125 0.01875 0.0296875
0 0.78125 0.7640625 0.01953125 0.03046875