3 0.6625 0.6234375 0.01875 0.03125
3 0.5953125 0.66171875 0.01953125 0.034375
3 0.45078125 0.08203125 0.0203125 0.0328125
3 0.596875 0.5671875 0.01796875 0.03046875
3 0.16875 0.0671875 0.01796875 0.02734375
3 0.15859375 0.915625 0.01953125 0.03046875
3 0.590625 0.4984375 0.01875 0.03046875
3 0.4890625 0.42109375 0.015625 0.0265625
3 0.4421875 0.49296875 0.0171875 0.03046875
0 0.47890625 0.44296875 0.0140625 0.02578125
3 0.48046875 0.4921875 0.0171875 0.028125
3 0.56484375 0.1015625 0.01640625 0.0296875