1 0.75625 0.38359375 0.121875 0.31484375
3 0.525 0.49375 0.0140625 0.028125
3 0.596875 0.896875 0.01953125 0.03515625
3 0.8078125 0.1515625 0.0171875 0.03046875
3 0.19921875 0.33125 0.01953125 0.03125
3 0.52890625 0.55 0.021875 0.0296875
3 0.49609375 0.17421875 0.0171875 0.03359375
3 0.74140625 0.8921875 0.0171875 0.02734375
3 0.50625 0.11328125 0.0171875 0.03046875
3 0.1890625 0.35390625 0.01796875 0.03046875
3 0.353125 0.78828125 0.01875 0.03515625
3 0.23125 0.7546875 0.01796875 0.0296875
0 0.51953125 0.54296875 0.0140625 0.02890625