2 0.74296875 0.61875 0.059375 0.025
2 0.64375 0.628125 0.0546875 0.025
2 0.44609375 0.590625 0.053125 0.025
2 0.6359375 0.55703125 0.0546875 0.025
2 0.60390625 0.49609375 0.05 0.021875
2 0.37109375 0.4953125 0.05 0.021875
2 0.246875 0.4578125 0.0484375 0.0234375
2 0.24453125 0.371875 0.04375 0.021875
2 0.2125 0.31328125 0.0421875 0.01875
2 0.44453125 0.24765625 0.0421875 0.0203125
2 0.83125 0.29140625 0.04375 0.0203125
2 0.8640625 0.4 0.0484375 0.021875
2 0.64609375 0.42421875 0.046875 0.021875
0 0.49765625 0.346875 0.04375 0.021875
0 0.3578125 0.4671875 0.0484375 0.021875
0 0.075 0.56328125 0.05625 0.025