0 0.16484375 0.5078125 0.04375 0.01875
0 0.42421875 0.48515625 0.0421875 0.01875
0 0.6640625 0.40234375 0.0453125 0.01875
2 0.7765625 0.2796875 0.04375 0.0203125
2 0.49609375 0.30703125 0.0421875 0.0203125
2 0.45078125 0.375 0.0421875 0.01875
2 0.36015625 0.45625 0.0390625 0.015625
2 0.403125 0.51015625 0.0421875 0.01875
2 0.5515625 0.55859375 0.0390625 0.01875
2 0.6453125 0.50546875 0.04375 0.01875
2 0.8609375 0.53203125 0.0484375 0.01875
2 0.3578125 0.59609375 0.040625 0.0203125
2 0.50546875 0.609375 0.04375 0.01875
2 0.43984375 0.6578125 0.0421875 0.01875
2 0.50625 0.671875 0.046875 0.021875