2 0.9328125 0.43125 0.04375 0.01875
2 0.64140625 0.32421875 0.04375 0.0203125
2 0.390625 0.36875 0.040625 0.01875
2 0.3859375 0.4390625 0.0390625 0.01875
2 0.34375 0.5265625 0.040625 0.01875
2 0.65234375 0.54375 0.0390625 0.0171875
2 0.8609375 0.546875 0.0421875 0.0171875
2 0.41953125 0.57578125 0.04375 0.0203125
2 0.59453125 0.6046875 0.04375 0.0203125
2 0.58203125 0.66015625 0.0421875 0.0203125
2 0.42734375 0.665625 0.0421875 0.0203125
2 0.5453125 0.71796875 0.0421875 0.0203125
2 0.62109375 0.721875 0.0453125 0.0203125
0 0.1671875 0.6015625 0.04375 0.01875
0 0.4234375 0.5484375 0.0453125 0.01875
0 0.61015625 0.4453125 0.040625 0.01875