2 0.89765625 0.07890625 0.140625 0.140625
2 0.61015625 0.09609375 0.1390625 0.1421875
2 0.471875 0.10390625 0.1328125 0.140625
2 0.19296875 0.11171875 0.140625 0.1421875
2 0.06875 0.25546875 0.1375 0.1296875
2 0.075 0.3921875 0.1359375 0.1328125
2 0.34296875 0.38515625 0.1328125 0.134375
2 0.0765625 0.52421875 0.134375 0.1296875
2 0.61953125 0.5140625 0.134375 0.1359375
2 0.3484375 0.6515625 0.1296875 0.1296875
2 0.48515625 0.65234375 0.13125 0.13125
2 0.76015625 0.65078125 0.1359375 0.1296875
2 0.89921875 0.64765625 0.1375 0.1328125
2 0.9046875 0.78203125 0.1328125 0.134375
2 0.6265625 0.7828125 0.1296875 0.134375
2 0.21796875 0.9234375 0.134375 0.1359375