2 0.36171875 0.89453125 0.0875 0.0875
2 0.971875 0.7125 0.05625 0.0875
2 0.75546875 0.63984375 0.0875 0.0859375
2 0.9 0.6046875 0.090625 0.0875
2 0.5375 0.63359375 0.084375 0.08125
2 0.453125 0.61875 0.084375 0.078125
2 0.17421875 0.559375 0.090625 0.08125
2 0.06015625 0.1890625 0.0859375 0.0796875
2 0.1796875 0.165625 0.0875 0.0828125
2 0.39296875 0.15234375 0.0828125 0.084375
2 0.5796875 0.0796875 0.0828125 0.0859375
2 0.66015625 0.1640625 0.084375 0.0828125
2 0.7015625 0.23046875 0.0859375 0.08125
2 0.85390625 0.25703125 0.0859375 0.084375
2 0.68671875 0.33828125 0.0828125 0.084375
2 0.4828125 0.2984375 0.0828125 0.078125
2 0.384375 0.37578125 0.084375 0.0796875
2 0.53984375 0.38515625 0.0859375 0.0796875
2 0.5953125 0.4453125 0.08125 0.0796875
2 0.81953125 0.43828125 0.090625 0.0859375
2 0.88828125 0.38125 0.0890625 0.0859375
2 0.90234375 0.496875 0.090625 0.0859375
2 0.9609375 0.44375 0.078125 0.0859375