2 0.1859375 0.12265625 0.0265625 0.0328125
2 0.1859375 0.12265625 0.0265625 0.0328125
2 0.415625 0.17265625 0.0265625 0.0328125
2 0.05625 0.7828125 0.0328125 0.0359375
2 0.78828125 0.08984375 0.0265625 0.034375
2 0.5328125 0.2765625 0.025 0.034375
2 0.53671875 0.12265625 0.0265625 0.034375
2 0.3234375 0.7828125 0.0296875 0.0421875
2 0.48203125 0.36953125 0.0234375 0.034375
2 0.4734375 0.78984375 0.03125 0.0328125
2 0.87265625 0.66953125 0.0359375 0.04375
2 0.1859375 0.12265625 0.0265625 0.0328125
2 0.415625 0.17265625 0.0265625 0.0328125
2 0.05625 0.7828125 0.0328125 0.0359375
2 0.78828125 0.08984375 0.0265625 0.034375
2 0.5328125 0.2765625 0.025 0.034375
2 0.53671875 0.12265625 0.0265625 0.034375
2 0.3234375 0.7828125 0.0296875 0.0421875
2 0.48203125 0.36953125 0.0234375 0.034375
2 0.4734375 0.78984375 0.03125 0.0328125
2 0.87265625 0.66953125 0.0359375 0.04375
2 0.1859375 0.12265625 0.0265625 0.0328125
2 0.415625 0.17265625 0.0265625 0.0328125
2 0.05625 0.7828125 0.0328125 0.0359375
2 0.78828125 0.08984375 0.0265625 0.034375
2 0.5328125 0.2765625 0.025 0.034375
2 0.53671875 0.12265625 0.0265625 0.034375
2 0.3234375 0.7828125 0.0296875 0.0421875
2 0.48203125 0.36953125 0.0234375 0.034375
2 0.4734375 0.78984375 0.03125 0.0328125
2 0.87265625 0.66953125 0.0359375 0.04375
2 0.1859375 0.12265625 0.0265625 0.0328125
2 0.415625 0.17265625 0.0265625 0.0328125
2 0.18515625 0.12421875 0.028125 0.0328125
2 0.05625 0.7828125 0.0328125 0.0359375
2 0.78828125 0.08984375 0.0265625 0.034375
2 0.5328125 0.2765625 0.025 0.034375
2 0.53671875 0.12265625 0.0265625 0.034375
2 0.05703125 0.784375 0.03125 0.0359375
2 0.53671875 0.12421875 0.025 0.0359375
2 0.3234375 0.7828125 0.0296875 0.0421875
2 0.41328125 0.17265625 0.0265625 0.0328125
2 0.7875 0.08671875 0.0265625 0.034375
2 0.48203125 0.36953125 0.0234375 0.034375
2 0.4734375 0.78984375 0.03125 0.0328125
2 0.4703125 0.78984375 0.03125 0.0328125
2 0.87265625 0.66953125 0.0359375 0.04375
2 0.871875 0.66875 0.0375 0.0453125
2 0.53359375 0.27578125 0.028125 0.034375
1 0.46543209843750005 0.43981481406249995 0.4604938265625 0.45 0.45864197500000004 0.465740740625 0.440740740625 0.48148148125 0.43148148124999997 0.48518518593750004 0.4240740734375 0.4796296296875 0.408024690625 0.48518518593750004 0.4012345671875 0.49444444374999996 0.400617284375 0.5101851859375001 0.3981481484375 0.5148148140625 0.3895061734375 0.5175925921875 0.37654320937499997 0.5138888890625 0.372222221875 0.51851851875 0.37283950625 0.527777778125 0.3697530859375 0.5305555562500001 0.3425925921875 0.5388888890625 0.3382716046875 0.5481481484375 0.3376543203125 0.5620370375 0.34444444375 0.58055555625 0.35308642031250004 0.58148148125 0.377777778125 0.575 0.400617284375 0.5879629625 0.408641975 0.5981481484375 0.42839506250000003 0.5962962968750001 0.44506172812499994 0.584259259375 0.46666666718750005 0.5861111109375 0.477777778125 0.5824074078125 0.48271604999999995 0.602777778125 0.49012345625 0.609259259375 0.5043209875 0.6083333328125 0.5154320984375 0.5990740734375 0.5160493828125 0.575 0.5061728390625 0.5574074078125 0.522222221875 0.55 0.5246913578125 0.5388888890625 0.5203703703125 0.5083333328124999 0.5123456796875 0.497222221875 0.5166666671875 0.4796296296875 0.5104938265625 0.47222222187499996 0.5469135796875 0.4175925921875 0.5845679015624999 0.3490740734375 0.604938271875 0.302777778125 0.6216049375 0.25555555625 0.636419753125 0.20277777812500003 0.640740740625 0.172222221875 0.6302469140625 0.15925925937500002 0.6148148140624999 0.1546296296875 0.6086419750000001 0.15925925937500002 0.5938271609375 0.222222221875 0.5679012343750001 0.29351851875 0.5370370375 0.35555555625 0.5135802468749999 0.39444444375 0.4783950625 0.44259259218749997 0.46543209843750005 0.43981481406249995
2 0.336419753125 0.5046296296875 0.3290123453125 0.503703703125 0.322222221875 0.5129629625 0.322222221875 0.5240740734375 0.32716049375 0.5324074078125001 0.33703703749999997 0.5314814812499999 0.341358025 0.525 0.3425925921875 0.5148148140625 0.336419753125 0.5046296296875