2 0.6796875 0.96328125 0.0421875 0.0640625
2 0.88125 0.934375 0.0421875 0.0578125
2 0.6796875 0.81484375 0.040625 0.0609375
2 0.6796875 0.96328125 0.0421875 0.0640625
2 0.88125 0.934375 0.0421875 0.0578125
2 0.6796875 0.81484375 0.040625 0.0609375
0 0.5625 0.7671875 0.0390625 0.059375
2 0.68828125 0.2078125 0.0546875 0.0640625
2 0.646875 0.10625 0.0359375 0.0546875
2 0.6796875 0.96328125 0.0421875 0.0640625
2 0.88125 0.934375 0.0421875 0.0578125
2 0.6796875 0.81484375 0.040625 0.0609375
0 0.5625 0.7671875 0.0390625 0.059375
2 0.68828125 0.2078125 0.0546875 0.0640625
2 0.646875 0.10625 0.0359375 0.0546875
2 0.87578125 0.2515625 0.040625 0.05625