1 0.4808766203125 0.3675088421875 0.480270628125 0.3598480234375 0.47677733437500003 0.3515535078125 0.471307784375 0.34701574375 0.447480821875 0.3307057328125 0.4443239484375 0.3270132890625 0.44379957968749995 0.3196283078125 0.44040583125 0.308264959375 0.4343086125 0.3006701703125 0.4223728484375 0.2933860046875 0.40131717343749995 0.28380216875 0.388431609375 0.27146793593749996 0.37780895000000003 0.2584237140625 0.362405565625 0.2430643359375 0.34939381406250003 0.239255178125 0.328035809375 0.23576995312500001 0.3009133109375 0.23235361875 0.2853649078125 0.230046590625 0.258366478125 0.22594383750000002 0.21614086875 0.22277804843750001 0.20132851875000002 0.2235469828125 0.182791453125 0.2265709015625 0.164889684375 0.2323381328125 0.1419479125 0.24091448125 0.12441308124999999 0.2474143609375 0.108903309375 0.25773620625000004 0.10046295937500001 0.2702265234375 0.10192483593749999 0.2853633328125 0.10886461875 0.2936138421875 0.122895740625 0.29951454375000003 0.1420667125 0.30266711874999996 0.176074134375 0.30021703906249997 0.20683125000000002 0.2928228828125 0.23008510000000001 0.28255489843750003 0.2487631296875 0.275492259375 0.2698073609375 0.273646128125 0.29883472499999997 0.2730031703125 0.31162806875000004 0.27426574375 0.31470404687500003 0.279432478125 0.31491500625 0.2894618625 0.3154296875 0.3016959609375 0.3150517296875 0.3131029046875 0.314803471875 0.329484121875 0.31515950937500004 0.3403288515625 0.31821471875 0.35518882343749997 0.3286986578125 0.3736063640625 0.340074690625 0.3841965984375 0.3498802796875 0.38734799375 0.3866787875 0.38364519375 0.3974552453125 0.37613650781249997 0.4079170828125 0.3722958328125 0.43007115 0.3832553671875 0.43711308125 0.3846717109375 0.44409022187499997 0.385036378125 0.430303059375 0.3668241953125 0.430353921875 0.3668241953125 0.42979310000000004 0.36595062968750003 0.4315454390625 0.36398469843750003 0.43784634999999994 0.3672180171875 0.45365094375000004 0.37793804375 0.46110462031250005 0.38346072656249997 0.46441408125 0.3851243890625 0.46696581249999997 0.3850086765625 0.47068277968750005 0.38060724218750003 0.47702789375 0.376088278125 0.4808766203125 0.3675088421875
2 0.1828125 0.121875 0.025 0.0328125
2 0.4109375 0.16796875 0.021875 0.0296875
2 0.5328125 0.1234375 0.025 0.0296875
2 0.78828125 0.0875 0.0234375 0.0421875
2 0.53046875 0.27578125 0.025 0.0328125
2 0.51015625 0.328125 0.0203125 0.03125
2 0.89453125 0.7484375 0.0296875 0.0421875
2 0.4875 0.76796875 0.021875 0.0328125
2 0.47109375 0.78828125 0.0265625 0.0375
2 0.31875 0.78359375 0.0265625 0.04375
2 0.05390625 0.78203125 0.034375 0.0375