2 0.1658854171875 0.0490740734375 0.1619791671875 0.05601851875 0.1625 0.06898148125 0.16744791718750002 0.077777778125 0.1729166671875 0.0791666671875 0.1796875 0.071759259375 0.1796875 0.058796296875 0.1747395828125 0.0490740734375 0.1658854171875 0.0490740734375
2 0.45494791718750005 0.0638888890625 0.45026041718750004 0.0629629625 0.44427083281249996 0.0699074078125 0.44375 0.08194444375 0.44713541718750005 0.0916666671875 0.4526041671875 0.09398148125 0.45703125 0.0916666671875 0.45885416718750005 0.0865740734375 0.459375 0.0736111109375 0.45494791718750005 0.0638888890625
2 0.5638020828125 0.08333333281250001 0.5578125 0.09120370312500001 0.5567708328125 0.1050925921875 0.5606770828125 0.11388888906250001 0.5666666671875 0.11435185156250001 0.571875 0.10694444375 0.5723958328125 0.0949074078125 0.5684895828125 0.08518518593749999 0.5638020828125 0.08333333281250001
2 0.47421875 0.3759259265625 0.4692708328125 0.384722221875 0.4692708328125 0.39398148125 0.47421875 0.403703703125 0.48020833281249997 0.403240740625 0.4848958328125 0.3949074078125 0.484375 0.3828703703125 0.4809895828125 0.3768518515625 0.47421875 0.3759259265625
2 0.44140625 0.478703703125 0.4369791671875 0.48472222187499997 0.4359375 0.496759259375 0.4388020828125 0.503703703125 0.4453125 0.50601851875 0.45 0.5013888890625 0.4515625 0.48842592656250006 0.4486979171875 0.48055555625 0.44140625 0.478703703125
2 0.47630208281249997 0.478703703125 0.47291666718750003 0.48379629687500003 0.47239583281249997 0.496759259375 0.47838541718750005 0.50555555625 0.4828125 0.5050925921875 0.4875 0.496759259375 0.4869791671875 0.48379629687500003 0.4830729171875 0.477777778125 0.47630208281249997 0.478703703125
2 0.15859375 0.9009259265624999 0.1526041671875 0.9060185187500001 0.15 0.921759259375 0.15390625 0.93148148125 0.1614583328125 0.93194444375 0.1677083328125 0.9254629624999999 0.1692708328125 0.9115740734375001 0.16484375 0.9018518515625 0.15859375 0.9009259265624999
2 0.5627604171875 0.5083333328124999 0.5572916671875 0.5143518515625 0.55625 0.5263888890625 0.5596354171875 0.5351851859375001 0.5651041671875 0.5375 0.5708333328124999 0.5328703703125 0.5723958328125 0.5171296296875 0.56796875 0.509259259375 0.5627604171875 0.5083333328124999
2 0.5763020828125 0.5138888890625 0.571875 0.5199074078125 0.5708333328124999 0.5319444437499999 0.57421875 0.540740740625 0.5807291671875 0.5421296296875 0.5848958328125 0.5384259265625 0.5864583328124999 0.5226851859375 0.5809895828125 0.5138888890625 0.5763020828125 0.5138888890625
2 0.5955729171875 0.6675925921875 0.5916666671875 0.6763888890625 0.5921875 0.6884259265625 0.5966145828125 0.6944444437499999 0.6015625 0.6949074078125 0.6057291671875 0.690277778125 0.6072916671875 0.6773148140624999 0.6013020828125 0.6666666671875 0.5955729171875 0.6675925921875
2 0.7924479171875001 0.8546296296874999 0.7890625 0.8625 0.7901041671875 0.8745370375 0.7955729171875 0.88148148125 0.8015625 0.88101851875 0.80625 0.871759259375 0.8046875 0.8606481484374999 0.80078125 0.853703703125 0.7924479171875001 0.8546296296874999
0 0.78359375 0.08518518593749999 0.778125 0.09305555625 0.7776041671875 0.1050925921875 0.7825520828125 0.11388888906250001 0.7885416671875001 0.11342592656249999 0.79375 0.103240740625 0.79375 0.0921296296875 0.7908854171875 0.0861111109375 0.78359375 0.08518518593749999