0 0.8096354171875 0.1324074078125 0.8036458328125 0.141203703125 0.8036458328125 0.1541666671875 0.8080729171875 0.1611111109375 0.8140625 0.1606481484375 0.8192708328125 0.15324074062499998 0.8203125 0.13935185156250002 0.81640625 0.1324074078125 0.8096354171875 0.1324074078125
2 0.50859375 0.097222221875 0.5041666671875 0.10231481406250001 0.5020833328125 0.11342592656249999 0.5036458328125 0.12175925937500001 0.5104166671875 0.128240740625 0.5171875 0.1208333328125 0.5182291671875 0.108796296875 0.5153645828125 0.1 0.50859375 0.097222221875
2 0.49817708281249995 0.1611111109375 0.49375 0.1699074078125 0.49375 0.18101851875 0.49713541718750004 0.1888888890625 0.5036458328125 0.190277778125 0.509375 0.18194444375000002 0.509375 0.1708333328125 0.5044270828124999 0.1611111109375 0.49817708281249995 0.1611111109375
2 0.18671875 0.3120370375 0.18125 0.31898148125 0.1807291671875 0.3300925921875 0.1846354171875 0.3398148140625 0.1895833328125 0.3421296296875 0.19609375 0.33888888906250003 0.1994791671875 0.3273148140625 0.19453125 0.3138888890625 0.18671875 0.3120370375
2 0.5216145828125 0.547222221875 0.5177083328125 0.5541666671875001 0.5177083328125 0.566203703125 0.5221354171875 0.5740740734374999 0.5270833328125 0.5745370375000001 0.5328125 0.565277778125 0.5322916671875 0.5541666671875001 0.5283854171875 0.547222221875 0.5216145828125 0.547222221875
2 0.7809895828125 0.6425925921875 0.7770833328125 0.6486111109375 0.7765625 0.6578703703125 0.7809895828125 0.6675925921875 0.7875 0.66898148125 0.7927083328125 0.6634259265625 0.7932291671875 0.6504629625 0.7888020828125 0.6425925921875 0.7809895828125 0.6425925921875
2 0.7252604171875 0.809259259375 0.7203125 0.81805555625 0.7208333328125 0.8291666671875 0.7247395828125 0.8370370375 0.73125 0.8384259265624999 0.7359375 0.833796296875 0.7375 0.821759259375 0.7330729171875 0.8111111109375001 0.7252604171875 0.809259259375
2 0.7033854171875 0.8509259265625 0.7005208328125 0.8578703703125001 0.7015625 0.8708333328125001 0.7059895828125 0.877777778125 0.7125 0.878240740625 0.7171875 0.871759259375 0.7171875 0.8578703703125001 0.71015625 0.8481481484375 0.7033854171875 0.8509259265625
2 0.7247395828125 0.852777778125 0.7197916671875 0.8606481484374999 0.7197916671875 0.8726851859375 0.72578125 0.8824074078124999 0.7317708328125 0.8819444437499999 0.7359375 0.8763888890624999 0.7359375 0.8634259265625 0.7325520828125 0.85555555625 0.7247395828125 0.852777778125
2 0.7361979171875 0.8796296296874999 0.7338541671875001 0.8847222218749999 0.7354166671875 0.8986111109375001 0.7393229171875 0.9046296296874999 0.7463541671875 0.9050925921875 0.7505208328124999 0.8949074078124999 0.7489583328125 0.883796296875 0.7434895828125 0.8768518515625001 0.7361979171875 0.8796296296874999
2 0.5971354171875001 0.88055555625 0.5921875 0.8893518515625001 0.5921875 0.8995370375 0.5966145828125 0.909259259375 0.6026041671875 0.9106481484375 0.6083333328125 0.9023148140625 0.6083333328125 0.891203703125 0.6044270828125 0.8824074078124999 0.5971354171875001 0.88055555625
2 0.5565104171875 0.9009259265624999 0.5515625 0.9078703703125001 0.5505208328125 0.9208333328125 0.55390625 0.9296296296875 0.5614583328125 0.93101851875 0.5651041671875 0.9273148140625 0.5666666671875 0.9125 0.5611979171875 0.9009259265624999 0.5565104171875 0.9009259265624999
1 0.4770833328125 0.5930555562500001 0.4791666671875 0.58194444375 0.4791666671875 0.5606481484375 0.471875 0.54398148125 0.47291666718750003 0.5310185187500001 0.46953125 0.515740740625 0.45494791718750005 0.5120370375000001 0.44557291718750003 0.5148148140625 0.4447916671875 0.5513888890625 0.43984375 0.553703703125 0.43177083281249995 0.5375 0.43125 0.5236111109375 0.42786458281249995 0.5166666671875 0.4106770828125 0.5148148140625 0.4057291671875 0.5097222218749999 0.40729166718750004 0.49398148124999997 0.40442708281249995 0.4861111109375 0.3924479171875 0.48703703750000005 0.3846354171875 0.48148148125 0.3807291671875 0.49120370312499995 0.3802083328125 0.5023148140625 0.3768229171875 0.50648148125 0.37057291718749996 0.49444444374999996 0.36276041718749996 0.490740740625 0.3575520828125 0.47407407343749997 0.3372395828125 0.4703703703125 0.32578125 0.4768518515625 0.30807291718749996 0.5129629625 0.2747395828125 0.5074074078125 0.2705729171875 0.5111111109375 0.26614583281250004 0.5226851859375 0.26614583281250004 0.5384259265625 0.2705729171875 0.547222221875 0.3033854171875 0.55648148125 0.3096354171875 0.5759259265625001 0.3190104171875 0.575 0.3231770828125 0.58148148125 0.3330729171875 0.578703703125 0.3333333328125 0.590277778125 0.3401041671875 0.6004629625 0.3390625 0.608796296875 0.33671875 0.609259259375 0.33541666718749996 0.5958333328125 0.3333333328125 0.5958333328125 0.3322916671875 0.6106481484375 0.3291666671875 0.6143518515624999 0.3330729171875 0.6203703703125 0.33932291718749996 0.6148148140624999 0.34322916718749996 0.6023148140625 0.34921875 0.5953703703125 0.3533854171875 0.6009259265625 0.37057291718749996 0.5981481484375 0.37265625 0.61851851875 0.3760416671875 0.6143518515624999 0.3768229171875 0.6046296296875 0.38046875 0.615740740625 0.3817708328125 0.60694444375 0.3846354171875 0.602777778125 0.38828125 0.60648148125 0.3924479171875 0.60555555625 0.3924479171875 0.6111111109375 0.38828125 0.6111111109375 0.3828125 0.6208333328125 0.3934895828125 0.6231481484375 0.3958333328125 0.6208333328125 0.396875 0.60601851875 0.39921875 0.6018518515625 0.42005208281249995 0.6101851859375 0.4283854171875 0.6 0.43151041718750005 0.5916666671875 0.43723958281249997 0.5916666671875 0.4440104171875 0.584259259375 0.4453125 0.5884259265625 0.4390625 0.5995370375 0.44348958281249995 0.6120370375 0.44713541718750005 0.6074074078125 0.4505208328125 0.6143518515624999 0.44713541718750005 0.6203703703125 0.44244791718750004 0.615740740625 0.43854166718750004 0.6208333328125 0.44713541718750005 0.621296296875 0.45677083281249997 0.628240740625 0.46640625 0.6268518515625 0.46979166718750004 0.6208333328125 0.4692708328125 0.603240740625 0.4770833328125 0.5930555562500001