0 0.64296875 0.8171875 0.015625 0.0296875
2 0.60234375 0.68359375 0.01484375 0.028125
2 0.53828125 0.4515625 0.021875 0.0375
2 0.45234375 0.3890625 0.015625 0.03046875
2 0.453125 0.15390625 0.0140625 0.03046875
2 0.5484375 0.14609375 0.01484375 0.02890625
2 0.7390625 0.13125 0.015625 0.02890625
2 0.24140625 0.28515625 0.0171875 0.02890625
2 0.3734375 0.60859375 0.01640625 0.03125
2 0.34921875 0.70859375 0.01640625 0.03359375
2 0.2109375 0.6921875 0.01796875 0.03046875
2 0.16640625 0.51953125 0.01796875 0.03125