2 0.18307291718750002 0.73055555625 0.175 0.7402777781250001 0.1739583328125 0.7486111109375 0.1783854171875 0.7601851859375001 0.1859375 0.7606481484375001 0.1916666671875 0.753240740625 0.1932291671875 0.741203703125 0.1893229171875 0.7324074078125 0.18307291718750002 0.73055555625
2 0.1815104171875 0.8518518515625001 0.1721354171875 0.8546296296874999 0.1682291671875 0.8643518515625 0.16875 0.8763888890624999 0.1721354171875 0.8824074078124999 0.1770833328125 0.883796296875 0.1825520828125 0.88055555625 0.18697916718750002 0.86898148125 0.1859375 0.8578703703125001 0.1815104171875 0.8518518515625001
2 0.1778645828125 0.9141906734375 0.1703125 0.92113511875 0.1677083328125 0.93317215625 0.1716145828125 0.94567215625 0.1770833328125 0.94613511875 0.18307291718750002 0.9419684515625001 0.1864583328125 0.9313203031249999 0.1854166671875 0.92113511875 0.1778645828125 0.9141906734375
2 0.5019946578125001 0.892897909375 0.49652590781250006 0.90262013125 0.49652590781250006 0.9155830937499999 0.500952990625 0.924379390625 0.5074634078125 0.924842353125 0.512671740625 0.9137312421875 0.512671740625 0.90262013125 0.5092863234375 0.8947497609375 0.5019946578125001 0.892897909375
2 0.782903003125 0.747222221875 0.7805592531250001 0.7523148140625 0.7816009203125 0.766203703125 0.7870696703125 0.7731481484375 0.793059253125 0.7726851859375 0.797746753125 0.7634259265625001 0.7961842531250001 0.7504629625 0.7901946703125 0.74444444375 0.782903003125 0.747222221875
2 0.8096354171875 0.7928761515625 0.8028645828125001 0.7956539296875 0.8 0.8025983734375 0.8015625 0.8155613374999999 0.8044270828125001 0.8206539296875001 0.8119791671875 0.82204281875 0.8153645828125 0.8197280031249999 0.8171875 0.8127835593749999 0.815625 0.79796874375 0.8096354171875 0.7928761515625
2 0.5252604171875 0.5981481484375 0.5203125 0.60694444375 0.5208333328125 0.6208333328125 0.5247395828125 0.6259259265625 0.5307291671875001 0.6254629625 0.5348958328125 0.6180555562500001 0.5354166671875 0.60694444375 0.5315104171875 0.5990740734375 0.5252604171875 0.5981481484375
2 0.767809328125 0.178703703125 0.76103849375 0.18148148125000002 0.7566114109375001 0.19583333281249998 0.76103849375 0.20740740781250003 0.7659864109375001 0.2078703703125 0.7714551609375 0.20370370312500002 0.7737989109375001 0.196759259375 0.7732780781249999 0.184722221875 0.767809328125 0.178703703125
2 0.6876008359375 0.125 0.6792675015625 0.12870370312499999 0.6758820859375 0.13935185156250002 0.67640291875 0.1476851859375 0.6792675015625 0.15370370312499998 0.6852570859375 0.1550925921875 0.69046541875 0.1495370375 0.6925487515625 0.141203703125 0.6915070859375 0.13101851874999998 0.6876008359375 0.125
2 0.49401041718750005 0.09657229687499999 0.4890625 0.1025908140625 0.48802083281249997 0.116479703125 0.49192708281249997 0.125276 0.4984375 0.1266648890625 0.5026041671875 0.1211093328125 0.503125 0.10536859218750001 0.5002604171875 0.0984241484375 0.49401041718750005 0.09657229687499999
0 0.19105358125 0.0604842140625 0.18558483125 0.0692805109375 0.1861056640625 0.0831694 0.1905327484375 0.091965696875 0.19808483125 0.092428659375 0.20381399843749998 0.0850212515625 0.20329316406250003 0.0702064375 0.19678274843750002 0.0604842140625 0.19105358125 0.0604842140625
1 0.5333333328125 0.35694444375 0.5380208328125 0.3375 0.5380208328125 0.32824074062499997 0.5354166671875 0.32083333281250004 0.5411458328125 0.29305555625 0.5356770828124999 0.2768518515625 0.5205729171875 0.26851851875 0.5138020828125 0.2611111109375 0.5072916671875001 0.28101851875 0.5002604171875 0.2888888890625 0.496875 0.2865740734375 0.4984375 0.2791666671875 0.49401041718750005 0.272222221875 0.4830729171875 0.26574074062499997 0.4799479171875 0.26574074062499997 0.47890625 0.272222221875 0.4796875 0.2578703703125 0.47473958281249995 0.2416666671875 0.46171875 0.2296296296875 0.45807291718750004 0.2296296296875 0.45494791718750005 0.23518518593749999 0.44817708281249996 0.22314814843750003 0.4419270828125 0.21944444375 0.43645833281249996 0.20972222187499998 0.43932291718750005 0.19537037031249999 0.43567708281249995 0.19351851874999998 0.43151041718750005 0.20833333281250002 0.4291666671875 0.1949074078125 0.4348958328125 0.1893518515625 0.41953125 0.1768518515625 0.4171875 0.17916666718750002 0.41875 0.18842592656249998 0.41588541718750005 0.1990740734375 0.40859375 0.1916666671875 0.40442708281249995 0.196296296875 0.3966145828125 0.19351851874999998 0.39296875 0.2 0.3841145828125 0.196296296875 0.38359375 0.1870370375 0.39375 0.18194444375000002 0.3888020828125 0.178703703125 0.3778645828125 0.1870370375 0.37265625 0.1870370375 0.35703125 0.17314814843749998 0.3479166671875 0.18194444375000002 0.3453125 0.19305555624999998 0.3453125 0.20416666718749998 0.3473958328125 0.20972222187499998 0.3765625 0.2375 0.3786458328125 0.24398148125 0.3723958328125 0.2523148140625 0.3731770828125 0.2611111109375 0.3768229171875 0.2648148140625 0.38203125 0.2638888890625 0.3825520828125 0.2731481484375 0.39296875 0.2740740734375 0.3953125 0.278240740625 0.39375 0.2875 0.396875 0.29398148125 0.3895833328125 0.30694444375 0.3924479171875 0.3083333328125 0.4018229171875 0.29722222187499997 0.41432291718750003 0.3166666671875 0.42213541718750003 0.3203703703125 0.42395833281249995 0.32824074062499997 0.41875 0.34027777812500004 0.41875 0.3476851859375 0.43046875 0.3648148140625 0.43828125 0.36851851875 0.44296875 0.3638888890625 0.446875 0.3495370375 0.4453125 0.34027777812500004 0.44713541718750005 0.3351851859375 0.45494791718750005 0.3379629625 0.45729166718750003 0.3421296296875 0.4557291671875 0.3495370375 0.4575520828125 0.352777778125 0.46692708281249995 0.3546296296875 0.47473958281249995 0.3518518515625 0.48411458281249997 0.34351851875 0.48619791718750005 0.3379629625 0.48802083281249997 0.3421296296875 0.4848958328125 0.3523148140625 0.484375 0.3643518515625 0.49010416718750005 0.378240740625 0.4986979171875 0.38240740781250004 0.51015625 0.397222221875 0.515625 0.3976851859375 0.5177083328125 0.3763888890625 0.5221354171875 0.36666666718749996 0.5283854171875 0.3648148140625 0.5333333328125 0.35694444375