0 0.7731770828125 0.7518518515625 0.7708333328125 0.7578703703125 0.7723958328125 0.7726851859375 0.77734375 0.7787037031249999 0.7822916671875 0.7791666671875 0.7875 0.7708333328125 0.7869791671875 0.7578703703125 0.7815104171875 0.75 0.7731770828125 0.7518518515625
1 0.225 0.4699074078125 0.21770833281250002 0.45416666718750004 0.22005208281250002 0.44629629687500005 0.22786458281250002 0.44259259218749997 0.23203125 0.447222221875 0.23567708281250002 0.44351851875000003 0.234375 0.45324074062499997 0.24296875 0.4601851859375 0.24713541718749998 0.4601851859375 0.25078125 0.45555555625000005 0.2643229171875 0.4546296296875 0.2666666671875 0.45324074062499997 0.2684895828125 0.4388888890625 0.2825520828125 0.42314814843750004 0.28681088906249996 0.45844553125000004 0.29603795312500003 0.467072353125 0.31065993125 0.45168149218750003 0.3147644921875 0.44288499843749995 0.30629577812500003 0.424976746875 0.3048183890625 0.42026790312499995 0.30234375 0.41851851875 0.3174479171875 0.40833333281249995 0.3260416671875 0.38935185156249996 0.3317708328125 0.3828703703125 0.3322916671875 0.3763888890625 0.328125 0.3708333328125 0.32864583281250004 0.3625 0.33359375 0.36666666718749996 0.3408854171875 0.3490740734375 0.3518229171875 0.34722222187499996 0.3541666671875 0.34120370312500004 0.35104166718749996 0.3328703703125 0.35104166718749996 0.321759259375 0.3653645828125 0.30555555624999997 0.3739583328125 0.3013888890625 0.3786458328125 0.2875 0.3770833328125 0.26898148125 0.36953125 0.25555555625 0.3658854171875 0.25555555625 0.3372395828125 0.2796296296875 0.33359375 0.28611111093749997 0.3283854171875 0.284259259375 0.32473958281250004 0.290740740625 0.31328125 0.2916666671875 0.3075520828125 0.2953703703125 0.3059895828125 0.3009259265625 0.28671875 0.29907407343750003 0.27786458281250004 0.3120370375 0.2658854171875 0.31944444375000003 0.26328125 0.32777777812500003 0.25859375 0.325 0.24713541718749998 0.3379629625 0.24322916718749998 0.3449074078125 0.2416666671875 0.3625 0.2325520828125 0.3759259265625 0.22369791718749998 0.384259259375 0.21640625 0.377777778125 0.20807291718749998 0.38333333281250004 0.20625 0.38935185156249996 0.2078125 0.3976851859375 0.19973958281249998 0.40648148125 0.19609375 0.4074074078125 0.18411458281249998 0.38333333281250004 0.1768229171875 0.375 0.1716145828125 0.38703703749999996 0.15703125 0.3981481484375 0.1546875 0.40231481406249997 0.1546875 0.408796296875 0.15677083281249998 0.42268518593750004 0.1625 0.4384259265625 0.1598958328125 0.446759259375 0.1604166671875 0.45324074062499997 0.1682291671875 0.47453703750000004 0.17630208281249998 0.4861111109375 0.1856770828125 0.48425925937500003 0.20026041718749998 0.5101851859375001 0.2052083328125 0.5125 0.21588541718749998 0.49629629687500004 0.22369791718749998 0.5 0.2260416671875 0.496759259375 0.225 0.4699074078125
2 0.1669270828125 0.047222221875 0.1625 0.053240740625000005 0.1625 0.06805555625000001 0.1658854171875 0.0759259265625 0.1739583328125 0.078240740625 0.1796875 0.071759259375 0.1796875 0.057870370312499995 0.1747395828125 0.048148148437499996 0.1669270828125 0.047222221875
2 0.2377604171875 0.048148148437499996 0.2328125 0.05601851875 0.23333333281250002 0.0699074078125 0.2388020828125 0.078703703125 0.24479166718749998 0.0791666671875 0.25 0.07083333281250001 0.2494791671875 0.05694444375 0.24453125 0.0490740734375 0.2377604171875 0.048148148437499996
2 0.26640625 0.10555555624999999 0.2614583328125 0.115277778125 0.2625 0.128240740625 0.2669270828125 0.1351851859375 0.2723958328125 0.1365740734375 0.2786458328125 0.1300925921875 0.2786458328125 0.115277778125 0.2736979171875 0.10648148125000001 0.26640625 0.10555555624999999
2 0.3106770828125 0.0546296296875 0.3067708328125 0.06064814843750001 0.3067708328125 0.0754629625 0.3111979171875 0.08425925937499999 0.3182291671875 0.0856481484375 0.3234375 0.0773148140625 0.3229166671875 0.0634259265625 0.3174479171875 0.0546296296875 0.3106770828125 0.0546296296875
2 0.44713541718750005 0.352777778125 0.44322916718750005 0.358796296875 0.44322916718750005 0.371759259375 0.44713541718750005 0.3796296296875 0.4526041671875 0.38009259218749997 0.4583333328125 0.36990740781250003 0.4578125 0.36064814843750004 0.4518229171875 0.3518518515625 0.44713541718750005 0.352777778125
2 0.50234375 0.3490740734375 0.49791666718750005 0.35694444375 0.49791666718750005 0.36898148124999997 0.5018229171875 0.3759259265625 0.5078125 0.3763888890625 0.5125 0.36990740781250003 0.5125 0.35601851875 0.50859375 0.3490740734375 0.50234375 0.3490740734375
2 0.2221354171875 0.75648148125 0.2153645828125 0.75648148125 0.2088541671875 0.7671296296875 0.209375 0.7800925921874999 0.2166666671875 0.7875 0.2231770828125 0.784259259375 0.2270833328125 0.7754629625 0.2270833328125 0.765277778125 0.2221354171875 0.75648148125
2 0.1768229171875 0.8361111109375001 0.16848958281249998 0.8388888890624999 0.16354166718750002 0.8513888890624999 0.1651041671875 0.8643518515625 0.1734375 0.86898148125 0.17890625 0.865740740625 0.1833333328125 0.8513888890624999 0.18125 0.840277778125 0.1768229171875 0.8361111109375001
2 0.1653645828125 0.8953703703125001 0.15703125 0.8981481484374999 0.1526041671875 0.9106481484375 0.1536458328125 0.9226851859374999 0.1575520828125 0.9277777781250001 0.1625 0.928240740625 0.16796875 0.9240740734375 0.17135416718750002 0.915277778125 0.1708333328125 0.9023148140625 0.1653645828125 0.8953703703125001
2 0.5950520828125 0.42592592656250006 0.5901041671875 0.43379629687500004 0.5901041671875 0.44490740781250004 0.5924479171875 0.4509259265625 0.5994791671875 0.45324074062499997 0.6041666671875 0.44768518593750006 0.6052083328125 0.4365740734375 0.6013020828125 0.4268518515625 0.5950520828125 0.42592592656250006
2 0.55 0.5328703703125 0.5489583328125 0.5458333328125 0.5533854171875 0.5546296296875 0.5583333328125 0.5550925921875 0.5640625 0.5476851859375 0.5645833328125 0.5365740734375 0.55703125 0.5259259265625 0.55 0.5328703703125