4 0.7625 0.559375 0.04921875 0.021875
4 0.48671875 0.47265625 0.0421875 0.0203125
4 0.37421875 0.375 0.03984375 0.01796875
9 0.9421875 0.4640625 0.046875 0.0203125
9 0.76015625 0.46015625 0.0453125 0.01953125
9 0.5421875 0.44140625 0.0453125 0.0203125
9 0.421875 0.46953125 0.04453125 0.0203125
9 0.20703125 0.4703125 0.04765625 0.0203125
9 0.0703125 0.51796875 0.04609375 0.0203125
9 0.04375 0.55078125 0.04921875 0.021875
9 0.20234375 0.53515625 0.04453125 0.021875
9 0.33828125 0.5453125 0.04609375 0.02109375
9 0.49609375 0.57578125 0.04921875 0.021875
9 0.4828125 0.68984375 0.0515625 0.025
9 0.8453125 0.7453125 0.0546875 0.0265625