9 0.3296875 0.74140625 0.0546875 0.02734375
9 0.6828125 0.690625 0.05390625 0.025
9 0.6953125 0.603125 0.05078125 0.02265625
9 0.0390625 0.58984375 0.046875 0.0234375
9 0.196875 0.47890625 0.04375 0.01953125
9 0.74921875 0.51328125 0.0453125 0.02109375
9 0.6671875 0.46796875 0.04453125 0.01953125
9 0.49296875 0.4390625 0.04140625 0.01796875
9 0.41484375 0.4875 0.040625 0.01953125
9 0.5203125 0.3984375 0.0390625 0.0171875
9 0.66796875 0.39765625 0.040625 0.0171875
9 0.5640625 0.36171875 0.04140625 0.01875
9 0.49921875 0.35859375 0.03828125 0.01796875
4 0.42578125 0.58671875 0.046875 0.021875
4 0.659375 0.48984375 0.04609375 0.02109375
4 0.93203125 0.45234375 0.04609375 0.02109375