4 0.22109375 0.16640625 0.0765625 0.078125
4 0.54453125 0.2125 0.06796875 0.06875
4 0.79921875 0.27890625 0.0625 0.06328125
4 0.7765625 0.44765625 0.059375 0.0578125
4 0.39375 0.5015625 0.0671875 0.06640625
4 0.18984375 0.42265625 0.07734375 0.07265625
4 0.1984375 0.64453125 0.0703125 0.0703125
4 0.19375 0.878125 0.06640625 0.07109375
4 0.39296875 0.86171875 0.0703125 0.06953125
4 0.55234375 0.80625 0.0625 0.06015625
4 0.69921875 0.7609375 0.0578125 0.059375
4 0.75078125 0.61015625 0.05703125 0.06015625