6 0.3171875 0.32109375 0.1359375 0.128125
6 0.48828125 0.33125 0.12890625 0.13046875
6 0.68671875 0.3359375 0.1265625 0.12734375
6 0.8671875 0.34296875 0.13203125 0.128125
6 0.9640625 0.54765625 0.07109375 0.12421875
6 0.0546875 0.5140625 0.1078125 0.125
6 0.2421875 0.5078125 0.12890625 0.12734375
6 0.61875 0.7078125 0.12890625 0.13203125
6 0.42109375 0.70078125 0.128125 0.13046875
6 0.4203125 0.5171875 0.128125 0.128125
6 0.621875 0.52421875 0.13046875 0.128125
6 0.7546875 0.48828125 0.0203125 0.021875