2 0.44375 0.56640625 0.0859375 0.0859375
2 0.575 0.27265625 0.071875 0.0765625
5 0.58359375 0.61640625 0.09296875 0.08984375
5 0.44375 0.4609375 0.0859375 0.0859375
5 0.4765625 0.38984375 0.078125 0.0859375
5 0.61328125 0.33046875 0.07421875 0.075
5 0.69140625 0.44296875 0.084375 0.08125
5 0.84453125 0.47734375 0.08515625 0.0796875
4 0.75546875 0.53828125 0.08671875 0.0859375
4 0.63203125 0.5078125 0.0890625 0.0875
4 0.32890625 0.48125 0.08984375 0.08984375
4 0.34296875 0.334375 0.0796875 0.08125
6 0.62578125 0.39765625 0.07890625 0.078125
6 0.72421875 0.38203125 0.08125 0.0765625
9 0.54921875 0.4234375 0.07890625 0.078125
9 0.5171875 0.51015625 0.08671875 0.08515625
9 0.6859375 0.628125 0.0859375 0.090625
9 0.3171875 0.4015625 0.08984375 0.0828125