9 0.9171875 0.45234375 0.16484375 0.15625
9 0.60546875 0.5875 0.19921875 0.196875
9 0.4328125 0.4265625 0.16875 0.16796875
9 0.153125 0.475 0.1984375 0.18359375
9 0.021875 0.29375 0.04375 0.1484375
9 0.04375 0.1546875 0.08671875 0.14921875
9 0.178125 0.2703125 0.15546875 0.14921875
9 0.321875 0.26171875 0.14375 0.14453125
9 0.5796875 0.28984375 0.140625 0.140625
9 0.8296875 0.3 0.1421875 0.1359375
9 0.365625 0.14140625 0.12578125 0.12421875
9 0.265625 0.06875 0.1234375 0.115625
10 0.54609375 0.096875 0.12109375 0.1203125
10 0.6390625 0.14765625 0.125 0.1203125
10 0.6859375 0.23515625 0.1390625 0.1328125
10 0.8984375 0.68203125 0.203125 0.215625
10 0.95234375 0.1078125 0.09453125 0.1125
10 0.8578125 0.05546875 0.11015625 0.11015625