3 0.48828125 0.3234375 0.08125 0.11953125
9 0.184375 0.12265625 0.01875 0.028125
9 0.41015625 0.17890625 0.02265625 0.0328125
9 0.4453125 0.15625 0.02421875 0.03046875
9 0.528125 0.128125 0.0234375 0.03359375
9 0.784375 0.1125 0.01953125 0.03125
9 0.52890625 0.2765625 0.01875 0.03046875
9 0.48515625 0.36015625 0.02109375 0.03203125
9 0.28125 0.51171875 0.02109375 0.0390625
9 0.33203125 0.54296875 0.01953125 0.03359375
9 0.32109375 0.7828125 0.0265625 0.04140625
7 0.3328274515625 0.5617080765625 0.33193049375 0.5751974921875 0.3319293625 0.5856618734375 0.346971353125 0.59212288125 0.3549053328125 0.5937013984374999 0.379319071875 0.5965937859375 0.3926372234375 0.5976194359375 0.42725287500000003 0.5981301609375 0.4373925703125 0.595022453125 0.453755265625 0.5971104859375 0.4746275671875 0.60363398125 0.49380929062499995 0.6057101453125 0.5061207390625 0.6035417828125 0.520828059375 0.5964692125 0.5256112984375 0.5888199578125 0.527043740625 0.575481596875 0.526742440625 0.56052725625 0.5253446609375 0.5392585234375 0.5239270734375 0.529563378125 0.5222284234375 0.513382846875 0.5196474 0.4978317984375 0.518156075 0.488072875 0.5201425703125 0.4733952921875 0.5285688671875 0.46518234999999997 0.5514969875 0.445244521875 0.566998946875 0.4185434984375 0.581696903125 0.3807567625 0.5960288609375 0.3447488453125 0.6148304875 0.3059700453125 0.6265328765625 0.2794714625 0.6360496234374999 0.2483451078125 0.641423409375 0.218552928125 0.6417337515625 0.1823566578125 0.639126678125 0.1604562984375 0.62033075625 0.1475301265625 0.6093953453125 0.1632300484375 0.5657799671875 0.2621875734375 0.54822509375 0.31083323906250004 0.5438920281249999 0.32298609843750004 0.523802203125 0.3484765109375 0.51077889375 0.3779367109375 0.4854882734375 0.42190656718749997 0.46904312031249995 0.4395693828125 0.45509104218749996 0.46141496249999997 0.44750675156249997 0.47328726874999993 0.4441624125 0.47803323750000004 0.423106359375 0.49737064374999995 0.412413796875 0.5074883515625 0.393703346875 0.51828455 0.380218021875 0.52146281875 0.3654195265625 0.524424396875 0.3530881640625 0.5302233828125 0.353703575 0.5281872625 0.3341278671875 0.5547591921875 0.3328274515625 0.5617080765625
9 0.471875 0.79453125 0.02890625 0.04375
3 0.8697208359375 0.31702766250000003 0.880342675 0.3902079265625 0.8626510906249999 0.4058715171875 0.9329761859374999 0.7907968359375 0.0360341015625 0.795482171875 0.112466909375 0.46351841406250005 0.0984951875 0.44454875312500003 0.08753151875000001 0.4335255296875 0.0084329171875 0.829125621875 0.048043171875 0.83857178125 0.23303475625 0.8362907125 0.78403415 0.8395652171875 0.9422914203125 0.837906771875 0.9604540625 0.836316709375 0.975884978125 0.80643604375 0.9634988234374999 0.7661756890625 0.8290183531249999 0.013623556249999998 0.1597070984375 0.071602796875 0.07934925625 0.423821746875 0.1076372203125 0.35430036249999997 0.1305114640625 0.3664021171875 0.17774352499999999 0.131074571875 0.8059157375 0.069692540625 0.8531410171875 0.34023741093750004 0.8697208359375 0.31702766250000003
0 0.10901481718749999 0.35143405156249996 0.08988379375 0.43493773437499994 0.1093846734375 0.4576043875 0.132848884375 0.36986392343749996 0.10901481718749999 0.35143405156249996
8 0.8605967796874999 0.40308440624999997 0.88064774375 0.38980255937499997 0.8707321671875 0.318878415625 0.85036181875 0.3411049015625 0.85323413125 0.34142154062499996 0.85323413125 0.34196944375 0.8605967796874999 0.40308440624999997