9 0.78828125 0.08828125 0.0265625 0.034375
9 0.53359375 0.125 0.02265625 0.03203125
9 0.4125 0.171875 0.02421875 0.02890625
9 0.1859375 0.12265625 0.025 0.0328125
9 0.5296875 0.2765625 0.02265625 0.034375
9 0.48046875 0.36484375 0.02421875 0.034375
9 0.33203125 0.51875 0.0265625 0.0359375
9 0.05703125 0.784375 0.0265625 0.03984375
9 0.321875 0.78046875 0.0265625 0.0390625
9 0.4703125 0.78984375 0.02734375 0.03515625
9 0.89296875 0.746875 0.0265625 0.04140625
3 0.29140625 0.32890625 0.09453125 0.12578125
3 0.168228553125 0.0690515109375 0.1406699953125 0.1560974125 0.1562263171875 0.220135521875 0.1790020125 0.15304492812499998 0.1908717359375 0.12862916875 0.811008353125 0.07104258125 0.854151596875 0.337550653125 0.8695611968750001 0.3289107875 0.8826462953125 0.39563666406250003 0.8638005328125 0.401778609375 0.9261570406249999 0.780271984375 0.0300134734375 0.78625504375 0.0071812109375 0.7940755375 0.0067953546875000005 0.8188249687500001 0.013590817187500001 0.83304220625 0.03776660625 0.8297296765625 0.0356882359375 0.826623503125 0.036155203125 0.825396825 0.9870389093749999 0.820883453125 0.8816028843750001 0.285112734375 0.8254743296875 0.014438628125 0.168228553125 0.0690515109375
8 0.86612460625 0.3239394890625 0.858024690625 0.3505291015625 0.8594987921874999 0.40974910624999994 0.8795673031250001 0.395727571875 0.86612460625 0.3239394890625