7 0.5564541828125 0.255340171875 0.56541429375 0.2606635515625 0.5757253609374999 0.26793836249999997 0.5849027015625 0.27633683124999997 0.5797801625 0.2869991328125 0.580852959375 0.3034495609375 0.5973948859375 0.3186785984375 0.61087698125 0.33352717656249997 0.624909146875 0.3352895265625 0.6272198703125 0.351112971875 0.6269821890625 0.368331021875 0.6298323265625 0.38563020937500003 0.64585055625 0.3924371625 0.6563113578124999 0.383594896875 0.66212143125 0.3731171140625 0.664265628125 0.36038280624999997 0.6763478968750001 0.3684035203125 0.6836314265625 0.3624233671875 0.694874596875 0.3476236328125 0.69706508125 0.3209507453125 0.7050675765625 0.31989159218749996 0.7106592359375 0.30962678593750004 0.7107889484375 0.28443496874999996 0.7012544390625 0.278103540625 0.69152336875 0.26717873281250004 0.720986340625 0.25133954375 0.7550025140625001 0.2375715953125 0.77863506875 0.21949106093749998 0.802833946875 0.19454689687499999 0.8294845656250001 0.1793028015625 0.848011696875 0.1564722625 0.8734121171875 0.125125178125 0.8989248125 0.099110275 0.910289946875 0.08226271562500001 0.9152762062500001 0.06541798125 0.9117351984375001 0.0544568421875 0.8982649437499999 0.0369310328125 0.8883333296875 0.02595951875 0.87936126875 0.03492526875 0.8090895671875 0.1250311640625 0.7487933984375 0.18291788281250002 0.6733178843750001 0.22524976093750002 0.6751039421875 0.21297539687499997 0.662590875 0.21435106875 0.65016209375 0.23217111406250002 0.6379924140625 0.23622535 0.6263610734375 0.2233192 0.61347695 0.2341208484375 0.6011046828125 0.23428812968749999 0.5911795265625 0.2161761484375 0.5850711671875 0.224127471875 0.5758133062499999 0.22464021562499997 0.5574625 0.21367245625 0.5509365828125 0.23031503125000002 0.5514035500000001 0.23516401718750002 0.55051665625 0.248695978125 0.5564541828125 0.255340171875
9 0.1859375 0.1203125 0.0171875 0.02890625
9 0.409375 0.171875 0.02109375 0.03203125
9 0.2828125 0.51171875 0.025 0.0375
9 0.54296875 0.25703125 0.021875 0.03046875
9 0.56640625 0.32890625 0.01953125 0.0421875
9 0.640625 0.50859375 0.0234375 0.03515625
9 0.63125 0.67578125 0.02578125 0.04140625
9 0.77734375 0.753125 0.02890625 0.04140625
9 0.5640625 0.771875 0.02734375 0.0390625
9 0.47109375 0.79296875 0.028125 0.04375
9 0.321875 0.78046875 0.02578125 0.0375
3 0.46234567968749996 0.28148148125 0.45432098749999994 0.28148148125 0.449382715625 0.28796296250000003 0.4481481484375 0.29444444375 0.450617284375 0.30555555624999997 0.46666666718750005 0.315740740625 0.46851851875 0.321296296875 0.46790123437500003 0.33148148125 0.45555555625000005 0.35648148125 0.45617283906250006 0.36944444375 0.46296296249999996 0.377777778125 0.47283950625 0.38055555625 0.4796296296875 0.3768518515625 0.4956790125 0.352777778125 0.5061728390625 0.353703703125 0.519135803125 0.365740740625 0.526543209375 0.3638888890625 0.5333333328125 0.35648148125 0.5339506171874999 0.3416666671875 0.530864196875 0.334259259375 0.5253086421875001 0.3240740734375 0.5154320984375 0.3166666671875 0.5240740734375 0.29444444375 0.5246913578125 0.27777777812500004 0.5104938265625 0.26851851875 0.5049382718750001 0.26851851875 0.491975309375 0.284259259375 0.4839506171875 0.2888888890625 0.46234567968749996 0.28148148125
3 0.114017709375 0.45404948906250003 0.0983017484375 0.444274821875 0.1180955453125 0.35003306875 0.136465675 0.3585719765625 0.17380595000000001 0.1304655125 0.173809825 0.10666353749999999 0.156966490625 0.0912698421875 0.0112086171875 0.79823618125 0.0355998046875 0.8052895359375001 0.0486384 0.8023173015625 0.114017709375 0.45404948906250003
0 0.1357081171875 0.365146696875 0.1179628734375 0.35096143281250003 0.0966835625 0.44267910781250003 0.1134266265625 0.4557856 0.1357081171875 0.365146696875
8 0.867659096875 0.3407194359375 0.859788359375 0.353174603125 0.8647051875 0.404666153125 0.8783438 0.3902218125 0.867659096875 0.3407194359375
3 0.81390165625 0.0773416359375 0.9347442671874999 0.802910053125 0.9622456125 0.8112434515625001 0.8239275671874999 0.045398732812499995 0.81390165625 0.0773416359375
3 0.813732975 0.0821886828125 0.8268310968750001 0.0313250828125 0.1631393296875 0.08068783125 0.1596842234375 0.0840154578125 0.17563905 0.120192028125 0.813732975 0.0821886828125
3 0.6293412468749999 0.83705898125 0.9400438859375001 0.83322014375 0.946685521875 0.8039387687499999 0.677044796875 0.8094741578125 0.377322565625 0.8093958453125 0.0211640203125 0.796296296875 0.0279885484375 0.8253445906250001 0.3676662 0.8341065265625 0.6293412468749999 0.83705898125