3 0.8636597328125 0.40229062656250003 0.922392884375 0.774000621875 0.37504478125 0.8082490953124999 0.043759515625 0.7865093578125 0.1150282875 0.45469923906250004 0.094920646875 0.44755885156249997 0.11440012031249999 0.35432321093749997 0.1422613234375 0.3672851890625 0.1815171015625 0.120102896875 0.725774209375 0.0723880984375 0.7687117421874999 0.0240912875 0.1512651390625 0.06709620625 0.0060036734375 0.7965120984375 0.015636034375 0.8325995390625 0.9772359328125001 0.8288375609375 0.83902909375 0.1152461109375 0.8374617640625001 0.11592707656250001 0.814950771875 0.1385056828125 0.8546226546875 0.3422500375 0.8675959078125001 0.3274006109375 0.8834664484375001 0.3724223140625 0.8636597328125 0.40229062656250003
9 0.18515625 0.121875 0.01875 0.0296875
9 0.534375 0.1234375 0.021875 0.03515625
9 0.4109375 0.16875 0.02265625 0.03125
9 0.5296875 0.2734375 0.02578125 0.0359375
9 0.47890625 0.36640625 0.0265625 0.0359375
9 0.33203125 0.5171875 0.0234375 0.034375
9 0.05390625 0.78125 0.02109375 0.0390625
9 0.321875 0.7796875 0.0265625 0.0390625
9 0.4703125 0.7890625 0.02890625 0.03359375
3 0.29296875 0.32734375 0.09296875 0.12265625
0 0.0958909671875 0.4441101234375 0.12011869374999999 0.45536473125 0.1416898328125 0.370485659375 0.11084684062500001 0.3488925359375 0.0958909671875 0.4441101234375
8 0.866745721875 0.330666678125 0.8527336859375 0.3492063484375 0.8629439953125001 0.4015812953125 0.8805191062500001 0.3803210390625 0.866745721875 0.330666678125
7 0.3569360703125 0.510882746875 0.3314090578125 0.55003268125 0.34060965 0.5848378171874999 0.3821035453125 0.5848275640625 0.400510865625 0.5918626734375 0.4248096390625 0.6055267171875001 0.46012477343749997 0.5990720078125 0.48703460468750004 0.6053473265625 0.5085779687499999 0.61082401875 0.524347321875 0.56963836875 0.5273354609375 0.50855896875 0.53657286875 0.45472676874999995 0.5699413375 0.3928605328125 0.6141271296874999 0.2970533015625 0.6446198421875 0.1912464765625 0.642278546875 0.1627906921875 0.61945010625 0.1538308765625 0.6040564374999999 0.1640211640625 0.5696132328125 0.2802723078125 0.5093167421875 0.39841400625 0.41498739218749997 0.48227518125 0.3569360703125 0.510882746875