3 0.45416666718750004 0.2822916671875 0.4486111109375 0.28958333281250004 0.45 0.30520833281250004 0.465972221875 0.315625 0.46875 0.3229166671875 0.46805555625000006 0.3322916671875 0.45694444375 0.353125 0.45555555625000005 0.3614583328125 0.45625 0.3697916671875 0.46180555625 0.378125 0.47222222187499996 0.38125 0.48055555625 0.3760416671875 0.49375 0.353125 0.50625 0.3541666671875 0.51875 0.36666666718749996 0.5270833328125 0.3645833328125 0.5333333328125 0.3572916671875 0.5333333328125 0.340625 0.5291666671875 0.33125 0.5145833328125 0.3166666671875 0.5229166671875001 0.2947916671875 0.525 0.278125 0.5048611109375 0.26875 0.48472222187499997 0.290625 0.46319444374999996 0.2822916671875 0.45416666718750004 0.2822916671875
7 0.61904761875 0.315476190625 0.6210317453124999 0.33928571406249997 0.6359126984375 0.3511904765625 0.6319444437499999 0.377976190625 0.652777778125 0.3928571421875 0.6666666671875 0.3586309515625 0.6765873015625 0.3616071421875 0.7073412703125 0.2991071421875 0.6855158734375 0.2678571421875 0.7113095234375 0.25595238125 0.81845238125 0.18154761875 0.9126984125 0.0639880953125 0.8859126984374999 0.028273809374999997 0.7678571437499999 0.1666666671875 0.6795634921875 0.2232142859375 0.6130952375 0.2366071421875 0.5585317453124999 0.2142857140625 0.549603175 0.24255952343749998 0.58829365 0.2797619046875 0.5803571437499999 0.30654761875 0.61904761875 0.315476190625
9 0.2770833328125 0.5375 0.2916666671875 0.534375 0.29722222187499997 0.5208333328125 0.2958333328125 0.5072916671875001 0.2888888890625 0.5 0.27638888906250003 0.49791666718750005 0.26805555625 0.5052083328125 0.2673611109375 0.5239583328124999 0.2770833328125 0.5375
9 0.40208333281249997 0.19479166718750002 0.4173611109375 0.190625 0.42152777812500003 0.1822916671875 0.41875 0.165625 0.4125 0.1604166671875 0.40277777812500004 0.159375 0.3951388890625 0.171875 0.3958333328125 0.1895833328125 0.40208333281249997 0.19479166718750002
9 0.54296875 0.25703125 0.01796875 0.02890625
9 0.56640625 0.33125 0.0203125 0.028125
9 0.64375 0.509375 0.025 0.02890625
9 0.6296875 0.675 0.02578125 0.03359375
9 0.7796875 0.75546875 0.02578125 0.034375
9 0.56484375 0.77421875 0.02578125 0.0375
9 0.46953125 0.79296875 0.02109375 0.03359375
9 0.32421875 0.7828125 0.02421875 0.03515625
9 0.1859375 0.1234375 0.01796875 0.0296875
3 0.09920635 0.4375 0.11805555625 0.3630952390625 0.13095238125 0.3675595234375 0.18055555625 0.1324404765625 0.16468253906250002 0.0892857140625 0.01884920625 0.7946428578125 0.04464285625 0.80654761875 0.116071428125 0.4583333328125 0.09920635 0.4375
3 0.8204365078125001 0.034226190625 0.165674603125 0.084821428125 0.17361111093749998 0.12053571406250001 0.8134920625 0.07291666718749999 0.8204365078125001 0.034226190625
3 0.8670634921874999 0.340773809375 0.8759920625 0.3824404765625 0.86904761875 0.403273809375 0.9325396828124999 0.8020833328125001 0.9523809515625 0.8035714281249999 0.8214285718750001 0.0416666671875 0.8144841265625 0.06994047656249999 0.85714285625 0.35267857187499996 0.8670634921874999 0.340773809375
3 0.9414682546875 0.8363095234375001 0.9523809515625 0.8020833328125001 0.0248015875 0.8005952390625 0.0248015875 0.8214285718750001 0.9414682546875 0.8363095234375001
0 0.10218253906250001 0.4389880953125 0.116071428125 0.4613095234375 0.134920634375 0.3645833328125 0.11805555625 0.3645833328125 0.10218253906250001 0.4389880953125
8 0.8700396828124999 0.40625 0.8759920625 0.3883928578125 0.8670634921874999 0.3452380953125 0.85615079375 0.3511904765625 0.8700396828124999 0.40625