9 0.228125 0.13828125 0.02578125 0.03359375
9 0.2046875 0.7390625 0.0265625 0.03359375
9 0.228125 0.8078125 0.0265625 0.0359375
9 0.2234375 0.3140625 0.02734375 0.034375
9 0.840625 0.790625 0.0265625 0.03515625
9 0.52578125 0.709375 0.0234375 0.03359375
9 0.31015625 0.51484375 0.02578125 0.0328125
9 0.83125 0.0890625 0.025 0.034375
9 0.8046875 0.5921875 0.02109375 0.03203125
9 0.8234375 0.584375 0.02109375 0.0359375
3 0.1604166671875 0.2791666671875 0.1625 0.3166666671875 0.1604166671875 0.40625 0.1625 0.4125 0.17569444375 0.40520833281249996 0.18055555625 0.3916666671875 0.18402777812499999 0.1708333328125 0.18402777812499999 0.12395833281249999 0.17916666718750002 0.0760416671875 0.1708333328125 0.0625 0.165277778125 0.060416667187499995 0.1576388890625 0.075 0.165277778125 0.115625 0.1604166671875 0.2791666671875
3 0.14861111093749999 0.740625 0.14930555625 0.825 0.14375 0.834375 0.14375 0.8385416671874999 0.15 0.8447916671875 0.290972221875 0.853125 0.6375 0.8552083328125001 0.7625 0.8510416671875 0.8673611109375001 0.8552083328125001 0.8833333328125 0.859375 0.8861111109375001 0.8635416671874999 0.903472221875 0.85 0.8916666671875 0.8375 0.88680555625 0.8197916671875 0.884027778125 0.8197916671875 0.875 0.834375 0.86319444375 0.8395833328125001 0.83194444375 0.8375 0.753472221875 0.84375 0.5951388890625 0.8375 0.4145833328125 0.8385416671874999 0.17916666718750002 0.828125 0.171527778125 0.8208333328125 0.16944444375 0.8125 0.172222221875 0.7791666671875 0.1763888890625 0.5041666671875 0.16388888906250001 0.49791666718750005 0.159027778125 0.5041666671875 0.15555555625 0.55 0.14861111093749999 0.740625
0 0.1782252828125 0.40804209374999995 0.1705003484375 0.401420721875 0.16553431875 0.4974306265625 0.17601815781250002 0.5048796703125 0.1782252828125 0.40804209374999995
3 0.15649545781250002 0.4050615890625 0.15402707499999999 0.5042905703125 0.164887959375 0.5035500546875 0.16834369531249999 0.4087641625 0.15649545781250002 0.4050615890625
3 0.8657580953125 0.41428534843750003 0.8652387453125 0.4657010953125 0.8553710765625 0.46803817499999995 0.869393553125 0.8320002828125 0.89120629375 0.8444647046875 0.8886095390625 0.8405695734374999 0.8605645859375001 0.0497009546875 0.8444647062499999 0.07540882812500001 0.854332375 0.4174014546875 0.8657580953125 0.41428534843750003
8 0.854332375 0.4689739421875 0.8652387453125 0.4658578359375 0.8657580953125 0.4144420875 0.852774321875 0.4144420875 0.854332375 0.4689739421875
3 0.482557284375 0.0598272546875 0.17135707656250002 0.0723835921875 0.18612923750000002 0.10414374062500001 0.48501931249999997 0.0945418359375 0.482557284375 0.0598272546875
3 0.8449676531250001 0.07459941718749999 0.8572777890625 0.0531797828125 0.726790359375 0.05022535 0.7223587109375 0.08124688906250001 0.8449676531250001 0.07459941718749999
3 0.5329767875 0.4594186890625 0.5315165765625001 0.408493853125 0.517644578125 0.408493853125 0.519469840625 0.45996626875 0.48478984531249997 0.462156584375 0.48588500312500005 0.4829645828125 0.5212951046875001 0.48077426718750005 0.5223902625 0.5327942609375 0.536992365625 0.5311515234375 0.5358972078125 0.5273184718749999 0.5344369984374999 0.47967910781249995 0.5683868890625 0.4774887921875 0.56911699375 0.45777595312499997 0.5329767875 0.4594186890625
3 0.726742909375 0.050204978125 0.48269029999999996 0.0606236046875 0.48475401875 0.0921367546875 0.7224044625 0.0820152921875 0.726742909375 0.050204978125