9 0.6453125 0.5078125 0.025 0.0359375
9 0.63125 0.6765625 0.0296875 0.03984375
9 0.778125 0.7515625 0.028125 0.04296875
9 0.5640625 0.7734375 0.021875 0.03515625
9 0.471875 0.7921875 0.02578125 0.0375
9 0.32421875 0.78125 0.02578125 0.0296875
9 0.2828125 0.51328125 0.021875 0.0296875
9 0.409375 0.171875 0.0203125 0.03359375
9 0.18671875 0.125 0.02265625 0.0296875
3 0.10019841249999999 0.440476190625 0.12003968281249999 0.3601190484375 0.1299603171875 0.3675595234375 0.1855158734375 0.1354166671875 0.1636904765625 0.08184523906249999 0.0168650796875 0.7976190484375 0.0476190484375 0.8035714281249999 0.1140873015625 0.4583333328125 0.10019841249999999 0.440476190625
0 0.1004826875 0.4411750609375 0.1138516296875 0.45928782031250004 0.12980810625 0.3667833734375 0.11988921562499999 0.3590207609375 0.1004826875 0.4411750609375
3 0.821629084375 0.03484395625 0.16604650625 0.08646463125 0.1772309859375 0.12388962031249999 0.8147463265624999 0.0774310140625 0.821629084375 0.03484395625
7 0.5844893140625 0.28832191093750004 0.5792589859375 0.2971480921875 0.5988727203125 0.31676182656249996 0.61194854375 0.3128390796875 0.6224092031249999 0.339317621875 0.6328698625 0.339317621875 0.62960090625 0.3667768515625 0.636792609375 0.38442921406249997 0.6498684328125 0.3912940203125 0.6537911796875 0.3873712734375 0.6577139265625 0.3795257796875 0.6629442562500001 0.3706995984375 0.6668670031249999 0.356969984375 0.6792890359375 0.3628541046875 0.6936724421875 0.3432403703125 0.6975951890625 0.33147212812500004 0.6943262328124999 0.3138197671875 0.7015179359375 0.3040128984375 0.7047868921875 0.2951867171875 0.7021717265625 0.2785150421875 0.6969413984374999 0.2706695484375 0.692364859375 0.2677274890625 0.68059661875 0.268708175 0.7466295265625 0.2373261984375 0.8061245250000001 0.1922146078125 0.8355451281249999 0.1627940046875 0.8715036421875 0.1176824125 0.9120386953124999 0.0676673875 0.8924249609375 0.027459229687499996 0.817892765625 0.12258584531250001 0.759051559375 0.17652361875 0.69301865 0.2206545234375 0.6387539828125 0.2334034515625 0.5929886 0.231442078125 0.563567996875 0.21378971562500002 0.552453546875 0.2216352109375 0.5504921734375 0.24321031875000002 0.5759900296875 0.2677274890625 0.5844893140625 0.28832191093750004
3 0.8394678750000001 0.097087990625 0.8276996328124999 0.034324035937500004 0.814623809375 0.07551288125 0.821161721875 0.1147403515625 0.8394678750000001 0.097087990625
3 0.8688884781249999 0.335394875 0.876733971875 0.390313334375 0.8695422687500001 0.4020815765625 0.9349213875 0.8022017781249999 0.9591116609375 0.7982790296875 0.8486209515625 0.154948509375 0.8309685890624999 0.172600871875 0.8597354015625 0.3530472375 0.8688884781249999 0.335394875
8 0.8662733125000001 0.339317621875 0.8590816109375 0.3530472375 0.8649657312500001 0.4050236359375 0.876733971875 0.3922747078125 0.8662733125000001 0.339317621875
3 0.94267574375 0.8306473828125001 0.9538813312500001 0.8031824640625 0.0188325859375 0.7992597171875 0.0221015421875 0.817892765625 0.041061485937499996 0.8296610078125 0.94267574375 0.8306473828125001
9 0.56640625 0.33125 0.01875 0.0296875
9 0.54296875 0.25625 0.01796875 0.03046875
3 0.4604166671875 0.28125 0.45347222187499997 0.2822916671875 0.4486111109375 0.28854166718749996 0.45 0.30520833281250004 0.465972221875 0.3166666671875 0.46875 0.3239583328125 0.46875 0.33125 0.45625 0.3572916671875 0.45625 0.36875 0.46458333281249997 0.3802083328125 0.47291666718750003 0.38125 0.48125 0.3760416671875 0.49583333281249997 0.3541666671875 0.5069444437499999 0.3552083328125 0.51875 0.365625 0.5270833328125 0.3635416671875 0.534027778125 0.35625 0.5333333328125 0.3375 0.52569444375 0.3239583328125 0.515277778125 0.3166666671875 0.51805555625 0.30416666718749996 0.525 0.29375 0.5263888890625 0.278125 0.51319444375 0.26875 0.5048611109375 0.2677083328125 0.49305555625 0.284375 0.48472222187499997 0.28958333281250004 0.4604166671875 0.28125