9 0.225 0.13515625 0.0171875 0.0375
9 0.31015625 0.51484375 0.02265625 0.0328125
9 0.20234375 0.734375 0.0234375 0.03125
9 0.2078125 0.8078125 0.021875 0.0328125
9 0.52578125 0.70859375 0.02265625 0.0296875
9 0.5140625 0.49453125 0.01953125 0.03046875
9 0.55234375 0.61484375 0.02578125 0.03828125
9 0.57109375 0.49140625 0.02109375 0.0328125
9 0.75234375 0.13828125 0.02109375 0.0375
9 0.8046875 0.38515625 0.025 0.0359375
9 0.7125 0.58125 0.0234375 0.034375
3 0.5214341 0.4799724484375 0.524249215625 0.5340032328125 0.536951896875 0.5320792562500001 0.5358355265625 0.4791713609375 0.56952536875 0.4782608234375 0.5665283859375 0.45787674375 0.53267604375 0.4612974515625 0.5325213046874999 0.409776834375 0.5192888046874999 0.40989416093750003 0.51923076875 0.4615384609375 0.486455803125 0.46247335625 0.487748953125 0.483202909375 0.5214341 0.4799724484375
3 0.144241575 0.8542980921875 0.15543892343750002 0.8589325859375 0.8929844203125 0.8672397249999999 0.8687560062499999 0.0801443375 0.858432103125 0.055457478125 0.8410307015624999 0.0744607921875 0.8565092546875 0.0484304890625 0.17977687343749998 0.0705501015625 0.15922104374999999 0.07369967968749999 0.14186853125 0.8418366578124999 0.144241575 0.8542980921875
3 0.8410307015624999 0.0744607921875 0.8358465531249999 0.08012217656250001 0.187467846875 0.1048626671875 0.1807756578125 0.4062643515625 0.1656231953125 0.3989782796875 0.1636241125 0.5034806390625 0.1739822875 0.5033567515625 0.169647459375 0.8168712796875001 0.863824390625 0.8315163562500001 0.85246119375 0.48073196406249996 0.8711834859375 0.470318021875 0.8634087703125 0.41195814999999997 0.8505631703125 0.41075642968750004 0.8387035796875001 0.0783743171875 0.8410307015624999 0.0744607921875
0 0.1654263453125 0.5006120765625 0.1755952375 0.5 0.1794967046875 0.40441449531250007 0.1630731 0.40101632656249997 0.1654263453125 0.5006120765625
8 0.8518499953124999 0.48021888749999997 0.8695982671875001 0.4700548984375 0.865322053125 0.4163693015625 0.8482993000000001 0.4197242375 0.8506550859375 0.42158008750000003 0.847640990625 0.42169679843749996 0.8518499953124999 0.48021888749999997