3 0.09921875 0.21875 0.01953125 0.03125
3 0.49609375 0.50625 0.015625 0.028125
3 0.1578125 0.134375 0.021875 0.03046875
3 0.71953125 0.68828125 0.02109375 0.03125
3 0.47421875 0.840625 0.01796875 0.0328125
1 0.36015625 0.775 0.25859375 0.32421875
3 0.146875 0.64765625 0.0203125 0.028125
3 0.6296875 0.79765625 0.0203125 0.03046875
3 0.47109375 0.12578125 0.01796875 0.0296875
3 0.109375 0.09921875 0.02109375 0.03125
0 0.903125 0.86171875 0.02890625 0.03125
0 0.71953125 0.8125 0.02265625 0.0328125
3 0.45703125 0.103125 0.02265625 0.03046875
0 0.6609375 0.690625 0.025 0.0328125
0 0.49375 0.57890625 0.01953125 0.03359375
2 0.46015625 0.65234375 0.04375 0.07421875