1 0.7203125 0.671875 0.20234375 0.215625
3 0.5015625 0.73359375 0.01796875 0.03359375
3 0.8078125 0.15078125 0.01796875 0.03203125
3 0.7203125 0.43203125 0.0171875 0.0296875
3 0.5984375 0.89453125 0.01640625 0.03203125
3 0.52890625 0.9 0.0171875 0.0265625
3 0.5609375 0.78203125 0.021875 0.028125
3 0.584375 0.79921875 0.0171875 0.03125
3 0.50234375 0.803125 0.01953125 0.03203125
3 0.50703125 0.90703125 0.015625 0.0328125
0 0.584375 0.87890625 0.015625 0.03125
3 0.5265625 0.6171875 0.01640625 0.02734375
3 0.49921875 0.7765625 0.0171875 0.03359375