3 0.35078125 0.70625 0.0171875 0.0328125
3 0.24140625 0.28359375 0.02109375 0.0328125
3 0.2890625 0.5203125 0.02109375 0.03515625
3 0.165625 0.5046875 0.02109375 0.03359375
3 0.365625 0.47109375 0.01875 0.0328125
3 0.184375 0.06796875 0.0234375 0.0328125
3 0.1921875 0.1453125 0.02109375 0.03359375
3 0.20859375 0.70078125 0.01953125 0.0375
3 0.37578125 0.6015625 0.01875 0.0328125
3 0.46328125 0.11328125 0.0203125 0.0328125
0 0.2453125 0.5671875 0.02109375 0.02890625
3 0.20546875 0.06640625 0.0234375 0.03125