1 0.1859375 0.75234375 0.178125 0.35546875
3 0.70390625 0.84765625 0.01875 0.0296875
3 0.63046875 0.41953125 0.01953125 0.03203125
3 0.64765625 0.49375 0.015625 0.0296875
3 0.5890625 0.628125 0.01640625 0.03046875
3 0.45 0.36640625 0.01875 0.0328125
3 0.4203125 0.4078125 0.01796875 0.03125
3 0.50234375 0.3625 0.01953125 0.03203125
3 0.6015625 0.590625 0.01875 0.02890625
3 0.665625 0.42890625 0.0203125 0.03046875
3 0.53125 0.58359375 0.01953125 0.03046875
3 0.63828125 0.1125 0.01875 0.03125
0 0.78046875 0.7640625 0.01875 0.03046875