0 0.7625 0.559375 0.05 0.021875
0 0.48671875 0.47265625 0.0421875 0.0203125
0 0.37421875 0.375 0.0390625 0.01875
3 0.9421875 0.4640625 0.046875 0.0203125
3 0.76015625 0.46015625 0.0453125 0.0203125
3 0.5421875 0.44140625 0.0453125 0.0203125
3 0.421875 0.46953125 0.0453125 0.0203125
3 0.20703125 0.4703125 0.0484375 0.0203125
3 0.0703125 0.51796875 0.046875 0.0203125
3 0.04375 0.55078125 0.05 0.021875
3 0.20234375 0.53515625 0.0453125 0.021875
3 0.33828125 0.5453125 0.046875 0.0203125
3 0.49609375 0.57578125 0.05 0.021875
3 0.4828125 0.68984375 0.0515625 0.025
3 0.8453125 0.7453125 0.0546875 0.0265625