3 0.1828125 0.12291666666666666 0.028125 0.0375
0 0.15703125 0.3541666666666667 0.028125 0.0375
3 0.0921875 0.371875 0.0296875 0.03333333333333333
3 0.08359375 0.4510416666666667 0.0265625 0.03333333333333333
0 0.14375 0.675 0.0328125 0.03958333333333333
3 0.08828125 0.5739583333333333 0.0296875 0.035416666666666666
3 0.15859375 0.271875 0.0296875 0.0375
3 0.67903125 0.35902083333333334 0.017453124999999937 0.023604166666666634
0 0.74465625 0.40572916666666664 0.018484375000000063 0.026041666666666668
0 0.699046875 0.35802083333333334 0.018062499999999915 0.021562500000000047
3 0.7673281249999999 0.41631250000000003 0.017921875000000042 0.024458333333333353
1 0.73125 0.30625 0.7140625 0.30416666666666664 0.709375 0.3145833333333333 0.659375 0.30625 0.6546875 0.33958333333333335 0.67079564375 0.3473183729166667 0.7070460375 0.3494580458333333 0.7112164484375 0.3682871645833333 0.7253316562500001 0.38968389999999997 0.7429756609375 0.3884001 0.78307566875 0.40209404583333336 0.78147166875 0.4299098041666667 0.7984740828125 0.43376117291666666 0.8125 0.4354166666666667 0.8171875 0.41875 0.84375 0.42083333333333334 0.85 0.41041666666666665 0.8703125 0.41041666666666665 0.8828445109375 0.40166608541666665 0.8876565125000001 0.4166438 0.9234375 0.425 0.9296875 0.39375 0.9421875 0.3875 0.946875 0.34791666666666665 0.9359375 0.3458333333333333 0.9375 0.30833333333333335 0.9046875 0.30833333333333335 0.896875 0.3333333333333333 0.8578125 0.3229166666666667 0.8515625 0.3125 0.74375 0.29375 0.73125 0.30625
2 0.6564889093749999 0.32272565625 0.6549891531250001 0.3327287020833333 0.6564889093749999 0.3393974 0.6652374562500001 0.3420648875 0.6771104859375 0.34406548541666665 0.68873355 0.345899375 0.6991068406250001 0.34756655 0.7038560375 0.3143897854166667 0.690358284375 0.31238917499999996 0.67511081875 0.30888810625 0.6647375375 0.3062206291666667 0.659718746875 0.3087916666666667 0.6564889093749999 0.32272565625