0 0.840625 0.9729166666666667 0.0265625 0.03333333333333333
3 0.86484375 0.7052083333333333 0.0171875 0.027083333333333334
0 0.57265625 0.9125 0.0234375 0.029166666666666667
3 0.47578125 0.8 0.0234375 0.03333333333333333
3 0.465625 0.48854166666666665 0.0203125 0.027083333333333334
3 0.81484375 0.8375 0.01875 0.027083333333333334
1 0.9921875 0.6927083333333334 0.9859375 0.6802083333333333 0.97734375 0.66875 0.94765625 0.65625 0.9125 0.5822916666666667 0.88828125 0.5645833333333333 0.88203125 0.54375 0.87109375 0.54375 0.85390625 0.5104166666666666 0.83828125 0.5125 0.8328125 0.5239583333333333 0.85 0.5572916666666666 0.84375 0.596875 0.8578125 0.6510416666666666 0.846875 0.6697916666666667 0.853125 0.690625 0.87578125 0.6854166666666667 0.89140625 0.7 0.91328125 0.69375 0.92734375 0.7333333333333333 0.965625 0.7322916666666667 0.9890625 0.709375 0.9921875 0.6927083333333334
2 0.8322302765625 0.5241328520833333 0.8354427859375001 0.5306465979166667 0.8392977953124999 0.5395601625 0.8462368140625 0.5515591625 0.8655118640625 0.5373317624999999 0.8560028375 0.5205331520833333 0.8520193296875 0.5090483874999999 0.8428958078125 0.5090483874999999 0.8363422843749999 0.5133337458333334 0.832691846875 0.5194845583333333 0.8322302765625 0.5241328520833333
3 0.74515625 0.48966666666666664 0.019796874999999936 0.027395833333333286
3 0.9057499999999999 0.5536041666666667 0.022828124999999845 0.02943749999999999
3 0.5510625 0.8123958333333333 0.021312499999999977 0.02943749999999999
0 0.7223124999999999 0.9767916666666667 0.025874999999999915 0.037541666666666626
0 0.642578125 0.7503958333333334 0.024890624999999923 0.03904166666666668