0 0.534375 0.734375 0.025 0.03333333333333333
0 0.70078125 0.746875 0.021875 0.03125
0 0.828125 0.703125 0.025 0.027083333333333334
0 0.5875 0.5333333333333333 0.0234375 0.03125
3 0.83984375 0.39895833333333336 0.021875 0.029166666666666667
3 0.790625 0.5697916666666667 0.01875 0.027083333333333334
3 0.40859375 0.6479166666666667 0.028125 0.03333333333333333
3 0.49592187499999996 0.6347916666666666 0.018796874999999956 0.027791666666666732
3 0.32559375 0.26756250000000004 0.021828125000000042 0.025229166666666695
3 0.6794374999999999 0.16054166666666667 0.018765624999999987 0.02918749999999998
3 0.8808125 0.18779166666666666 0.017734374999999858 0.02808333333333331
1 0.79375 0.16041666666666668 0.7890625 0.17708333333333334 0.8140625 0.22083333333333333 0.80625 0.27291666666666664 0.821875 0.33125 0.834375 0.3458333333333333 0.815625 0.35208333333333336 0.815625 0.37083333333333335 0.8234375 0.3854166666666667 0.8359375 0.3875 0.8453125 0.37916666666666665 0.8453125 0.36666666666666664 0.8609375 0.39166666666666666 0.88125 0.38125 0.9015625 0.3958333333333333 0.8984375 0.41458333333333336 0.9140625 0.44166666666666665 0.9421875 0.4270833333333333 0.95625 0.43333333333333335 0.975 0.4166666666666667 0.9953125 0.36875 0.978125 0.35 0.978125 0.3416666666666667 0.9578125 0.35 0.95 0.33541666666666664 0.940625 0.33541666666666664 0.8921875 0.23541666666666666 0.8734375 0.21458333333333332 0.8625 0.21666666666666667 0.853125 0.19166666666666668 0.8390625 0.19375 0.8140625 0.15 0.80625 0.15 0.79375 0.16041666666666668
2 0.794355415625 0.16164352291666667 0.79018808125 0.16997685625 0.7915771890625 0.18016204166666666 0.7979671046875 0.18997685 0.8043570296875 0.2014583395833333 0.8107469453125 0.21331018333333332 0.8328338703125 0.18868055833333336 0.821026390625 0.16590277916666668 0.8153310250000001 0.15368055833333333 0.809080015625 0.15053241666666667 0.8025173609375 0.15293981458333333 0.794355415625 0.16164352291666667