0 0.6859375 0.6364583333333333 0.0265625 0.03125
0 0.58515625 0.7395833333333334 0.021875 0.027083333333333334
0 0.4390625 0.8114583333333333 0.0234375 0.029166666666666667
3 0.6140625 0.5416666666666666 0.01875 0.027083333333333334
0 0.438390625 0.6121041666666667 0.016812499999999987 0.023395833333333373
3 0.384359375 0.74425 0.018171874999999994 0.023708333333333324
3 0.31651562499999997 0.79575 0.017984374999999986 0.02525000000000001
3 0.181109375 0.5291250000000001 0.01706249999999998 0.02141666666666667
3 0.425203125 0.2827083333333333 0.017515625000000055 0.020562500000000008
3 0.609703125 0.3798541666666667 0.017109375000000072 0.021395833333333295
3 0.5897187500000001 0.20224999999999999 0.016140625000000065 0.025416666666666643
1 0.5734375 0.22291666666666668 0.55 0.21875 0.54375 0.22291666666666668 0.528125 0.21041666666666667 0.51875 0.21041666666666667 0.5109375 0.21875 0.509375 0.23541666666666666 0.540625 0.275 0.5421875 0.29583333333333334 0.55 0.3020833333333333 0.5546875 0.31666666666666665 0.5765625 0.3375 0.5796875 0.3625 0.5984375 0.37916666666666665 0.61284165625 0.3633328520833333 0.621875 0.3625 0.6328125 0.36041666666666666 0.64375 0.3729166666666667 0.6609375 0.35 0.671875 0.3458333333333333 0.6921875 0.29375 0.6625 0.2604166666666667 0.6515625 0.275 0.6453125 0.275 0.6015625 0.24166666666666667 0.5890625 0.22708333333333333 0.5734375 0.22291666666666668
2 0.5119598453124999 0.22025463750000002 0.5105707359375 0.22803241041666666 0.512237675 0.23655092708333333 0.51834976875 0.24192129791666667 0.5273790046875 0.24951389166666665 0.5416868671875 0.22414351666666665 0.5302961359375 0.21451388958333334 0.5246007781250001 0.21043981874999998 0.518627590625 0.21136573958333335 0.5143923609375001 0.21543981458333333 0.5119598453124999 0.22025463750000002