0 0.490625 0.11770833333333333 0.025 0.035416666666666666
3 0.6609375 0.12708333333333333 0.0234375 0.03333333333333333
0 0.144640625 0.6739583333333333 0.02414062499999998 0.028895833333333343
0 0.67421875 0.18229166666666666 0.025 0.03333333333333333
3 0.08828125 0.5733958333333333 0.023906250000000007 0.027187499999999906
3 0.0828125 0.4510416666666667 0.0234375 0.03125
3 0.183984375 0.120625 0.02109375 0.030833333333333327
1 0.3015625 0.490625 0.31328125 0.475 0.346875 0.46979166666666666 0.353125 0.41354166666666664 0.33828125 0.3645833333333333 0.29453125 0.36666666666666664 0.29140625 0.3770833333333333 0.19453125 0.3958333333333333 0.17578125 0.41875 0.15703125 0.42083333333333334 0.15234375 0.43125 0.12109375 0.4354166666666667 0.1125 0.44895833333333335 0.12265625 0.47291666666666665 0.15390625 0.46875 0.18359375 0.475 0.19765625 0.49375 0.26015625 0.49166666666666664 0.27109375 0.5083333333333333 0.290625 0.5072916666666667 0.3015625 0.503125 0.3015625 0.490625
2 0.1158640125 0.44252290625 0.1142392796875 0.4513589291666667 0.11536409375000001 0.46252899166666667 0.11973836874999999 0.47053143125 0.12523745625 0.4725320354166667 0.1363606125 0.47169845 0.150858203125 0.46986456041666663 0.1486085734375 0.43218642500000004 0.13011165 0.4340203145833333 0.120343746875 0.435875 0.1158640125 0.44252290625
3 0.1393125 0.35666666666666663 0.022250000000000013 0.02831249999999995
3 0.134640625 0.3872083333333334 0.023468750000000017 0.028375000000000008