0 0.490625 0.11770833333333333 0.025 0.03333333333333333
3 0.6609375 0.12708333333333333 0.021875 0.03125
0 0.14475 0.6722291666666667 0.027984374999999995 0.029875000000000065
3 0.18359375 0.121875 0.0234375 0.03125
3 0.675 0.18333333333333332 0.0234375 0.03333333333333333
0 0.675 0.18333333333333332 0.0234375 0.03333333333333333
3 0.08359375 0.4510416666666667 0.0234375 0.03125
3 0.138890625 0.35577083333333337 0.02081249999999999 0.025083333333333378
3 0.13384374999999998 0.38656250000000003 0.022468749999999992 0.027270833333333282
1 0.30625 0.36875 0.296875 0.3645833333333333 0.2921875 0.375 0.196875 0.39375 0.178125 0.41458333333333336 0.1578125 0.41875 0.153125 0.43125 0.1203125 0.4354166666666667 0.1140625 0.44375 0.1140625 0.4625 0.1234375 0.475 0.184375 0.47708333333333336 0.2 0.4979166666666667 0.2578125 0.49375 0.2671875 0.5083333333333333 0.303125 0.5083333333333333 0.3125 0.47708333333333336 0.35 0.475 0.3484375 0.44166666666666665 0.3546875 0.42916666666666664 0.340625 0.36041666666666666 0.325 0.36666666666666664 0.3171875 0.36041666666666666 0.30625 0.36875
2 0.11680348437500002 0.4410529041666667 0.11480381875000001 0.4468880104166667 0.11405393593749999 0.45439029375 0.1149287953125 0.4610589895833333 0.1180532765625 0.46739425208333335 0.12167767656249999 0.47189562291666665 0.1296763421875 0.4722290520833334 0.13879983125 0.4717289020833333 0.1499229859375 0.4688947041666667 0.1476733546875 0.43388404999999997 0.1373000828125 0.43455091875 0.1270517796875 0.43505106875 0.11956249687500001 0.4365 0.11680348437500002 0.4410529041666667
3 0.07646294218750001 0.5579105187500001 0.0756944703125 0.5896740187499999 0.10028556875000001 0.5891617041666667 0.0999013328125 0.5579105187500001 0.07646294218750001 0.5579105187500001