0 0.800078125 0.8433541666666666 0.021999999999999974 0.030312499999999905
0 0.82696875 0.3861875 0.022968750000000072 0.02822916666666669
3 0.5158437499999999 0.7994583333333334 0.021421875000000055 0.029604166666666744
3 0.9437031250000001 0.6149166666666667 0.02284374999999983 0.0274166666666666
0 0.785484375 0.8603958333333334 0.021218750000000064 0.029833333333333437
3 0.767484375 0.7827083333333333 0.023062499999999986 0.028187499999999942
3 0.20078125 0.03897916666666667 0.0203125 0.029625
3 0.16053125 0.4994166666666667 0.022062500000000006 0.026791666666666696
3 0.167703125 0.3811666666666667 0.02242187499999999 0.0293333333333333
0 0.20392187499999997 0.6259166666666667 0.024343749999999997 0.02904166666666678
3 0.2234375 0.3257291666666667 0.022140625000000025 0.025520833333333333
3 0.22957812500000002 0.29464583333333333 0.021187500000000005 0.02716666666666671
1 0.3859375 0.3458333333333333 0.359375 0.33958333333333335 0.3109375 0.34375 0.278125 0.35 0.2671875 0.3625 0.2421875 0.3645833333333333 0.2390625 0.3729166666666667 0.203125 0.3729166666666667 0.196875 0.39791666666666664 0.2078125 0.4125 0.23125 0.4125 0.2640625 0.4270833333333333 0.2796875 0.4479166666666667 0.3359375 0.45416666666666666 0.3453125 0.47291666666666665 0.375 0.475 0.3765625 0.46041666666666664 0.390625 0.4479166666666667 0.428125 0.45416666666666666 0.43125 0.42291666666666666 0.440625 0.4041666666666667 0.4328125 0.3729166666666667 0.4328125 0.33958333333333335 0.4109375 0.33541666666666664 0.39375 0.3416666666666667 0.3875 0.33541666666666664 0.3859375 0.3458333333333333
2 0.20136403593750002 0.37676290625 0.1983645328125 0.3845986270833333 0.198489509375 0.39876960833333336 0.20273880625000001 0.4069387583333333 0.21561166250000002 0.4099396708333333 0.2353583875 0.41077325625 0.2347334921875 0.3729284104166667 0.219361040625 0.3732618395833333 0.20534374687499998 0.37274999999999997 0.20136403593750002 0.37676290625