0 0.26328125 0.61875 0.0265625 0.03125
3 0.965625 0.9208333333333333 0.0234375 0.03333333333333333
3 0.527921875 0.9212916666666667 0.02112499999999997 0.03170833333333339
3 0.28495312500000003 0.3530416666666667 0.022296874999999973 0.029145833333333353
3 0.7655624999999999 0.9954166666666667 0.019500000000000028 0.00916666666666662
0 0.928625 0.6625624999999999 0.022953125000000085 0.031166666666666742
3 0.249421875 0.471875 0.022296874999999973 0.028958333333333287
3 0.403703125 0.0085 0.024593750000000015 0.017
3 0.370734375 0.29460416666666667 0.021859375000000014 0.029145833333333353
3 0.35676562500000003 0.3238333333333333 0.023140625000000005 0.028854166666666715
1 0.3171875 0.37916666666666665 0.315625 0.4 0.353125 0.425 0.3578125 0.4375 0.38125 0.45625 0.3890625 0.48333333333333334 0.4421875 0.5166666666666667 0.44375 0.53125 0.46875 0.5479166666666667 0.4828125 0.5416666666666666 0.5109375 0.5479166666666667 0.5109375 0.56875 0.5421875 0.5854166666666667 0.5484375 0.5854166666666667 0.5546875 0.5645833333333333 0.5734375 0.5479166666666667 0.5796875 0.5208333333333334 0.5734375 0.50625 0.5828125 0.47291666666666665 0.546875 0.45625 0.534375 0.4583333333333333 0.525 0.4395833333333333 0.5125 0.43333333333333335 0.5140625 0.42083333333333334 0.4859375 0.4041666666666667 0.475 0.4125 0.4203125 0.38125 0.3671875 0.3875 0.328125 0.36666666666666664 0.3171875 0.37916666666666665
2 0.3254570734375 0.36963617916666663 0.3210827984375 0.37430426874999995 0.31720844375 0.3813063979166667 0.3155837203125 0.3941436416666667 0.3179583171875 0.40097905208333334 0.329831346875 0.40764775 0.3418293625 0.41498333125000003 0.352702553125 0.4219854520833334 0.3632008109375 0.38697479375000005 0.341204465625 0.37297052708333334 0.330343746875 0.36670833333333336 0.3254570734375 0.36963617916666663