0 0.534375 0.734375 0.025 0.03333333333333333
0 0.5875 0.5333333333333333 0.0234375 0.03125
0 0.70078125 0.7458333333333333 0.021875 0.03125
0 0.82890625 0.703125 0.025 0.029166666666666667
3 0.40859375 0.6479166666666667 0.0265625 0.03333333333333333
3 0.790625 0.5697916666666667 0.0203125 0.029166666666666667
3 0.83984375 0.39895833333333336 0.0203125 0.029166666666666667
3 0.4953125 0.6354166666666666 0.025 0.035416666666666666
3 0.326515625 0.26777083333333335 0.019343749999999993 0.024270833333333314
3 0.678796875 0.16054166666666667 0.019015624999999935 0.02570833333333334
3 0.880546875 0.18914583333333335 0.018687500000000058 0.026208333333333358
1 0.790625 0.16458333333333333 0.7890625 0.17708333333333334 0.8140625 0.22083333333333333 0.8046875 0.2708333333333333 0.828125 0.33958333333333335 0.815625 0.35625 0.81875 0.3770833333333333 0.834375 0.3875 0.8515625 0.375 0.8609375 0.39166666666666666 0.8671875 0.39166666666666666 0.884375 0.3645833333333333 0.8828125 0.3416666666666667 0.9015625 0.3770833333333333 0.8984375 0.4125 0.9125 0.4395833333333333 0.9671875 0.425 0.9890625 0.39375 0.9953125 0.36875 0.9765625 0.34375 0.9546875 0.35 0.95 0.3375 0.9421875 0.3375 0.94375 0.34375 0.9390625 0.34375 0.9375 0.32916666666666666 0.890625 0.23333333333333334 0.8515625 0.19166666666666668 0.8359375 0.19166666666666668 0.8203125 0.15833333333333333 0.80625 0.15 0.790625 0.16458333333333333
2 0.793640675 0.16142794791666668 0.7908911359374999 0.17009725625 0.792140928125 0.1792667125 0.797390053125 0.1886028875 0.80301411875 0.19777234375 0.81201263125 0.21411064999999999 0.8340089671875001 0.18926975833333334 0.8255103937499999 0.17509877708333335 0.819636353125 0.16326183958333335 0.8146371828125 0.1534255125 0.8092630906249999 0.15059131666666667 0.802531246875 0.15358333333333332 0.793640675 0.16142794791666668