0 0.1734375 0.6 0.0265625 0.03333333333333333
0 0.13671875 0.634375 0.0265625 0.03333333333333333
3 0.09815625000000001 0.35577083333333337 0.019296875 0.025791666666666657
3 0.11328125 0.371875 0.021875 0.03333333333333333
3 0.10896874999999999 0.3160833333333333 0.020140625000000013 0.027187500000000024
3 0.13515625 0.37916666666666665 0.021875 0.03333333333333333
3 0.12992187500000002 0.31320833333333337 0.01937500000000001 0.02606249999999998
3 0.15367187499999999 0.36779166666666663 0.01828124999999998 0.02702083333333339
3 0.146296875 0.332375 0.019171875000000015 0.026291666666666675
3 0.116359375 0.34299999999999997 0.01924999999999999 0.026000000000000037
0 0.165625 0.625 0.0296875 0.035416666666666666
0 0.132328125 0.35562499999999997 0.02081249999999999 0.027312500000000028
1 0.684375 0.15625 0.6828125 0.17083333333333334 0.70625 0.21041666666666667 0.70625 0.24166666666666667 0.7 0.2625 0.7265625 0.32916666666666666 0.7140625 0.34375 0.71875 0.37083333333333335 0.734375 0.37916666666666665 0.75 0.36875 0.7578125 0.38333333333333336 0.78125 0.3854166666666667 0.8015625 0.4270833333333333 0.8296875 0.4125 0.840625 0.41875 0.853125 0.41041666666666665 0.8625 0.3958333333333333 0.8625 0.38333333333333336 0.8734375 0.375 0.878125 0.35208333333333336 0.8640625 0.33958333333333335 0.859375 0.325 0.8390625 0.33125 0.7734375 0.2125 0.7578125 0.20416666666666666 0.7484375 0.2125 0.74375 0.18333333333333332 0.728125 0.18333333333333332 0.70625 0.14375 0.6984375 0.14375 0.684375 0.15625
2 0.688456265625 0.15230569166666666 0.6850818296875001 0.15814080208333334 0.683707059375 0.16564308541666667 0.6873314500000001 0.17347879791666668 0.6917057234375 0.18231482708333333 0.6963299625 0.19215115208333333 0.702578925 0.20382137083333335 0.7234504546875 0.17764673541666667 0.711327471875 0.15463973125 0.706703234375 0.14446996875 0.6997043984375 0.1434696666666667 0.693468746875 0.147125 0.688456265625 0.15230569166666666