0 0.534375 0.734375 0.025 0.03333333333333333
0 0.5875 0.534375 0.0234375 0.03125
0 0.70078125 0.746875 0.021875 0.03125
0 0.828125 0.7041666666666667 0.025 0.029166666666666667
3 0.40859375 0.6479166666666667 0.0265625 0.03333333333333333
3 0.790625 0.5708333333333333 0.01875 0.029166666666666667
3 0.83984375 0.39895833333333336 0.021875 0.03125
3 0.49453125 0.6364583333333333 0.025 0.035416666666666666
3 0.67734375 0.16354166666666667 0.0265625 0.0375
3 0.3265 0.266875 0.01864062500000001 0.02610416666666664
3 0.88071875 0.1905625 0.01921874999999993 0.02918749999999998
1 0.7890625 0.16875 0.7890625 0.17708333333333334 0.8125 0.21875 0.8125 0.24791666666666667 0.8046875 0.26875 0.8203125 0.32708333333333334 0.8296875 0.3416666666666667 0.8296875 0.34791666666666665 0.815625 0.3541666666666667 0.81875 0.3770833333333333 0.8265625 0.3875 0.8375 0.3875 0.85 0.375 0.8671875 0.39166666666666666 0.88125 0.3770833333333333 0.9015625 0.3958333333333333 0.896875 0.4125 0.915625 0.44166666666666665 0.940625 0.42916666666666664 0.95625 0.43333333333333335 0.971875 0.42083333333333334 0.990625 0.38958333333333334 0.99375 0.36875 0.975 0.34375 0.9578125 0.34791666666666665 0.9484375 0.33541666666666664 0.940625 0.33541666666666664 0.8890625 0.23125 0.853125 0.19375 0.8375 0.19375 0.815625 0.15208333333333332 0.8046875 0.15208333333333332 0.7890625 0.16875
2 0.7919618625 0.1659490729166667 0.789600375 0.1744676 0.79223969375 0.18354166666666666 0.7975183234375 0.19298611875 0.8040471453125001 0.20317130416666668 0.810575984375 0.214097225 0.8344687359374999 0.1911342666666667 0.827384271875 0.17946759375000002 0.8209943281250001 0.16817129791666666 0.8159935203125 0.15613425833333333 0.810298153125 0.15187500208333335 0.8032136890625001 0.15317130625 0.7990798609375 0.15773148125 0.7919618625 0.1659490729166667