0 0.1734375 0.6 0.0265625 0.03333333333333333
0 0.13671875 0.6354166666666666 0.0296875 0.0375
0 0.159375 0.6291666666666667 0.03125 0.03958333333333333
3 0.10804687500000001 0.3173541666666667 0.018281249999999992 0.0277708333333333
3 0.09903125 0.356375 0.019124999999999993 0.02414583333333328
3 0.11378124999999999 0.37262500000000004 0.020281249999999983 0.024416666666666722
3 0.129265625 0.312875 0.021265624999999976 0.02449999999999998
3 0.15353125 0.3699375 0.019562500000000017 0.028854166666666715
3 0.14551562499999998 0.3326041666666667 0.021578125000000004 0.02677083333333338
3 0.116234375 0.34277083333333336 0.02078125000000002 0.024041666666666708
3 0.135984375 0.3826458333333333 0.01976562500000001 0.025583333333333277
1 0.6917689953124999 0.14904670416666665 0.6901442609374999 0.15588211875000002 0.6945185359375 0.16338440208333335 0.6993927281250001 0.16571844583333334 0.7082662531249999 0.16355112708333333 0.7116406984375 0.15838287916666666 0.710265928125 0.15121403125 0.70776634375 0.14554564166666667 0.702062496875 0.14379166666666665 0.6917689953124999 0.14904670416666665
1 0.684375 0.15625 0.6828125 0.17083333333333334 0.70625 0.21041666666666667 0.7 0.26458333333333334 0.725 0.32916666666666666 0.7140625 0.34375 0.7203125 0.3729166666666667 0.7359375 0.37916666666666665 0.75 0.36875 0.7578125 0.38333333333333336 0.78125 0.3854166666666667 0.8015625 0.4270833333333333 0.853125 0.41041666666666665 0.8734375 0.3770833333333333 0.8765625 0.36041666666666666 0.875 0.35 0.8640625 0.33958333333333335 0.8625 0.325 0.8421875 0.3333333333333333 0.821875 0.30833333333333335 0.7734375 0.2125 0.7578125 0.20416666666666666 0.746875 0.2125 0.7453125 0.1875 0.740625 0.18125 0.7296875 0.18541666666666667 0.70625 0.14375 0.696875 0.14375 0.684375 0.15625
0 0.131265625 0.354 0.024015625000000006 0.030687500000000038