3 0.86015625 0.6916666666666667 0.0171875 0.027083333333333334
3 0.81015625 0.828125 0.01875 0.027083333333333334
0 0.71640625 0.9708333333333333 0.015625 0.029166666666666667
0 0.83671875 0.9645833333333333 0.021875 0.035416666666666666
0 0.57265625 0.9 0.56171875 0.9 0.55625 0.9177083333333333 0.56328125 0.9291666666666667 0.571875 0.928125 0.5796875 0.9114583333333334 0.57265625 0.9
0 0.6366875000000001 0.7448333333333333 0.022843750000000006 0.0314791666666667
1 0.990625 0.678125 0.97421875 0.65625 0.96171875 0.65625 0.94375 0.640625 0.90078125 0.5520833333333334 0.88515625 0.5520833333333334 0.87890625 0.5270833333333333 0.86796875 0.5270833333333333 0.84765625 0.49375 0.83515625 0.49583333333333335 0.828125 0.509375 0.846875 0.5447916666666667 0.8390625 0.5822916666666667 0.853125 0.6385416666666667 0.84375 0.6510416666666666 0.8484375 0.678125 0.90703125 0.68125 0.9140625 0.6864583333333333 0.9125 0.6989583333333333 0.92421875 0.7229166666666667 0.9640625 0.721875 0.9875 0.696875 0.990625 0.678125
2 0.82892511875 0.512105225 0.8324245421875001 0.5192740729166666 0.8366738390625 0.52760994375 0.8422979046875 0.5376129895833334 0.861794665625 0.5221082708333333 0.8525461984374999 0.5049363708333333 0.845172421875 0.492766 0.8371737484375 0.494433175 0.8312997265625001 0.49860111041666666 0.828468746875 0.5054583333333333 0.82892511875 0.512105225
3 0.5451406249999999 0.8109166666666667 0.022562500000000086 0.02854166666666676
3 0.46995312499999997 0.7981874999999999 0.02603124999999995 0.030854166666666554
3 0.45462499999999995 0.47852083333333334 0.023140624999999915 0.028541666666666642
3 0.73890625 0.47583333333333333 0.020250000000000056 0.0277708333333333
3 0.9002812499999999 0.5371458333333333 0.01909375000000004 0.025458333333333392