0 0.17378125 0.6005416666666666 0.023687499999999993 0.027750000000000104
0 0.13728125 0.6345833333333334 0.023375000000000014 0.028166666666666628
3 0.0993125 0.35612499999999997 0.020937500000000008 0.02666666666666669
3 0.11328125 0.37083333333333335 0.0203125 0.03125
0 0.16153125 0.6285000000000001 0.023062499999999986 0.028916666666666656
3 0.10878125000000001 0.3162083333333333 0.019562500000000003 0.02575000000000003
3 0.12890625 0.31462500000000004 0.019937499999999986 0.02908333333333329
3 0.13515625 0.37916666666666665 0.021875 0.03333333333333333
3 0.15334375 0.368375 0.02075 0.027833333333333363
3 0.11665624999999999 0.3421666666666667 0.020374999999999987 0.02525000000000001
3 0.1461875 0.332375 0.020500000000000008 0.029000000000000033
0 0.13248437500000002 0.3552708333333333 0.02042187499999999 0.026687500000000006
1 0.6828125 0.15833333333333333 0.6828125 0.17291666666666666 0.7015625 0.22291666666666668 0.7 0.26458333333333334 0.725 0.32916666666666666 0.725 0.33958333333333335 0.7140625 0.3458333333333333 0.7203125 0.3729166666666667 0.734375 0.37916666666666665 0.75 0.37083333333333335 0.7578125 0.38333333333333336 0.78125 0.3875 0.8015625 0.4270833333333333 0.828125 0.41458333333333336 0.840625 0.41875 0.8546875 0.4083333333333333 0.871875 0.37916666666666665 0.8765625 0.35208333333333336 0.8703125 0.35 0.859375 0.325 0.8421875 0.33541666666666664 0.7734375 0.2125 0.75 0.2 0.740625 0.18125 0.728125 0.18333333333333332 0.70625 0.14375 0.696875 0.14375 0.6828125 0.15833333333333333
2 0.6885225359375 0.15287277291666665 0.68401271875 0.16029239583333332 0.6847643546875 0.16951680624999999 0.6900258078125 0.17894174791666667 0.695587909375 0.19057252083333334 0.7014506734375 0.20360701041666665 0.724601065625 0.17854068541666665 0.713326525 0.15908921458333333 0.708215396875 0.14625525625 0.7016009984375 0.14324729791666665 0.6944766546875 0.14664347916666667 0.6885225359375 0.15287277291666665