3 0.1296875 0.2625 0.0203125 0.029166666666666667
0 0.17421875 0.6010416666666667 0.0265625 0.03333333333333333
3 0.14296875 0.31145833333333334 0.0171875 0.029166666666666667
3 0.1046875 0.27395833333333336 0.0234375 0.029166666666666667
0 0.13679687499999998 0.6348125 0.02320312499999999 0.02979166666666657
3 0.120046875 0.3173333333333333 0.02132812500000001 0.026312499999999992
3 0.15234375 0.2864583333333333 0.021875 0.03125
0 0.128125 0.2916666666666667 0.0234375 0.03125
0 0.161953125 0.6286875 0.022312500000000002 0.027187499999999906
1 0.684375 0.15625 0.6828125 0.17291666666666666 0.70625 0.2125 0.7 0.26458333333333334 0.7265625 0.32916666666666666 0.7140625 0.34375 0.7203125 0.3729166666666667 0.734375 0.37916666666666665 0.7484375 0.36875 0.7578125 0.38333333333333336 0.78125 0.3854166666666667 0.8015625 0.4270833333333333 0.853125 0.41041666666666665 0.8734375 0.3770833333333333 0.878125 0.35 0.8625 0.33541666666666664 0.8609375 0.3229166666666667 0.8421875 0.3333333333333333 0.821875 0.30833333333333335 0.7734375 0.2125 0.7625 0.20416666666666666 0.7484375 0.21041666666666667 0.740625 0.18125 0.728125 0.18333333333333332 0.70625 0.14375 0.696875 0.14375 0.684375 0.15625
2 0.6906434546875 0.15125717708333333 0.685144365625 0.15675884583333335 0.684019559375 0.16592830208333334 0.686644121875 0.17293043749999998 0.691893246875 0.1829334833333333 0.6967674390624999 0.19160278333333333 0.702641459375 0.203439725 0.7237629546875 0.17776523958333332 0.7140145796875 0.16042663333333335 0.7072656984375 0.14658908333333331 0.701766609375 0.14342145 0.694874996875 0.14608333333333334 0.6906434546875 0.15125717708333333