0 0.17425 0.6008333333333333 0.022796875000000005 0.027833333333333363
0 0.137171875 0.6348125 0.022703125 0.02866666666666665
3 0.108453125 0.31677083333333333 0.018984375000000008 0.02439583333333329
3 0.09907812499999999 0.3550833333333333 0.01901562499999999 0.023833333333333328
3 0.11374999999999999 0.37304166666666666 0.019781249999999993 0.025979166666666723
3 0.12890625 0.31329166666666663 0.019640624999999988 0.02364583333333338
3 0.153453125 0.36806249999999996 0.01940624999999998 0.025020833333333315
3 0.13573437500000002 0.38197916666666665 0.021156249999999988 0.02474999999999999
0 0.161984375 0.6288333333333332 0.022062500000000006 0.02733333333333334
3 0.14581249999999998 0.3326458333333333 0.022453125000000008 0.026479166666666623
3 0.116453125 0.34287500000000004 0.01875 0.02474999999999999
0 0.132703125 0.3560208333333333 0.020999999999999998 0.026416666666666682
2 0.6960482156250001 0.14567023333333334 0.691299 0.14917129791666667 0.6902991625 0.15517312708333333 0.694048540625 0.16150838750000002 0.6975479625000001 0.16617647708333333 0.7077962578125 0.1621752604166667 0.71229551875 0.15700701875 0.7091710375 0.15033832291666668 0.7064214875 0.14567023333333334 0.701593746875 0.14358333333333334 0.6960482156250001 0.14567023333333334
1 0.684375 0.15625 0.6828125 0.17083333333333334 0.70625 0.2125 0.7 0.26458333333333334 0.728125 0.3333333333333333 0.728125 0.33958333333333335 0.7140625 0.34791666666666665 0.721875 0.375 0.7359375 0.37916666666666665 0.7484375 0.36666666666666664 0.7578125 0.38333333333333336 0.78125 0.3854166666666667 0.8015625 0.4270833333333333 0.8296875 0.4125 0.840625 0.41875 0.85625 0.40625 0.8625 0.3875 0.875 0.375 0.8796875 0.35 0.8703125 0.3458333333333333 0.859375 0.325 0.8421875 0.33541666666666664 0.821875 0.30833333333333335 0.7734375 0.2125 0.7625 0.20416666666666666 0.746875 0.21041666666666667 0.74375 0.18333333333333332 0.728125 0.18333333333333332 0.70625 0.14375 0.696875 0.14375 0.684375 0.15625