0 0.7753281249999999 0.8703958333333334 0.022062500000000006 0.02902083333333323
0 0.8369843749999999 0.38958333333333334 0.024093750000000115 0.02950000000000005
3 0.506734375 0.8145833333333333 0.02109375 0.02979166666666657
0 0.178265625 0.6416041666666668 0.025140625000000007 0.03049999999999997
3 0.126703125 0.5076666666666667 0.024843750000000008 0.029041666666666664
0 0.7909375 0.8530625000000001 0.021250000000000036 0.028437499999999952
3 0.12892187500000002 0.37877083333333333 0.023968750000000004 0.02858333333333339
3 0.760296875 0.7948125 0.021421875000000055 0.0289791666666666
3 0.19460937500000003 0.2838333333333333 0.024031250000000014 0.02964583333333337
3 0.18878124999999998 0.31808333333333333 0.023187499999999982 0.03049999999999997
3 0.94296875 0.6270833333333333 0.02307812499999997 0.027708333333333238
1 0.3265625 0.3458333333333333 0.25625 0.3458333333333333 0.24375 0.36041666666666666 0.20625 0.375 0.171875 0.37083333333333335 0.1625 0.3854166666666667 0.1625 0.40208333333333335 0.16875 0.4125 0.19375 0.41458333333333336 0.23125 0.43125 0.25 0.45625 0.2609375 0.46041666666666664 0.3140625 0.46875 0.325 0.48125 0.415625 0.48541666666666666 0.4203125 0.47708333333333336 0.41875 0.45416666666666666 0.43125 0.4270833333333333 0.4234375 0.39791666666666664 0.421875 0.35833333333333334 0.378125 0.35833333333333334 0.3625 0.3416666666666667 0.3296875 0.33958333333333335 0.3265625 0.3458333333333333
2 0.1675543953125 0.3760534104166667 0.1634300765625 0.38605645208333333 0.16280518125000001 0.3980601020833333 0.165429753125 0.40606254375 0.17055389999999998 0.41023047916666666 0.18542643281249999 0.41173093125 0.202798540625 0.4137315541666667 0.20317348124999998 0.37438623750000005 0.18542643281249999 0.37288577500000003 0.171437496875 0.3715 0.1675543953125 0.3760534104166667