0 0.425 0.8364583333333333 0.0234375 0.03125
3 0.7015625 0.634375 0.015625 0.027083333333333334
3 0.328125 0.728125 0.025 0.03333333333333333
3 0.321875 0.40208333333333335 0.0234375 0.03125
3 0.40625 0.7395833333333334 0.0234375 0.03125
0 0.49765625 0.6760416666666667 0.0203125 0.027083333333333334
0 0.5666562500000001 0.8883541666666667 0.016078124999999943 0.024562499999999925
0 0.67265625 0.8786875 0.017843749999999936 0.023020833333333237
3 0.65315625 0.7560833333333333 0.016249999999999966 0.020124999999999935
3 0.6035781250000001 0.4232708333333333 0.014203125000000049 0.02081250000000002
3 0.742671875 0.4946041666666667 0.015343750000000078 0.019770833333333352
1 0.6796875 0.4583333333333333 0.6952139828125 0.5108590458333333 0.6867133671875 0.5229072708333333 0.6890625 0.5895833333333333 0.6859375 0.6104166666666667 0.6944170421875 0.6253171208333334 0.7154029625 0.6207104645833332 0.740625 0.63125 0.75625 0.6645833333333333 0.778125 0.6604166666666667 0.7875 0.6666666666666666 0.7953125 0.6625 0.8109375 0.64375 0.8140625 0.625 0.8015625 0.6041666666666666 0.7890625 0.6020833333333333 0.784375 0.5916666666666667 0.7765625 0.5916666666666667 0.7703125 0.58125 0.7640625 0.5520833333333334 0.746875 0.5125 0.738514046875 0.5051893020833333 0.72815390625 0.5051893020833333 0.7140625 0.4791666666666667 0.7 0.45 0.690625 0.4479166666666667 0.6796875 0.4583333333333333
2 0.6816731125 0.46493205625 0.6841726968749999 0.47376808541666665 0.6881720296875 0.4816037979166667 0.69192140625 0.49027310625 0.6989202421875 0.4857717354166667 0.7100434078125 0.4801033458333333 0.7066689515625 0.4726010625 0.7025446421875 0.46359831875 0.6990452203124999 0.45392871041666666 0.69367111875 0.44909390416666667 0.68742215625 0.4514279479166667 0.683312496875 0.45545833333333335 0.6816731125 0.46493205625