0 0.492 0.11720833333333333 0.022250000000000013 0.030416666666666654
3 0.6616875 0.12575 0.021937499999999943 0.030666666666666665
0 0.14490625 0.6738333333333333 0.024546875000000013 0.029812499999999888
0 0.6758437500000001 0.183625 0.021749999999999936 0.030666666666666665
3 0.08865625 0.5729166666666666 0.022875 0.026583333333333313
3 0.0838125 0.45237499999999997 0.021437499999999998 0.02858333333333339
3 0.18356250000000002 0.12137500000000001 0.021937499999999988 0.028333333333333335
1 0.3015625 0.490625 0.31328125 0.475 0.346875 0.46979166666666666 0.353125 0.41354166666666664 0.33828125 0.3645833333333333 0.29453125 0.36666666666666664 0.29140625 0.3770833333333333 0.19453125 0.3958333333333333 0.17578125 0.41875 0.15703125 0.42083333333333334 0.15234375 0.43125 0.12109375 0.4354166666666667 0.1125 0.44895833333333335 0.12265625 0.47291666666666665 0.15390625 0.46875 0.18359375 0.475 0.19765625 0.49375 0.26015625 0.49166666666666664 0.27109375 0.5083333333333333 0.290625 0.5072916666666667 0.3015625 0.503125 0.3015625 0.490625
2 0.11527122187500001 0.44443910833333333 0.11353390468749999 0.45353092291666663 0.1148703078125 0.4615531166666667 0.1188795171875 0.4699318541666667 0.1256951734375 0.47260591875 0.1366536765625 0.47207110625 0.1478794671875 0.4708232083333333 0.1464094265625 0.4323166770833333 0.129838021875 0.43463420625 0.12049676718749999 0.4368982520833333 0.11527122187500001 0.44443910833333333
3 0.138578125 0.35533333333333333 0.02323437500000001 0.02822916666666669
3 0.134890625 0.38660416666666664 0.022124999999999995 0.02766666666666661