0 0.68546875 0.1698125 0.02184375000000003 0.028708333333333336
3 0.8478125000000001 0.23916666666666667 0.02123437499999987 0.02745833333333335
0 0.850953125 0.29918750000000005 0.021531249999999957 0.02706250000000002
3 0.391890625 0.06466666666666666 0.020468750000000036 0.029416666666666667
3 0.29296875 0.2996875 0.0203125 0.025625000000000023
0 0.2458125 0.5749166666666666 0.02293750000000001 0.031083333333333248
1 0.43203125 0.45208333333333334 0.4890625 0.45729166666666665 0.4953125 0.43020833333333336 0.5078125 0.41354166666666664 0.5078125 0.396875 0.5 0.38229166666666664 0.50234375 0.35625 0.48984375 0.3458333333333333 0.46328125 0.34375 0.45703125 0.3541666666666667 0.43359375 0.33958333333333335 0.38359375 0.3333333333333333 0.35078125 0.3333333333333333 0.33828125 0.34375 0.31328125 0.33958333333333335 0.30703125 0.34791666666666665 0.27265625 0.33958333333333335 0.2640625 0.3489583333333333 0.26484375 0.375 0.32421875 0.4 0.33984375 0.4270833333333333 0.39140625 0.44166666666666665 0.40234375 0.4666666666666667 0.4265625 0.46770833333333334 0.4265625 0.4552083333333333 0.43203125 0.45208333333333334
2 0.26756995156249996 0.3455198395833333 0.26332943593749997 0.3547762083333333 0.2632009375 0.36780370833333337 0.26718444531249996 0.37671725208333334 0.2802914859375 0.3813454416666667 0.2954545171875 0.3849451479166667 0.3014940390625 0.3486052895833333 0.28568849531249996 0.34380569583333337 0.2724980515625 0.34105365 0.26756995156249996 0.3455198395833333
3 0.9000937499999999 0.23881249999999998 0.021453125000000028 0.02645833333333331
3 0.303609375 0.2705625 0.02218749999999998 0.026874999999999982
3 0.2324375 0.34175 0.020828124999999975 0.027708333333333356
3 0.21359374999999997 0.45875 0.02142187499999997 0.02745833333333335