0 0.16171875 0.5791666666666667 0.025 0.035416666666666666
3 0.084375 0.45 0.025 0.03125
3 0.1828125 0.12291666666666666 0.0265625 0.03958333333333333
3 0.0921875 0.371875 0.0296875 0.03333333333333333
0 0.17421875 0.5989583333333334 0.028125 0.0375
0 0.1609375 0.628125 0.0296875 0.03958333333333333
3 0.15859375 0.27291666666666664 0.03125 0.0375
3 0.09765625 0.16979166666666667 0.0265625 0.035416666666666666
0 0.128125 0.6302083333333334 0.0265625 0.035416666666666666
3 0.14921875 0.609375 0.0265625 0.0375
3 0.584765625 0.36395833333333333 0.017750000000000023 0.025458333333333392
1 0.6390625 0.20208333333333334 0.634375 0.225 0.6765625 0.25833333333333336 0.68125 0.30416666666666664 0.7265625 0.35 0.7203125 0.3770833333333333 0.7296875 0.38958333333333334 0.7453125 0.3958333333333333 0.75625 0.3770833333333333 0.7765625 0.3875 0.7890625 0.37083333333333335 0.8125 0.38125 0.815625 0.4 0.8421875 0.41875 0.853125 0.39791666666666664 0.86875 0.38958333333333334 0.8828125 0.35625 0.8890625 0.325 0.8859375 0.3145833333333333 0.8640625 0.3 0.8546875 0.3145833333333333 0.840625 0.30625 0.825 0.3104166666666667 0.8234375 0.29583333333333334 0.753125 0.23541666666666666 0.73125 0.22291666666666668 0.709375 0.23333333333333334 0.703125 0.21458333333333332 0.6875 0.22083333333333333 0.6484375 0.19166666666666668 0.6390625 0.20208333333333334
2 0.642081703125 0.19796798958333334 0.638457303125 0.20446996874999998 0.6364576375000001 0.21380614374999998 0.6377074296874999 0.22347575416666665 0.6455811265625 0.2304778875 0.6532048578125 0.23664643333333332 0.6610785453125 0.24414872916666666 0.6680773906249999 0.249483675 0.6825749812499999 0.21780736458333333 0.6622033609375 0.20146906250000002 0.6527049390624999 0.19296646666666667 0.646281246875 0.19316666666666665 0.642081703125 0.19796798958333334