0 0.920234375 0.5357291666666666 0.0258906249999999 0.031687500000000014
3 0.55625 0.8520833333333333 0.025 0.03333333333333333
0 0.829078125 0.979375 0.021609374999999886 0.030749999999999982
3 0.80625 0.909375 0.0265625 0.0375
3 0.36953125 0.03333333333333333 0.0171875 0.03333333333333333
3 0.9921875 0.79375 0.0140625 0.0375
0 0.8096875000000001 0.9879166666666667 0.024062500000000053 0.0241458333333334
3 0.2875 0.34791666666666665 0.0203125 0.029166666666666667
0 0.28359375 0.5916666666666667 0.021875 0.03125
3 0.2625 0.46041666666666664 0.0234375 0.03125
3 0.35946875 0.28531249999999997 0.02128125000000001 0.025229166666666695
3 0.3491875 0.3123333333333333 0.02053124999999998 0.02645833333333331
1 0.3140625 0.36875 0.31875 0.38958333333333334 0.35 0.40208333333333335 0.3859375 0.44375 0.4375 0.4666666666666667 0.44375 0.4875 0.471875 0.49375 0.475 0.4791666666666667 0.50625 0.4791666666666667 0.534375 0.49166666666666664 0.5421875 0.46458333333333335 0.5546875 0.4479166666666667 0.5546875 0.38333333333333336 0.54375 0.3770833333333333 0.521875 0.3770833333333333 0.515625 0.36875 0.5125 0.38125 0.50625 0.38125 0.48125 0.3645833333333333 0.4359375 0.3541666666666667 0.3515625 0.36041666666666666 0.3265625 0.35208333333333336 0.3140625 0.36875
2 0.3196773796875 0.35717804791666663 0.31717779375 0.36384674791666666 0.31630294375 0.37434994375 0.3175527359375 0.3818522270833334 0.32230195156249997 0.38635359999999996 0.3316753953125 0.38935451249999997 0.339674059375 0.3921887104166667 0.3476727328125 0.3943560479166666 0.354171659375 0.36201285208333334 0.34129879375 0.35734476666666665 0.32980070625 0.3526766791666667 0.323468746875 0.353375 0.3196773796875 0.35717804791666663