0 0.534375 0.734375 0.025 0.03333333333333333
0 0.5875 0.5333333333333333 0.0234375 0.03125
0 0.70078125 0.7458333333333333 0.021875 0.03125
3 0.40859375 0.6479166666666667 0.028125 0.03333333333333333
0 0.82890625 0.703125 0.025 0.029166666666666667
3 0.83984375 0.39895833333333336 0.021875 0.029166666666666667
3 0.790625 0.5697916666666667 0.0203125 0.029166666666666667
3 0.4953125 0.6354166666666666 0.025 0.035416666666666666
1 0.9921875 0.38645833333333335 0.9921875 0.3614583333333333 0.97890625 0.3416666666666667 0.96015625 0.34791666666666665 0.95234375 0.33541666666666664 0.94140625 0.33541666666666664 0.88203125 0.21875 0.86328125 0.225 0.85078125 0.18958333333333333 0.83984375 0.19166666666666668 0.81640625 0.15 0.80078125 0.15208333333333332 0.7921875 0.178125 0.815625 0.215625 0.8078125 0.2677083333333333 0.83125 0.334375 0.81875 0.35104166666666664 0.821875 0.37604166666666666 0.83828125 0.3854166666666667 0.85234375 0.37083333333333335 0.86484375 0.38958333333333334 0.88515625 0.38125 0.89765625 0.3854166666666667 0.909375 0.434375 0.9234375 0.43645833333333334 0.96796875 0.425 0.9921875 0.38645833333333335
2 0.79130159375 0.1770648875 0.7943010984375001 0.18440044375 0.7993002687499999 0.19273631458333332 0.80554923125 0.20307279791666666 0.8110483187499999 0.21424285833333334 0.8347943671875001 0.18873510833333332 0.8267957031250001 0.176564725 0.8204217625 0.16372748125 0.8154225937499999 0.15322428541666666 0.8080488156250001 0.1498899375 0.7998001875 0.15489146041666665 0.7928013421875 0.16339404583333333 0.791124996875 0.17170833333333332 0.79130159375 0.1770648875
3 0.3275 0.26649999999999996 0.02439062500000002 0.03085416666666664
3 0.677828125 0.15972916666666667 0.028156249999999973 0.03920833333333332
3 0.87928125 0.18685416666666665 0.031906250000000115 0.038375000000000034