0 0.38203125 0.7572916666666667 0.025 0.03333333333333333
0 0.65625 0.6104166666666667 0.0234375 0.03125
0 0.5453125 0.703125 0.0234375 0.03125
3 0.078125 0.3885416666666667 0.0296875 0.035416666666666666
0 0.39375 0.5416666666666666 0.025 0.03125
3 0.23984375 0.725 0.0265625 0.03333333333333333
3 0.3234375 0.678125 0.0265625 0.035416666666666666
3 0.6016874999999999 0.10091666666666667 0.01909375000000004 0.02706249999999999
3 0.40303125 0.1491875 0.018843749999999958 0.02595833333333335
1 0.5109375 0.10625 0.5109375 0.12083333333333333 0.540625 0.15208333333333332 0.540625 0.17083333333333334 0.546875 0.18125 0.54375 0.21041666666666667 0.5828125 0.25833333333333336 0.5828125 0.2708333333333333 0.5734375 0.2875 0.590625 0.31666666666666665 0.6109375 0.29375 0.6265625 0.3 0.625 0.2875 0.6296875 0.28541666666666665 0.6625 0.3333333333333333 0.6703125 0.31666666666666665 0.6921875 0.3125 0.7078125 0.29583333333333334 0.7109375 0.275 0.721875 0.2604166666666667 0.715625 0.23541666666666666 0.6984375 0.22083333333333333 0.671875 0.225 0.609375 0.13958333333333334 0.584375 0.13333333333333333 0.5765625 0.13958333333333334 0.571875 0.12083333333333333 0.5546875 0.12083333333333333 0.53125 0.09166666666666666 0.5203125 0.09166666666666666 0.5109375 0.10625
2 0.51304923125 0.10217399166666666 0.5106746234374999 0.10967627083333334 0.5116744609375 0.12017947083333333 0.5169235859375 0.12668145208333334 0.5241723859375 0.13435045208333335 0.5331708875000001 0.1428530375 0.55241769375 0.11934588333333333 0.5439191015625 0.110176425 0.5350455765625 0.09933979375 0.528546659375 0.09183750833333333 0.5216727999999999 0.09250437916666666 0.517062496875 0.0965 0.51304923125 0.10217399166666666