3 0.975 0.9875 0.0234375 0.025
3 0.540625 0.9645833333333333 0.025 0.0375
0 0.296875 0.6427083333333333 0.028125 0.03333333333333333
0 0.94375 0.73125 0.03125 0.0375
3 0.33125 0.38645833333333335 0.0203125 0.03125
3 0.46015625 0.06666666666666667 0.021875 0.035416666666666666
3 0.28984375 0.49895833333333334 0.021875 0.03125
3 0.415625 0.3385416666666667 0.021875 0.03125
3 0.40025000000000005 0.364125 0.02160937500000002 0.028750000000000022
1 0.3578125 0.42291666666666666 0.359375 0.4375 0.3921875 0.4625 0.4234375 0.5166666666666667 0.4671875 0.5520833333333334 0.4765625 0.5708333333333333 0.5 0.5854166666666667 0.5109375 0.5791666666666667 0.540625 0.5895833333333333 0.540625 0.6041666666666666 0.5546875 0.6083333333333333 0.5671875 0.625 0.575 0.625 0.5828125 0.6041666666666666 0.6046875 0.5833333333333334 0.609375 0.5625 0.6046875 0.54375 0.6125 0.51875 0.584375 0.50625 0.578125 0.49583333333333335 0.5671875 0.5 0.5453125 0.475 0.546875 0.4666666666666667 0.521875 0.45 0.503125 0.45416666666666666 0.4875 0.4479166666666667 0.4640625 0.42916666666666664 0.4078125 0.425 0.36875 0.4041666666666667 0.3578125 0.42291666666666666
2 0.3676445734375 0.40700854166666667 0.36214549375 0.41251022083333333 0.359520921875 0.4210128041666667 0.3590210125 0.43101585 0.36302034375000003 0.43718439583333335 0.37364358124999997 0.44451995833333335 0.3826420828125 0.44985491666666666 0.3928903875 0.4568570625 0.404763415625 0.4245138666666667 0.3950150296875 0.41751174375000005 0.3826420828125 0.4086757166666667 0.373156246875 0.40399999999999997 0.3676445734375 0.40700854166666667