0 0.162609375 0.6276666666666666 0.02271874999999999 0.028604166666666705
3 0.18359375 0.12291666666666666 0.0265625 0.03958333333333333
3 0.0921875 0.371875 0.028125 0.03333333333333333
0 0.174421875 0.6010416666666667 0.02237499999999999 0.02702083333333339
0 0.13690625 0.6293124999999999 0.022562499999999996 0.02887500000000003
3 0.159375 0.27395833333333336 0.0296875 0.035416666666666666
3 0.150109375 0.6055208333333333 0.021796874999999983 0.024249999999999973
3 0.08528125 0.44777083333333334 0.018671875000000004 0.022187499999999954
3 0.095875 0.17308333333333334 0.01976562500000001 0.025312500000000012
3 0.58496875 0.3627708333333333 0.01721874999999997 0.025562499999999964
1 0.634375 0.225 0.675 0.25625 0.6796875 0.3 0.6859375 0.3104166666666667 0.73125 0.33958333333333335 0.7203125 0.3770833333333333 0.734375 0.39375 0.7484375 0.39375 0.75625 0.3770833333333333 0.7734375 0.38958333333333334 0.8125 0.38125 0.815625 0.4 0.840625 0.41875 0.853125 0.39791666666666664 0.871875 0.39166666666666666 0.88125 0.3729166666666667 0.8859375 0.3145833333333333 0.8640625 0.3 0.853125 0.3145833333333333 0.8390625 0.30625 0.8265625 0.3104166666666667 0.8234375 0.29583333333333334 0.740625 0.22708333333333333 0.7234375 0.225 0.709375 0.23333333333333334 0.7046875 0.21458333333333332 0.6953125 0.2125 0.6875 0.22083333333333333 0.646875 0.19166666666666668 0.634375 0.225
2 0.636831021875 0.21076513541666667 0.6354562421875001 0.22010131666666669 0.6392056203125 0.22576970416666667 0.646704375 0.23177153541666667 0.6529533375 0.23743992291666668 0.66070205625 0.24377519166666667 0.6689506953125 0.25111075416666667 0.6826984125 0.21776726875 0.6710753375 0.20793094583333332 0.6590773234375 0.19859476666666667 0.6497038796875 0.19209279375000002 0.644204790625 0.19626072916666668 0.640343746875 0.20274999999999999 0.636831021875 0.21076513541666667