3 0.1828125 0.12291666666666666 0.028125 0.0375
0 0.15703125 0.3541666666666667 0.028125 0.0375
3 0.09140625 0.371875 0.0296875 0.03333333333333333
3 0.084375 0.4510416666666667 0.0265625 0.03333333333333333
0 0.14375 0.675 0.0328125 0.03958333333333333
3 0.0890625 0.5739583333333333 0.0296875 0.035416666666666666
3 0.15859375 0.27291666666666664 0.0296875 0.0375
3 0.6791875 0.35870833333333335 0.01850000000000005 0.025333333333333385
0 0.74425 0.4060833333333333 0.01931250000000002 0.02333333333333331
1 0.734375 0.30416666666666664 0.7140625 0.30416666666666664 0.709375 0.3125 0.6625 0.30416666666666664 0.653125 0.33541666666666664 0.667148559375 0.34151167499999996 0.7061673921875 0.34888326458333335 0.7140625 0.36666666666666664 0.7234375 0.39166666666666666 0.734375 0.3958333333333333 0.7824818984374999 0.41014785625 0.7797193703125 0.43133710625 0.796294478125 0.4382466479166667 0.815625 0.4354166666666667 0.8171875 0.41875 0.8453125 0.41875 0.8556885671875 0.4152148458333333 0.8736449125 0.40830530416666666 0.884349684375 0.40277766875 0.8888387828125 0.41936057708333335 0.921875 0.425 0.9296875 0.39166666666666666 0.9421875 0.38958333333333334 0.946875 0.35 0.9359375 0.34375 0.9375 0.30833333333333335 0.90368731875 0.30650474375 0.886766875 0.3249301854166667 0.8270274515624999 0.3129536375 0.783517825 0.29913455625 0.7421875 0.29375 0.734375 0.30416666666666664
0 0.698078125 0.3593541666666667 0.018234374999999935 0.022000000000000006
3 0.7677031249999999 0.4165 0.019937499999999986 0.023958333333333335
2 0.6557111875 0.32251148958333337 0.654586371875 0.33251453333333336 0.657710853125 0.34018353125 0.66958388125 0.34235085625 0.68383151875 0.34485161666666664 0.6984540859374999 0.34668551249999996 0.700953671875 0.31350874375 0.6808320140624999 0.3091740958333334 0.6699588234375 0.30650661041666666 0.6613352531250001 0.3061731770833333 0.657218746875 0.31462500000000004 0.6557111875 0.32251148958333337