0 0.161296875 0.5790416666666667 0.022906249999999996 0.027979166666666562
3 0.084375 0.4510416666666667 0.0265625 0.03125
3 0.0921875 0.37083333333333335 0.028125 0.03333333333333333
0 0.174671875 0.6011458333333334 0.022093750000000023 0.027604166666666666
3 0.18359375 0.12291666666666666 0.0265625 0.0375
0 0.16203125000000002 0.6281874999999999 0.022171874999999997 0.026416666666666564
3 0.159375 0.27291666666666664 0.0296875 0.035416666666666666
0 0.1365 0.6349374999999999 0.021921875 0.028229166666666573
3 0.09765625 0.16979166666666667 0.0265625 0.035416666666666666
3 0.584375 0.3645833333333333 0.025 0.03333333333333333
3 0.147609375 0.6104791666666666 0.02096874999999998 0.026250000000000048
1 0.634375 0.225 0.675 0.25625 0.684375 0.30833333333333335 0.7375 0.34791666666666665 0.7203125 0.3645833333333333 0.7203125 0.3770833333333333 0.7296875 0.38958333333333334 0.746875 0.3958333333333333 0.7578125 0.3770833333333333 0.778125 0.3875 0.784375 0.37083333333333335 0.7921875 0.37083333333333335 0.8140625 0.38125 0.815625 0.4 0.8421875 0.41875 0.853125 0.39791666666666664 0.8703125 0.3854166666666667 0.8875 0.3333333333333333 0.8859375 0.3145833333333333 0.86875 0.30833333333333335 0.8625 0.29583333333333334 0.853125 0.3125 0.834375 0.30416666666666664 0.8265625 0.3125 0.8234375 0.29583333333333334 0.7421875 0.22708333333333333 0.7296875 0.22291666666666668 0.709375 0.23333333333333334 0.703125 0.21458333333333332 0.6890625 0.22083333333333333 0.6546875 0.19166666666666668 0.6453125 0.19166666666666668 0.634375 0.225
2 0.6359526343749999 0.21210015 0.6359526343749999 0.2216030375 0.64070185 0.22693799583333335 0.6482006046875 0.23377341458333334 0.6550744625 0.239608525 0.669072134375 0.25094530833333334 0.68331978125 0.21826868958333331 0.6724465703125 0.20909923125000002 0.6595737234375 0.1984293208333333 0.6502002796874999 0.19242749166666667 0.643576365625 0.19626199791666668 0.6398749968749999 0.20400000000000001 0.6359526343749999 0.21210015