0 0.8330781249999999 0.2819375 0.025 0.03125
3 0.8260781250000001 0.2125 0.020921875000000156 0.03354166666666666
3 0.52534375 0.8197916666666667 0.019640625000000078 0.03333333333333333
3 0.36571875 0.06558333333333334 0.02271875000000003 0.032708333333333325
0 0.23298437500000002 0.5867291666666666 0.02432812499999999 0.031083333333333248
1 0.43359375 0.45416666666666666 0.471875 0.4635416666666667 0.475 0.43645833333333334 0.4890625 0.415625 0.48359375 0.35625 0.46796875 0.34791666666666665 0.44453125 0.3458333333333333 0.43984375 0.35625 0.40859375 0.3416666666666667 0.32890625 0.33958333333333335 0.31796875 0.3541666666666667 0.29140625 0.35 0.28828125 0.35625 0.2453125 0.3572916666666667 0.2421875 0.37604166666666666 0.24765625 0.3875 0.30546875 0.4083333333333333 0.31953125 0.43333333333333335 0.37890625 0.45 0.38671875 0.4708333333333333 0.4125 0.471875 0.41484375 0.46041666666666664 0.43359375 0.45416666666666666
2 0.2455201375 0.36034492083333336 0.24314552968749997 0.37118155 0.2452701828125 0.38368535625 0.25226901874999996 0.38868687916666667 0.2642670234375 0.391020925 0.2780147421875 0.3941885583333333 0.2825139921875 0.35767744166666665 0.26601673593749997 0.3550099666666667 0.251906246875 0.354 0.2455201375 0.36034492083333336
3 0.282765625 0.2788125 0.023703125000000026 0.02822916666666669
3 0.27325 0.3078958333333333 0.024124999999999997 0.03104166666666662
3 0.21376562500000001 0.35558333333333336 0.022015624999999962 0.02822916666666669
3 0.19598437500000002 0.47100000000000003 0.02454687499999999 0.03443750000000006