1 0.45234375 0.45 0.4890625 0.46145833333333336 0.49375 0.434375 0.5078125 0.41354166666666664 0.50078125 0.3541666666666667 0.46328125 0.34375 0.45859375 0.35625 0.42890625 0.33958333333333335 0.34921875 0.33541666666666664 0.33359375 0.34791666666666665 0.27265625 0.3416666666666667 0.2625 0.35520833333333335 0.26796875 0.37916666666666665 0.30234375 0.3875 0.32578125 0.40208333333333335 0.33671875 0.4270833333333333 0.39296875 0.44375 0.40078125 0.4666666666666667 0.425 0.46979166666666666 0.43203125 0.45625 0.45234375 0.45
2 0.267345234375 0.34798094583333333 0.2633360234375 0.3568944916666667 0.2624005453125 0.36848210416666666 0.2672115953125 0.37864354375 0.2787046625 0.38220896458333337 0.2936723875 0.38577438333333336 0.29888435156250004 0.34780266666666665 0.28605488125 0.34548514583333334 0.2727049703125 0.34155231458333335 0.267345234375 0.34798094583333333
3 0.391890625 0.06574999999999999 0.02053124999999998 0.02952083333333333
3 0.303140625 0.2716458333333333 0.02218749999999998 0.029041666666666664
3 0.29415625 0.29933333333333334 0.021109374999999986 0.027604166666666666
3 0.23340624999999998 0.34322916666666664 0.02017187500000004 0.027854166666666676
3 0.21321875 0.46079166666666665 0.021109374999999986 0.027937500000000053
3 0.847234375 0.23854166666666668 0.022437499999999843 0.027437499999999972
3 0.9074375 0.24306250000000001 0.02240624999999987 0.02677083333333332
0 0.685125 0.1703125 0.021875 0.030541666666666658
0 0.246453125 0.5765833333333333 0.023343749999999996 0.02908333333333341
0 0.8504687499999999 0.29825 0.02184375000000003 0.028125