3 0.39140625 0.08541666666666667 0.021875 0.035416666666666666
0 0.8515625 0.30833333333333335 0.0234375 0.03125
3 0.848171875 0.24758333333333335 0.0229375000000001 0.028541666666666642
0 0.765625 0.209375 0.0234375 0.03333333333333333
0 0.2515625 0.5958333333333333 0.0265625 0.03125
3 0.30625 0.2916666666666667 0.021875 0.029166666666666667
3 0.2975 0.3202291666666667 0.020265625000000044 0.02616666666666667
3 0.23729687500000002 0.3646041666666667 0.02098437500000001 0.025833333333333285
3 0.21871875 0.4794791666666667 0.020359374999999957 0.02514583333333332
1 0.3078125 0.36666666666666664 0.275 0.3625 0.265625 0.375 0.265625 0.39375 0.325 0.4270833333333333 0.3390625 0.4479166666666667 0.3984375 0.4666666666666667 0.4015625 0.48125 0.428125 0.4895833333333333 0.4328125 0.47708333333333336 0.471875 0.475 0.4875 0.48333333333333334 0.4921875 0.47708333333333336 0.4984375 0.4479166666666667 0.5078125 0.4354166666666667 0.5046875 0.3729166666666667 0.490625 0.3645833333333333 0.46875 0.36666666666666664 0.4671875 0.36041666666666666 0.45625 0.37083333333333335 0.4234375 0.35833333333333334 0.3515625 0.3541666666666667 0.3078125 0.36666666666666664
2 0.2699280703125 0.36984501875000003 0.2671785203125 0.3766804375 0.266928565625 0.3866834833333333 0.2699280703125 0.3955195041666667 0.2761770328125 0.3985204166666667 0.2860503953125 0.40085446458333335 0.300298021875 0.40402209166666664 0.3036724671875 0.3695115875 0.29129951875 0.36651067083333333 0.2818010984375 0.36367647708333334 0.274093746875 0.3637916666666667 0.2699280703125 0.36984501875000003