0 0.596875 0.14895833333333333 0.021875 0.029166666666666667
3 0.63359375 0.7020833333333333 0.025 0.0375
3 0.6625 0.215625 0.01875 0.029166666666666667
3 0.33203125 0.6770833333333334 0.0265625 0.035416666666666666
0 0.734375 0.5729166666666666 0.025 0.03125
3 0.6046875 0.08020833333333334 0.01875 0.03125
3 0.65390625 0.5885416666666666 0.025 0.03333333333333333
1 0.46796875 0 0.421875 0.023958333333333335 0.42890625 0.058333333333333334 0.47734375 0.04583333333333333 0.50234375 0.07291666666666667 0.56015625 0.07083333333333333 0.56953125 0.09583333333333334 0.584375 0.096875 0.5953125 0.08645833333333333 0.59375 0.059375 0.61171875 0.052083333333333336 0.63515625 0.00625 0.64453125 0.014583333333333334 0.67109375 0.0125 0.675 0.0010416666666666667 0.62265625 0 0.60859375 0.014583333333333334 0.60234375 0 0.46796875 0
2 0.43479831874999997 0.058271735416666665 0.45154553125 0.05377036875 0.4656682 0.04926899791666666 0.4569196421875 0.012924604166666666 0.44179715625 0.01692581458333333 0.4259247859375 0.02076031875 0.4220504296875 0.027262295833333335 0.42255035 0.0426003 0.42492495625000004 0.05460395625 0.42956249687500003 0.059000000000000004 0.43479831874999997 0.058271735416666665
0 0.614578125 0.4381875 0.027078125000000064 0.0347291666666667
0 0.7364531249999999 0.43193750000000003 0.020828125000000065 0.03333333333333333
3 0.38125 0.19166666666666668 0.025 0.03333333333333333