0 0.73359375 0.6947916666666667 0.025 0.03125
3 0.6921875 0.5635416666666667 0.0203125 0.027083333333333334
0 0.44296875 0.7447916666666666 0.025 0.03125
0 0.609375 0.7447916666666666 0.0234375 0.03125
3 0.3125 0.6677083333333333 0.0265625 0.03333333333333333
3 0.7359375 0.390625 0.0203125 0.029166666666666667
3 0.56953125 0.165625 0.025 0.035416666666666666
3 0.21875 0.28958333333333336 0.0296875 0.03333333333333333
0 0.490625 0.540625 0.025 0.03125
3 0.40034375000000005 0.6483541666666667 0.019296875000000036 0.025458333333333392
3 0.7708125 0.18025 0.020578124999999937 0.026437499999999996
1 0.68125 0.16041666666666668 0.6796875 0.17291666666666666 0.703125 0.2125 0.696875 0.26666666666666666 0.725 0.3333333333333333 0.725 0.33958333333333335 0.7109375 0.3458333333333333 0.7109375 0.35833333333333334 0.725 0.38125 0.7421875 0.3770833333333333 0.746875 0.3729166666666667 0.7546875 0.3854166666666667 0.778125 0.3875 0.8 0.43125 0.8234375 0.4166666666666667 0.8390625 0.42083333333333334 0.85 0.4125 0.859375 0.38958333333333334 0.871875 0.3770833333333333 0.8734375 0.35208333333333336 0.8578125 0.3375 0.8578125 0.32708333333333334 0.8390625 0.33541666666666664 0.825 0.32083333333333336 0.7765625 0.22291666666666668 0.7609375 0.20833333333333334 0.74375 0.21458333333333332 0.7421875 0.18958333333333333 0.725 0.1875 0.709375 0.15416666666666667 0.6984375 0.14583333333333334 0.68125 0.16041666666666668
2 0.6841426687500001 0.15796849791666664 0.6802683140625 0.16763810625 0.6826429125 0.17580726249999998 0.6870171859374999 0.18347626041666668 0.692516275 0.19214556875 0.700764903125 0.20614983333333334 0.7230112234375 0.18514343541666667 0.7145126312500001 0.17013886666666667 0.7083886453125 0.15663475833333335 0.702514615625 0.14879903958333335 0.69564075625 0.14713186458333333 0.6901874968749999 0.15045833333333333 0.6841426687500001 0.15796849791666664