3 0.1828125 0.12291666666666666 0.0265625 0.0375
3 0.084375 0.4510416666666667 0.0265625 0.035416666666666666
3 0.09140625 0.371875 0.028125 0.03333333333333333
0 0.15703125 0.3541666666666667 0.028125 0.0375
0 0.14375 0.675 0.0328125 0.03958333333333333
3 0.0890625 0.5739583333333333 0.0296875 0.035416666666666666
3 0.159375 0.27291666666666664 0.028125 0.0375
0 0.7453125 0.40208333333333335 0.01875 0.027083333333333334
3 0.678125 0.3572916666666667 0.015625 0.027083333333333334
1 0.7328125 0.30416666666666664 0.7140625 0.30416666666666664 0.709375 0.3145833333333333 0.659375 0.30625 0.6546875 0.3416666666666667 0.66875 0.34791666666666665 0.68795060625 0.3508751770833333 0.70771394375 0.35882035416666663 0.717189521875 0.37723870625 0.7247699921875 0.38879532708333336 0.7374943328125 0.3931290604166667 0.7564454890625 0.4025188354166667 0.7827063890625 0.4104639854166667 0.77999908125 0.43285491875000004 0.8149233390624999 0.4368275291666667 0.8187135953125001 0.4144365666666667 0.8433500734375 0.42057605000000003 0.8828125 0.42291666666666666 0.8875 0.4375 0.89375 0.4166666666666667 0.909375 0.4125 0.9203125 0.37083333333333335 0.909375 0.33958333333333335 0.859375 0.3229166666666667 0.853125 0.3125 0.7421875 0.29375 0.7328125 0.30416666666666664
2 0.656096384375 0.3220787375 0.656223184375 0.33358008541666667 0.6592662203125 0.3406838604166667 0.6700436609375 0.34254436875 0.685512465625 0.3449122958333334 0.701108053125 0.34728022291666666 0.7033903375 0.3132835875 0.6894430609375 0.31142307916666667 0.673974265625 0.3078711916666667 0.6635771984375001 0.30617981666666666 0.6585159140625 0.30883554166666666 0.656096384375 0.3220787375