3 0.14932812499999998 0.0775 0.0203125 0.03125
0 0.77421875 0.8229166666666666 0.025 0.03333333333333333
0 0.17440625 0.6610625 0.029281250000000016 0.032791666666666684
3 0.9015625 0.5885416666666666 0.0265625 0.03333333333333333
3 0.740625 0.765625 0.025 0.03333333333333333
3 0.49489062500000003 0.8059166666666666 0.02240625000000005 0.029562500000000113
0 0.76171875 0.8395833333333333 0.028125 0.035416666666666666
0 0.7795 0.3748125 0.024593750000000015 0.029520833333333368
3 0.12734375 0.41691666666666666 0.020671874999999985 0.02939583333333336
3 0.125484375 0.5367708333333333 0.022812499999999993 0.02979166666666663
3 0.186765625 0.3275416666666667 0.023140625000000005 0.03164583333333333
3 0.183109375 0.35885416666666664 0.024031249999999994 0.028104166666666687
1 0.35625 0.36041666666666666 0.346875 0.35625 0.34375 0.36666666666666664 0.3171875 0.3625 0.24375 0.375 0.225 0.39166666666666666 0.2015625 0.3958333333333333 0.2 0.4041666666666667 0.16875 0.4041666666666667 0.159375 0.4125 0.1578125 0.43125 0.165625 0.44375 0.1953125 0.44375 0.2265625 0.45416666666666666 0.240625 0.47291666666666665 0.296875 0.4708333333333333 0.3109375 0.49583333333333335 0.340625 0.49583333333333335 0.34375 0.47708333333333336 0.3515625 0.475 0.353125 0.4666666666666667 0.3921875 0.46875 0.4015625 0.4041666666666667 0.39375 0.38958333333333334 0.3921875 0.35833333333333334 0.3765625 0.35833333333333334 0.371875 0.35208333333333336 0.35625 0.36041666666666666
2 0.1628356234375 0.4097650875 0.15908624531249999 0.41960141875 0.15933620937499998 0.43093820208333333 0.1622107265625 0.4376068979166667 0.1674598609375 0.44194155 0.1820824296875 0.44177483333333334 0.1977048359375 0.44194155 0.19745488125 0.4057638666666667 0.180207740625 0.40559715208333336 0.167531246875 0.4044166666666667 0.1628356234375 0.4097650875