1 0.46328125 0.46458333333333335 0.49140625 0.47708333333333336 0.5 0.4739583333333333 0.51875 0.428125 0.51328125 0.37083333333333335 0.48046875 0.36041666666666666 0.47109375 0.37083333333333335 0.44296875 0.3541666666666667 0.36953125 0.34791666666666665 0.35078125 0.36041666666666666 0.32734375 0.35625 0.32265625 0.3645833333333333 0.28515625 0.35625 0.278125 0.36770833333333336 0.28046875 0.39166666666666666 0.31328125 0.4 0.33984375 0.4166666666666667 0.35078125 0.44166666666666665 0.40546875 0.45625 0.41171875 0.4791666666666667 0.440625 0.4822916666666667 0.44609375 0.46875 0.46328125 0.46458333333333335
2 0.2814542125 0.36273149375 0.27745488125 0.3702337770833333 0.2778298125 0.38373789375 0.2808293171875 0.3917403208333334 0.2947020109375 0.3952413854166667 0.307449890625 0.39840901875 0.31219910624999997 0.36239805833333333 0.2992012625 0.3593971458333333 0.28596874687499996 0.35733333333333334 0.2814542125 0.36273149375
3 0.405484375 0.0825 0.021531249999999957 0.02872916666666668
3 0.31803125 0.2875416666666667 0.020875000000000022 0.027104166666666648
3 0.307515625 0.3159166666666666 0.021750000000000026 0.02687499999999995
3 0.24912499999999999 0.3569791666666667 0.019984375000000033 0.025562499999999964
3 0.22875 0.47274999999999995 0.02109375 0.02681250000000001
3 0.8618281250000001 0.25206249999999997 0.021953124999999928 0.027145833333333334
3 0.909921875 0.25064583333333335 0.02300000000000004 0.029875000000000006
0 0.69725 0.18535416666666665 0.02168749999999999 0.028854166666666656
0 0.86484375 0.31372916666666667 0.02246875000000017 0.0296875
0 0.26034375 0.5890000000000001 0.02162499999999996 0.029562500000000113