0 0.753125 0.7875 0.028125 0.03333333333333333
3 0.08515625 0.11485416666666667 0.0234375 0.0296875
0 0.14375 0.69375 0.03046875 0.03333333333333333
0 0.730078125 0.3424375 0.02578125 0.0296875
3 0.474703125 0.8039583333333333 0.021031250000000057 0.03185416666666659
3 0.08828125 0.5770833333333333 0.0296875 0.03125
0 0.7421875 0.8083333333333333 0.0234375 0.03125
3 0.865625 0.5393125 0.021875 0.0296875
3 0.716125 0.7349791666666667 0.020875000000000022 0.03064583333333341
3 0.0828125 0.45625 0.0265625 0.03333333333333333
3 0.1375 0.359375 0.0234375 0.03125
3 0.13359375 0.39166666666666666 0.025 0.03125
1 0.3046875 0.3729166666666667 0.29375 0.36875 0.2921875 0.38125 0.265625 0.38125 0.190625 0.40208333333333335 0.175 0.42083333333333334 0.1546875 0.425 0.1515625 0.4354166666666667 0.115625 0.44375 0.1140625 0.4708333333333333 0.1203125 0.4791666666666667 0.18125 0.48333333333333334 0.1984375 0.5020833333333333 0.2578125 0.5 0.265625 0.5125 0.3015625 0.5104166666666666 0.3015625 0.49583333333333335 0.3109375 0.49166666666666664 0.3125 0.48125 0.35 0.48125 0.346875 0.45208333333333334 0.3546875 0.42083333333333334 0.34375 0.3958333333333333 0.340625 0.36666666666666664 0.3234375 0.36875 0.31875 0.3625 0.3046875 0.3729166666666667
2 0.11658510468750001 0.4457648833333333 0.11383556406249999 0.45210015 0.1139605421875 0.46210319583333337 0.1164601265625 0.47010562916666665 0.120459459375 0.4759407395833334 0.1280832015625 0.476274175 0.1394563109375 0.47527386666666666 0.151704271875 0.47394014166666665 0.14770493906249998 0.4372622958333333 0.13345730312499998 0.4399297729166667 0.12159374687499999 0.4404583333333333 0.11658510468750001 0.4457648833333333