0 0.161390625 0.5786041666666667 0.022640625000000015 0.028000000000000115
3 0.084375 0.4510416666666667 0.0265625 0.03125
3 0.0921875 0.371875 0.0296875 0.03333333333333333
0 0.174 0.6008125 0.02356250000000002 0.027708333333333238
3 0.18359375 0.12291666666666666 0.0265625 0.0375
0 0.162109375 0.6285208333333333 0.02320312499999999 0.028375000000000008
3 0.15859375 0.27291666666666664 0.0296875 0.035416666666666666
3 0.09765625 0.16979166666666667 0.0265625 0.035416666666666666
3 0.14665625 0.6109375 0.02200000000000002 0.026187500000000103
0 0.125140625 0.6305416666666667 0.02215625000000001 0.024312499999999914
3 0.584375 0.3645833333333333 0.025 0.03333333333333333
1 0.6390625 0.20208333333333334 0.634375 0.225 0.6765625 0.25833333333333336 0.68125 0.30416666666666664 0.7203125 0.33541666666666664 0.7265625 0.35833333333333334 0.7203125 0.375 0.7328125 0.39166666666666666 0.746875 0.3958333333333333 0.75625 0.3770833333333333 0.7703125 0.3875 0.8140625 0.38125 0.8140625 0.4 0.8421875 0.41875 0.853125 0.39791666666666664 0.8671875 0.39166666666666666 0.8796875 0.3729166666666667 0.8859375 0.3145833333333333 0.8625 0.29791666666666666 0.8546875 0.3125 0.840625 0.30625 0.825 0.3104166666666667 0.8234375 0.29583333333333334 0.7453125 0.22916666666666666 0.728125 0.22291666666666668 0.7078125 0.23125 0.7078125 0.21875 0.7 0.2125 0.6875 0.22083333333333333 0.6484375 0.19166666666666668 0.6390625 0.20208333333333334
2 0.6389758984375 0.20574444791666666 0.6361961796875 0.21241890833333335 0.6360571968750001 0.22168899791666666 0.6423115640625 0.22743645208333335 0.650094775 0.234667125 0.6584339328125 0.24152699375 0.6698307765625 0.25042627916666665 0.6834514140625 0.21668314791666665 0.67219354375 0.209267075 0.6614916187500001 0.20073859583333334 0.6542643546875 0.19406412916666668 0.645508234375 0.19387872708333334 0.641561421875 0.19998765833333335 0.6389758984375 0.20574444791666666