0 0.73359375 0.6947916666666667 0.025 0.03125
0 0.4421875 0.74375 0.025 0.03125
0 0.609375 0.7447916666666666 0.021875 0.029166666666666667
0 0.490625 0.5395833333333333 0.0234375 0.03125
3 0.3125 0.6666666666666666 0.025 0.03333333333333333
3 0.56953125 0.16458333333333333 0.025 0.035416666666666666
3 0.21989062499999998 0.28802083333333334 0.020187500000000025 0.02802083333333331
3 0.40149999999999997 0.6475833333333333 0.01973437499999999 0.030208333333333334
3 0.77109375 0.1798958333333333 0.019906250000000014 0.029020833333333346
1 0.6796875 0.17083333333333334 0.7 0.20833333333333334 0.7046875 0.23958333333333334 0.696875 0.26666666666666666 0.7234375 0.33125 0.7109375 0.35 0.7171875 0.375 0.7265625 0.38333333333333336 0.7453125 0.36875 0.7640625 0.37916666666666665 0.771875 0.35208333333333336 0.7625 0.3333333333333333 0.775 0.32916666666666666 0.790625 0.3541666666666667 0.7921875 0.3729166666666667 0.771875 0.3729166666666667 0.7875 0.3854166666666667 0.784375 0.4 0.7984375 0.4270833333333333 0.815625 0.4166666666666667 0.840625 0.41875 0.8515625 0.4125 0.8609375 0.3854166666666667 0.871875 0.375 0.8765625 0.3541666666666667 0.8609375 0.3375 0.859375 0.32708333333333334 0.8390625 0.33958333333333335 0.825 0.33541666666666664 0.821875 0.3145833333333333 0.7859375 0.25 0.78125 0.22708333333333333 0.7609375 0.20833333333333334 0.7453125 0.2125 0.7421875 0.1875 0.725 0.18541666666666667 0.703125 0.14583333333333334 0.6953125 0.14583333333333334 0.6796875 0.17083333333333334
2 0.6808834390625 0.16645833333333335 0.68185581875 0.17516203541666667 0.6863009828125 0.18368055833333333 0.6924130765625 0.19368055833333334 0.6985251796874999 0.20293982708333333 0.7226957625 0.18293981458333333 0.716444753125 0.16997684999999998 0.7083878796875 0.15701388958333334 0.7024147015625 0.14701388958333333 0.6958858609374999 0.14664352083333335 0.6900515890625 0.150347225 0.6856423609375 0.15523148125 0.6808834390625 0.16645833333333335