0 0.434375 0.8489583333333334 0.0234375 0.029166666666666667
3 0.72578125 0.646875 0.015625 0.025
0 0.69375 0.9 0.021875 0.029166666666666667
3 0.67265625 0.7729166666666667 0.015625 0.025
3 0.34375 0.7427083333333333 0.0234375 0.029166666666666667
3 0.41796875 0.753125 0.021875 0.029166666666666667
0 0.5791875 0.9054583333333334 0.017031249999999963 0.02791666666666662
0 0.5099843749999999 0.6926249999999999 0.016218749999999994 0.023249999999999934
3 0.34445312499999997 0.43847916666666664 0.013874999999999993 0.019479166666666714
3 0.6208437499999999 0.44054166666666666 0.012687500000000008 0.019041666666666637
3 0.770546875 0.5038958333333333 0.015281249999999958 0.020374999999999942
2 0.7092680625 0.46042663333333333 0.70801826875 0.46476128125000005 0.7093930390625001 0.47042967708333333 0.7116426687499999 0.4739307395833333 0.7186415046875 0.4739307395833333 0.7240156171875001 0.4719301291666667 0.7228908015625 0.46426112708333334 0.7193913796875 0.4585927354166667 0.713312496875 0.4594166666666667 0.7092680625 0.46042663333333333
1 0.7015625 0.46875 0.712436859375 0.5176139979166667 0.7040732390625 0.5369915249999999 0.716618678125 0.5968856895833333 0.706714378125 0.6124464270833333 0.716838771875 0.638870325 0.7375277578125 0.6356407416666666 0.74038900625 0.64209991875 0.7578125 0.6416666666666667 0.775 0.66875 0.7953125 0.6625 0.8046875 0.66875 0.83125 0.65 0.83125 0.61875 0.8234375 0.60625 0.80625 0.6041666666666666 0.803125 0.5958333333333333 0.79375 0.5895833333333333 0.775 0.5395833333333333 0.7674607515625 0.5181417604166667 0.748752628125 0.5128569833333334 0.747211965625 0.4975898395833333 0.7395086203125001 0.48760749166666667 0.7234375 0.46041666666666664 0.7109375 0.4583333333333333 0.7015625 0.46875