3 0.778125 0.559375 0.015625 0.025
0 0.76328125 0.8166666666666667 0.01875 0.027083333333333334
0 0.521875 0.8229166666666666 0.0234375 0.03125
0 0.66171875 0.846875 0.0203125 0.029166666666666667
3 0.3625 0.36666666666666664 0.025 0.03125
3 0.4125 0.7302083333333333 0.025 0.03333333333333333
3 0.664015625 0.34147916666666667 0.015593750000000028 0.019437499999999965
3 0.81059375 0.39768749999999997 0.01542187499999983 0.0206666666666667
3 0.49296875 0.7254791666666667 0.01821874999999995 0.025437500000000075
0 0.57921875 0.6427916666666668 0.016843749999999956 0.022562500000000086
3 0.7395625 0.69575 0.018687500000000058 0.023937500000000018
1 0.746875 0.36875 0.746875 0.37916666666666665 0.7625 0.4125 0.759375 0.45416666666666666 0.7640625 0.46875 0.7625 0.5395833333333333 0.7703125 0.55 0.7921875 0.54375 0.803125 0.5604166666666667 0.81875 0.5520833333333334 0.8328125 0.55625 0.8359375 0.575 0.8484375 0.5979166666666667 0.8671875 0.5916666666666667 0.88125 0.5958333333333333 0.8921875 0.5875 0.909375 0.5520833333333334 0.89375 0.53125 0.88125 0.53125 0.875 0.5208333333333334 0.865625 0.5208333333333334 0.8578125 0.5104166666666666 0.85 0.49375 0.8484375 0.475 0.8163389890625 0.42308797499999995 0.7859375 0.38958333333333334 0.7671875 0.35833333333333334 0.7578125 0.35833333333333334 0.746875 0.36875
2 0.747173125 0.37097423125 0.7490478140625 0.38147743333333334 0.7541719703124999 0.38897971666666664 0.759171140625 0.398149175 0.7651701390625 0.41031954583333335 0.7826672343750001 0.39264749583333336 0.772043996875 0.3724746895833333 0.7681696421875001 0.36197149375 0.76279553125 0.35747012291666663 0.755812496875 0.3604583333333334 0.747173125 0.37097423125