0 0.534375 0.734375 0.025 0.03333333333333333
0 0.5875 0.534375 0.0234375 0.03125
0 0.70078125 0.746875 0.021875 0.03125
0 0.828125 0.7041666666666667 0.025 0.029166666666666667
3 0.40859375 0.6479166666666667 0.0265625 0.03333333333333333
3 0.83984375 0.4 0.021875 0.03125
3 0.790625 0.5708333333333333 0.0203125 0.029166666666666667
3 0.4953125 0.6364583333333333 0.025 0.035416666666666666
3 0.67734375 0.16354166666666667 0.028125 0.0375
3 0.325984375 0.2685625 0.019296875000000036 0.025
3 0.879546875 0.18935416666666666 0.018531249999999843 0.026750000000000006
1 0.7921875 0.1625 0.7890625 0.17916666666666667 0.8140625 0.225 0.8046875 0.2708333333333333 0.8125 0.28541666666666665 0.81875 0.325 0.8296875 0.3416666666666667 0.828125 0.35 0.815625 0.35625 0.8203125 0.38125 0.8359375 0.3875 0.853125 0.3770833333333333 0.8640625 0.39375 0.8796875 0.37916666666666665 0.9015625 0.39791666666666664 0.896875 0.41458333333333336 0.9140625 0.44166666666666665 0.9390625 0.42916666666666664 0.953125 0.4354166666666667 0.971875 0.42083333333333334 0.9890625 0.39375 0.99375 0.36875 0.9765625 0.34375 0.95625 0.35 0.9484375 0.33541666666666664 0.9390625 0.33541666666666664 0.9015625 0.26666666666666666 0.8921875 0.2375 0.8734375 0.21458333333333332 0.8625 0.21875 0.853125 0.19375 0.8390625 0.19583333333333333 0.8140625 0.15208333333333332 0.803125 0.15208333333333332 0.7921875 0.1625
2 0.7948616859375 0.16193089166666666 0.79098733125 0.17293424375 0.79286201875 0.18310400416666667 0.7972362937499999 0.19110643958333334 0.8026104046875 0.19927559583333335 0.8113589515624999 0.21394673333333333 0.833480284375 0.19027285208333333 0.821607246875 0.169433175 0.8176079140624999 0.15976356458333332 0.8129836765625 0.152428 0.8064847593750001 0.15226128125 0.8003437468750001 0.15566666666666668 0.7948616859375 0.16193089166666666