0 0.8273125 0.42014583333333333 0.020843749999999873 0.025791666666666657
0 0.789515625 0.8680833333333333 0.022765625000000077 0.028604166666666705
3 0.511109375 0.8122291666666667 0.02039062499999993 0.027854166666666676
3 0.9241250000000001 0.6482500000000001 0.02184375000000003 0.02772916666666655
3 0.75890625 0.806625 0.021531249999999957 0.02722916666666677
0 0.204640625 0.6219374999999999 0.022468749999999992 0.027250000000000087
0 0.7676875 0.8652916666666666 0.021156249999999942 0.029708333333333316
3 0.16507812500000002 0.49456249999999996 0.021796874999999983 0.02677083333333338
3 0.17678125 0.3759375 0.02081249999999999 0.027187500000000024
3 0.23465625 0.32429166666666664 0.020468750000000036 0.02460416666666667
3 0.24270312500000002 0.29514583333333333 0.01967187499999996 0.026395833333333365
3 0.22185937500000003 0.03997916666666667 0.02081249999999999 0.026791666666666665
1 0.4 0.35625 0.3796875 0.34791666666666665 0.321875 0.34791666666666665 0.2890625 0.35208333333333336 0.278125 0.3645833333333333 0.253125 0.3645833333333333 0.2484375 0.3729166666666667 0.215625 0.36875 0.2078125 0.3770833333333333 0.20625 0.39375 0.2125 0.4083333333333333 0.2640625 0.42083333333333334 0.284375 0.4479166666666667 0.34375 0.45416666666666666 0.35 0.47708333333333336 0.38125 0.48125 0.3828125 0.4666666666666667 0.3984375 0.45625 0.4390625 0.4625 0.4421875 0.43125 0.4515625 0.4166666666666667 0.4453125 0.35208333333333336 0.4328125 0.35208333333333336 0.4296875 0.34375 0.409375 0.35 0.4015625 0.34375 0.4 0.35625
2 0.21142823125 0.3737645333333333 0.2085537140625 0.38059994375 0.20780383125 0.390936425 0.20880366874999998 0.399105575 0.21217810468749998 0.40544084166666666 0.22692566093750002 0.4069412958333333 0.24367288125000003 0.40944205624999996 0.24542259375 0.3735978104166667 0.22967520000000002 0.37126377083333334 0.21503124687500003 0.36941666666666667 0.21142823125 0.3737645333333333