0 0.7421875 0.9525 0.025 0.03208333333333328
0 0.74 0.5141666666666667 0.02307812499999997 0.029104166666666723
3 0.8594531249999999 0.7184583333333333 0.023281250000000142 0.02858333333333339
3 0.46875 0.934375 0.025 0.035416666666666666
0 0.73046875 0.9733750000000001 0.0265625 0.030312499999999905
3 0.709375 0.89375 0.025 0.03333333333333333
3 0.12050000000000001 0.5415 0.024750000000000005 0.02706250000000002
3 0.1828125 0.45729166666666665 0.025 0.029166666666666667
3 0.1765625 0.484375 0.0234375 0.03125
3 0.15703125 0.22395833333333334 0.021875 0.03125
3 0.1125 0.6579375 0.022953124999999998 0.028354166666666694
0 0.15421875000000002 0.7820625 0.025828125 0.032874999999999946
1 0.35625 0.49166666666666664 0.3375 0.4895833333333333 0.3359375 0.4979166666666667 0.303125 0.49375 0.234375 0.5041666666666667 0.21875 0.51875 0.196875 0.5208333333333334 0.190625 0.53125 0.159375 0.53125 0.15 0.54375 0.15 0.5583333333333333 0.1578125 0.56875 0.1859375 0.56875 0.2140625 0.5791666666666667 0.2234375 0.5854166666666667 0.2265625 0.5979166666666667 0.284375 0.6 0.290625 0.6041666666666666 0.29375 0.61875 0.325 0.61875 0.3265625 0.60625 0.3375 0.6020833333333333 0.340625 0.59375 0.378125 0.59375 0.378125 0.5729166666666666 0.3875 0.5520833333333334 0.3875 0.5354166666666667 0.38125 0.5229166666666667 0.3796875 0.4895833333333333 0.365625 0.49166666666666664 0.3609375 0.48541666666666666 0.35625 0.49166666666666664
2 0.1557088015625 0.534308325 0.15158448124999999 0.5431443541666667 0.151709459375 0.5551480041666667 0.15420904375 0.5624835854166667 0.1593332015625 0.5671516583333334 0.17233103593750002 0.5666515208333334 0.1877034859375 0.5666515208333334 0.1878284640625 0.53164085 0.17395576875000002 0.5313074125 0.159874996875 0.5310833333333334 0.1557088015625 0.534308325