0 0.5515625 0.7729166666666667 0.0265625 0.035416666666666666
0 0.834375 0.8989583333333333 0.0234375 0.03333333333333333
0 0.703125 0.8729166666666667 0.021875 0.03333333333333333
0 0.659375 0.6145833333333334 0.028125 0.03333333333333333
3 0.54375 0.6604166666666667 0.025 0.035416666666666666
3 0.4921875 0.23645833333333333 0.025 0.03333333333333333
3 0.4609375 0.628125 0.025 0.035416666666666666
3 0.8484375 0.31354166666666666 0.028125 0.035416666666666666
3 0.928125 0.578125 0.015625 0.03125
1 1 0.42916666666666664 0.9890625 0.425 0.9796875 0.375 0.9625 0.37083333333333335 0.9484375 0.38125 0.9578125 0.42916666666666664 0.9515625 0.43125 0.9515625 0.46041666666666664 0.9390625 0.47708333333333336 0.9421875 0.50625 0.9375 0.5479166666666667 0.94375 0.5604166666666667 0.9234375 0.5645833333333333 0.91875 0.5833333333333334 0.9265625 0.6041666666666666 0.9546875 0.6020833333333333 0.965625 0.6104166666666667 0.9703125 0.6229166666666667 0.98125 0.6208333333333333 0.9984375 0.65 0.9921875 0.6666666666666666 0.996875 0.66875 1 0.6875 1 0.6375 0.9859375 0.6145833333333334 0.990625 0.6125 0.9875 0.5854166666666667 1 0.5833333333333334 1 0.42916666666666664
2 0.95338780625 0.37805477291666667 0.9491385187500001 0.3840566041666667 0.9510132078125 0.3943930854166667 0.9536377796875 0.40689689166666665 0.9561373640624999 0.41806695416666667 0.9595117999999999 0.43140435416666667 0.9875071453125001 0.42206818749999997 0.9857574421875 0.41506604166666666 0.981883078125 0.39606025833333336 0.980883240625 0.38505690625 0.9785086421875 0.37572072916666666 0.9723846671875 0.3717195125 0.962531246875 0.3717083333333333 0.95338780625 0.37805477291666667