0 0.53203125 0.7520833333333333 0.0203125 0.03333333333333333
0 0.69921875 0.75625 0.025 0.035416666666666666
0 0.82109375 0.7072916666666667 0.021875 0.03333333333333333
3 0.40546875 0.6770833333333334 0.0265625 0.035416666666666666
3 0.77890625 0.58125 0.01875 0.027083333333333334
3 0.49135937500000004 0.6599791666666667 0.01945312500000007 0.03220833333333341
3 0.31837499999999996 0.3179166666666667 0.024015625000000006 0.02983333333333332
3 0.65509375 0.20124999999999998 0.02248437499999998 0.03664583333333334
3 0.851328125 0.21583333333333332 0.023703125000000113 0.029208333333333353
3 0.82075 0.4151458333333334 0.018906249999999857 0.02368750000000001
0 0.57890625 0.5570625 0.02134374999999995 0.030625000000000093
1 0.7625 0.21041666666666667 0.7828125 0.2625 0.78125 0.29791666666666666 0.8 0.36041666666666666 0.7953125 0.37083333333333335 0.7984375 0.3958333333333333 0.80625 0.40625 0.834375 0.39791666666666664 0.840625 0.4083333333333333 0.8625 0.41041666666666665 0.8921875 0.4479166666666667 0.91875 0.43333333333333335 0.9296875 0.4395833333333333 0.946875 0.425 0.9625 0.4 0.965625 0.3770833333333333 0.9484375 0.3541666666666667 0.9234375 0.35833333333333334 0.921875 0.3458333333333333 0.9125 0.3458333333333333 0.903125 0.3333333333333333 0.853125 0.24375 0.809375 0.22083333333333333 0.7875 0.18333333333333332 0.778125 0.18333333333333332 0.7625 0.21041666666666667
2 0.7640771890625 0.2075 0.7672721421875 0.21620370208333334 0.774773353125 0.2275 0.784774978125 0.24046296458333333 0.8036669218749999 0.21472222500000002 0.7893590390624999 0.19175926041666666 0.7825523859375 0.18361111875 0.775190090625 0.18675925833333332 0.7701736109375 0.19398148124999998 0.7640771890625 0.2075