3 0.1828125 0.12291666666666666 0.0265625 0.0375
3 0.09140625 0.371875 0.0296875 0.03333333333333333
0 0.14375 0.6739583333333333 0.0328125 0.03958333333333333
0 0.15703125 0.3541666666666667 0.0296875 0.0375
3 0.08359375 0.4510416666666667 0.0265625 0.03333333333333333
3 0.08828125 0.5739583333333333 0.0296875 0.035416666666666666
3 0.15859375 0.271875 0.028125 0.0375
0 0.74453125 0.403125 0.0203125 0.029166666666666667
3 0.76796875 0.41458333333333336 0.0203125 0.025
0 0.6985625 0.35933333333333334 0.018234374999999935 0.02027083333333337
3 0.679078125 0.3587916666666667 0.017843749999999936 0.02460416666666667
1 0.746875 0.30625 0.7140625 0.30416666666666664 0.7078125 0.3145833333333333 0.659375 0.30625 0.653125 0.3375 0.6703125 0.3458333333333333 0.6831430359375 0.3456536625 0.7096626484375 0.34981557291666665 0.715625 0.36666666666666664 0.7244840265625 0.3871403895833333 0.7802532296875 0.4037879729166667 0.7814231640625 0.4350021875 0.81184271875 0.4370831229166667 0.81875 0.41041666666666665 0.8453125 0.4166666666666667 0.8804817109374999 0.4037879729166667 0.8894515875 0.4173141645833333 0.921875 0.425 0.928125 0.3958333333333333 0.940625 0.39166666666666666 0.946875 0.35208333333333336 0.934375 0.3458333333333333 0.9375 0.30833333333333335 0.9046875 0.30833333333333335 0.9 0.33125 0.8921875 0.33125 0.8578125 0.3145833333333333 0.7453125 0.29583333333333334 0.746875 0.30625
2 0.6550213265625 0.3272721791666667 0.6555091125 0.33703240624999997 0.6618502656249999 0.34093649375 0.67241886875 0.34353922291666666 0.6877027 0.34614195 0.69940946875 0.34917846041666667 0.7044498765625 0.3162105854166667 0.6927431078125 0.3142585458333333 0.678272259375 0.3094868791666666 0.665752521875 0.30579968125 0.6602243265625 0.3086193 0.6576389296875 0.3155387604166667 0.6550213265625 0.3272721791666667