0 0.734375 0.6947916666666667 0.0234375 0.029166666666666667
0 0.4421875 0.74375 0.025 0.03125
0 0.609375 0.7458333333333333 0.021875 0.029166666666666667
0 0.490625 0.5395833333333333 0.0234375 0.03125
3 0.3125 0.6666666666666666 0.025 0.03333333333333333
3 0.21909375 0.2889375 0.02104687500000004 0.026479166666666623
3 0.56953125 0.165625 0.025 0.035416666666666666
3 0.40103125000000006 0.6478333333333333 0.018546875000000008 0.024875000000000112
3 0.77134375 0.18008333333333332 0.01974999999999998 0.026479166666666682
1 0.68125 0.16041666666666668 0.6796875 0.17291666666666666 0.7015625 0.21041666666666667 0.696875 0.26458333333333334 0.7125 0.3020833333333333 0.7125 0.36041666666666666 0.7171875 0.37083333333333335 0.721875 0.3770833333333333 0.74375 0.37083333333333335 0.7640625 0.3770833333333333 0.7703125 0.36666666666666664 0.7859375 0.38333333333333336 0.784375 0.39791666666666664 0.796875 0.425 0.8140625 0.41458333333333336 0.85 0.41458333333333336 0.871875 0.3770833333333333 0.8765625 0.3541666666666667 0.859375 0.32708333333333334 0.840625 0.33541666666666664 0.8311326796875 0.3307683645833333 0.8203125 0.3125 0.765625 0.20625 0.750210634375 0.20863135833333332 0.7265625 0.18541666666666667 0.7046875 0.14791666666666667 0.696875 0.14583333333333334 0.68125 0.16041666666666668
2 0.6817993343750001 0.16176036666666666 0.6810494609375 0.17276371666666668 0.686548540625 0.1827667625 0.692672525 0.19343667916666665 0.701046140625 0.20660735208333333 0.7232924406250001 0.18510080833333334 0.7122942640625001 0.16426112708333335 0.707170115625 0.15425808541666666 0.702170946875 0.14725595208333334 0.695422075 0.14675579791666668 0.6906562468749999 0.15045833333333333 0.6817993343750001 0.16176036666666666