0 0.5979062500000001 0.15035416666666668 0.021875 0.029166666666666667
3 0.63359375 0.7020833333333333 0.025 0.0375
3 0.6625 0.21979166666666666 0.01875 0.029166666666666667
3 0.33203125 0.6770833333333334 0.0265625 0.035416666666666666
0 0.735421875 0.5756875 0.025 0.03125
3 0.605734375 0.08577083333333334 0.01875 0.03125
3 0.654953125 0.5913125 0.025 0.03333333333333333
1 0.590625 0.06215277708333333 0.60859375 0.054861110416666664 0.63203125 0.009027777083333332 0.64140625 0.017361110416666665 0.66796875 0.015277777083333333 0.671875 0.00381944375 0.61953125 0.0027777770833333337 0.60546875 0.017361110416666665 0.59921875 0.0027777770833333337 0.46484375 0.0027777770833333337 0.41875 0.026736110416666667 0.42578125 0.06111111041666666 0.47421875 0.048611110416666665 0.49921875 0.07569444375 0.55703125 0.07361111041666667 0.56640625 0.09861111041666668 0.58125 0.09965277708333334 0.5921875 0.08923611041666667 0.590625 0.06215277708333333
2 0.4334757265625 0.05757728958333333 0.44134942343750005 0.054909814583333334 0.453222453125 0.05140875 0.4620959765625 0.04890798958333333 0.4538473484375 0.011229847916666667 0.4393497578125 0.016731525 0.4278516609375 0.0183987 0.42135274375 0.02123289375 0.4186032046875 0.030235637500000002 0.4201029515625 0.04140570416666667 0.4232274328125 0.05240905208333334 0.42789583125 0.05809722291666666 0.4334757265625 0.05757728958333333
3 0.3796875 0.1930625 0.028125 0.041666666666666664
0 0.6171875 0.432625 0.028125 0.0402708333333333
0 0.7375 0.43193750000000003 0.020828125000000065 0.038895833333333366