3 0.53203125 0.81475 0.021890624999999986 0.03160416666666658
0 0.80859375 0.8979166666666667 0.01875 0.029166666666666667
3 0.366234375 0.05247916666666667 0.02223437500000003 0.034125
0 0.23665625 0.5826875 0.025124999999999974 0.029958333333333323
3 0.28359375 0.2708333333333333 0.021875 0.03125
3 0.932515625 0.880625 0.02192187499999996 0.029312500000000106
3 0.198984375 0.4674166666666667 0.020296875000000013 0.027937500000000053
3 0.21415625 0.34752083333333333 0.021578125000000004 0.02585416666666672
3 0.274796875 0.30062500000000003 0.02028125000000003 0.02670833333333332
1 0.31875 0.34375 0.2921875 0.34375 0.2890625 0.35 0.253125 0.3458333333333333 0.2453125 0.35625 0.2453125 0.3770833333333333 0.253125 0.3854166666666667 0.28125 0.38958333333333334 0.3125 0.41041666666666665 0.325 0.43125 0.3796875 0.4354166666666667 0.3828125 0.4583333333333333 0.3890625 0.46458333333333335 0.4140625 0.4708333333333333 0.4203125 0.45625 0.4359375 0.45208333333333334 0.475 0.4583333333333333 0.4796875 0.43125 0.4921875 0.4083333333333333 0.484375 0.34791666666666665 0.4734375 0.3416666666666667 0.45 0.34375 0.4484375 0.3375 0.44375 0.34791666666666665 0.4375 0.34791666666666665 0.415625 0.33541666666666664 0.340625 0.3333333333333333 0.31875 0.34375
2 0.2489585703125 0.3499688541666667 0.245084215625 0.35980518333333333 0.2448342515625 0.36914135625 0.24708388124999997 0.37681035625 0.2505833046875 0.38247875 0.2593318515625 0.3826454645833334 0.269580146875 0.38431263958333334 0.279953428125 0.38631325 0.2839527609375 0.35113587291666665 0.266955584375 0.34796824374999996 0.253156246875 0.34587500000000004 0.2489585703125 0.3499688541666667