0 0.1734375 0.6 0.0265625 0.03333333333333333
0 0.136984375 0.6351666666666667 0.021906250000000016 0.027854166666666676
3 0.10882812500000001 0.3163958333333333 0.018999999999999996 0.025791666666666657
3 0.09879687499999999 0.3561875 0.01959375000000001 0.025458333333333392
3 0.113484375 0.3720208333333333 0.0203125 0.023937500000000018
3 0.129203125 0.31320833333333337 0.01885937499999999 0.024062500000000025
3 0.153546875 0.368625 0.019593749999999986 0.02495833333333337
3 0.13573437500000002 0.3822291666666667 0.02082812500000002 0.02595833333333329
0 0.161671875 0.6289791666666668 0.021421875000000014 0.02791666666666662
3 0.146015625 0.33233333333333337 0.019750000000000024 0.02418750000000003
3 0.116328125 0.3424166666666667 0.020390625000000016 0.022770833333333348
0 0.1324375 0.3556666666666667 0.021578125000000004 0.0265625
1 0.684375 0.15625 0.6828125 0.17291666666666666 0.703125 0.21458333333333332 0.70625 0.23958333333333334 0.7 0.2625 0.728125 0.3333333333333333 0.728125 0.33958333333333335 0.7140625 0.3458333333333333 0.721875 0.375 0.734375 0.37916666666666665 0.7484375 0.36875 0.7578125 0.38333333333333336 0.7796875 0.3854166666666667 0.8015625 0.4270833333333333 0.8546875 0.4083333333333333 0.8625 0.3875 0.8734375 0.3770833333333333 0.878125 0.34791666666666665 0.86875 0.3458333333333333 0.859375 0.325 0.840625 0.3333333333333333 0.8171875 0.3 0.775 0.21458333333333332 0.7640625 0.20416666666666666 0.7484375 0.20208333333333334 0.74375 0.18333333333333332 0.728125 0.18333333333333332 0.70625 0.14375 0.696875 0.14375 0.684375 0.15625
2 0.6900822437499999 0.15067860625 0.685083075 0.15768073958333334 0.68458315625 0.16835065624999998 0.6883325328125001 0.17668652916666666 0.6945814953125 0.18835674791666665 0.7028301234375001 0.20269445625000002 0.7233267234375 0.17651980625 0.71045385625 0.15367951875000002 0.7058296281249999 0.14451006458333332 0.6992057234375 0.14384319166666665 0.6945624968749999 0.14608333333333334 0.6900822437499999 0.15067860625