3 0.1828125 0.121875 0.0265625 0.0375
0 0.14375 0.6739583333333333 0.0328125 0.03958333333333333
3 0.15859375 0.271875 0.028125 0.0375
3 0.09140625 0.37083333333333335 0.0296875 0.035416666666666666
0 0.15625 0.3541666666666667 0.0296875 0.0375
3 0.0890625 0.5729166666666666 0.0296875 0.0375
3 0.08359375 0.4510416666666667 0.0265625 0.03333333333333333
3 0.75768294375 0.4195181 0.7621304906249999 0.42730496874999996 0.7679678953125 0.43101300625 0.773249365625 0.42749036875 0.77783590625 0.42007429583333333 0.777279971875 0.40895019375 0.7621517546875001 0.4050259770833333 0.7593507703125 0.4119166270833333 0.75768294375 0.4195181
3 0.6678980203125 0.35370044791666666 0.6692878796875 0.3638975479166667 0.6776270375 0.3729822395833333 0.688467934375 0.3642683520833333 0.68902388125 0.35351504791666666 0.683611653125 0.34664218333333335 0.6749863015625001 0.34665517916666666 0.6678980203125 0.35370044791666666
0 0.688884896875 0.35666688125 0.6906917078125 0.3651953625 0.70014275625 0.3700158125 0.7070920546874999 0.3638975479166667 0.70875988125 0.35370044791666666 0.7012546484375 0.3507340208333333 0.6905621046875 0.3491906833333333 0.688884896875 0.35666688125
0 0.7343333000000001 0.39968010416666666 0.733777353125 0.40857938958333334 0.737390996875 0.41488305416666665 0.7419775265624999 0.41784947916666665 0.7479539265625 0.4187764895833333 0.7540693109375 0.4126582229166667 0.75462525625 0.40097791041666664 0.7494827703125 0.39485965208333335 0.7397365484375 0.3925151645833333 0.7343333000000001 0.39968010416666666
1 0.7 0.3020833333333333 0.696875 0.3104166666666667 0.662304628125 0.30906973958333334 0.656736321875 0.31693458125 0.6537883843750001 0.3414030041666667 0.67540655 0.34620931250000003 0.7114368359375 0.35538496875000003 0.7140572296875 0.37111466666666665 0.7265625 0.39375 0.7453125 0.3958333333333333 0.7805494687500001 0.4108758770833333 0.7792392718750001 0.4222362125 0.7798943828125 0.43359656458333334 0.79528913125 0.43621821041666664 0.8109375 0.43125 0.8203125 0.41041666666666665 0.853125 0.4166666666666667 0.871875 0.41041666666666665 0.8765625 0.3854166666666667 0.8875 0.41875 0.921875 0.42291666666666666 0.9296875 0.3958333333333333 0.9421875 0.3875 0.946875 0.34791666666666665 0.9375 0.34375 0.9375 0.30833333333333335 0.915625 0.3125 0.9046875 0.30625 0.9 0.32916666666666666 0.8921875 0.3333333333333333 0.85625 0.3145833333333333 0.74375 0.29791666666666666 0.7 0.3020833333333333