0 0.68984375 0.171875 0.0203125 0.03125
0 0.86171875 0.3104166666666667 0.025 0.029166666666666667
3 0.403890625 0.07979166666666666 0.020343749999999973 0.030479166666666665
3 0.22453125 0.47250000000000003 0.023749999999999983 0.027104166666666648
0 0.25703125 0.5885416666666666 0.025 0.029166666666666667
3 0.8598437499999999 0.2504166666666667 0.02284374999999983 0.029249999999999984
3 0.93296875 0.3073125 0.020406249999999914 0.027583333333333352
3 0.31484375 0.2864583333333333 0.01875 0.03125
3 0.30546875 0.3125 0.0203125 0.029166666666666667
3 0.2453125 0.35625 0.021875 0.03125
1 0.3203125 0.36041666666666666 0.2828125 0.35625 0.275 0.36666666666666664 0.2734375 0.38125 0.2828125 0.3958333333333333 0.3078125 0.4 0.3390625 0.42083333333333334 0.35 0.44166666666666665 0.4015625 0.45625 0.4078125 0.47708333333333336 0.43125 0.48541666666666666 0.4390625 0.48541666666666666 0.440625 0.47291666666666665 0.459375 0.46875 0.496875 0.47708333333333336 0.5046875 0.44583333333333336 0.515625 0.43333333333333335 0.5125 0.36666666666666664 0.5 0.36041666666666666 0.478125 0.3625 0.4765625 0.35625 0.4703125 0.35833333333333334 0.4703125 0.36666666666666664 0.4625 0.36666666666666664 0.440625 0.3541666666666667 0.3578125 0.35 0.3203125 0.36041666666666666
2 0.27720751093749996 0.36376529375 0.27483290312499997 0.36926696666666664 0.27433299375 0.37876986250000005 0.276332659375 0.38760588333333335 0.28020701406250004 0.39260740625 0.2879557234375 0.3931075708333333 0.297204190625 0.3952748833333333 0.30645265625 0.3976089291666666 0.31082692968750003 0.36243155 0.29657929375 0.3587637708333334 0.2864559765625 0.3562630104166667 0.28034374687499997 0.35858333333333337 0.27720751093749996 0.36376529375