0 0.546875 0.4625 0.01875 0.03125
0 0.5734375 0.7385416666666667 0.025 0.03125
3 0.3734375 0.5739583333333333 0.0265625 0.03333333333333333
0 0.6375 0.7708333333333334 0.0234375 0.03125
0 0.65859375 0.621875 0.0234375 0.03125
3 0.29765625 0.7010416666666667 0.025 0.035416666666666666
3 0.621875 0.10833333333333334 0.0234375 0.03125
3 0.65234375 0.48333333333333334 0.0234375 0.03125
3 0.20234375 0.26979166666666665 0.0296875 0.03958333333333333
3 0.801859375 0.23943750000000003 0.01932812499999992 0.025208333333333322
3 0.681546875 0.3564791666666667 0.019343749999999993 0.026479166666666623
2 0.6930485046875 0.14850925208333335 0.68954908125 0.15451107916666668 0.6936734 0.16017947083333334 0.697797709375 0.1670148833333333 0.70479655625 0.16384725625 0.71104551875 0.16084634374999998 0.71104551875 0.15401092500000002 0.7081709921875 0.14700879583333334 0.702687496875 0.14400000000000002 0.6930485046875 0.14850925208333335
1 0.684375 0.15625 0.6828125 0.17083333333333334 0.70625 0.2125 0.7 0.26458333333333334 0.7265625 0.33125 0.7140625 0.34375 0.7203125 0.3729166666666667 0.734375 0.37916666666666665 0.75 0.36875 0.7578125 0.38333333333333336 0.7828125 0.3854166666666667 0.8015625 0.4270833333333333 0.8296875 0.4125 0.840625 0.41875 0.8546875 0.4083333333333333 0.8625 0.3875 0.875 0.375 0.8796875 0.35625 0.8625 0.3375 0.8625 0.3229166666666667 0.8421875 0.3333333333333333 0.79375 0.25833333333333336 0.7765625 0.21458333333333332 0.7625 0.20416666666666666 0.7453125 0.21041666666666667 0.7453125 0.1875 0.740625 0.18125 0.728125 0.18333333333333332 0.70625 0.14375 0.696875 0.14375 0.684375 0.15625