0 0.44921875 0.6354166666666666 0.0328125 0.03958333333333333
3 0.1828125 0.12291666666666666 0.0265625 0.0375
3 0.084375 0.4510416666666667 0.0265625 0.035416666666666666
0 0.15703125 0.3541666666666667 0.0296875 0.0375
3 0.0921875 0.371875 0.028125 0.03333333333333333
0 0.14375 0.675 0.0328125 0.03958333333333333
3 0.0890625 0.5729166666666666 0.0296875 0.035416666666666666
3 0.159375 0.27291666666666664 0.0296875 0.0375
3 0.76796875 0.41458333333333336 0.0203125 0.027083333333333334
3 0.678125 0.3572916666666667 0.015625 0.027083333333333334
1 0.7296875 0.30625 0.7140625 0.30416666666666664 0.709375 0.3145833333333333 0.6609375 0.30625 0.6546875 0.3229166666666667 0.6546875 0.33958333333333335 0.66875 0.34791666666666665 0.7060685624999999 0.3493854 0.7100762984375 0.36153578750000004 0.7140625 0.36875 0.725 0.38958333333333334 0.7546875 0.39791666666666664 0.7818513265625 0.40430514791666666 0.780029625 0.43298010625 0.8140625 0.4354166666666667 0.8171875 0.41875 0.8359375 0.42291666666666666 0.846875 0.41458333333333336 0.8515625 0.39791666666666664 0.8359375 0.37916666666666665 0.8546875 0.3729166666666667 0.846875 0.3416666666666667 0.8453125 0.3125 0.7890625 0.29791666666666666 0.74375 0.29375 0.7296875 0.30625
2 0.6572668703125 0.31561306875 0.6560541265625 0.32300846041666664 0.655534390625 0.3327149125 0.6579598640625 0.3401102958333333 0.6678349906250001 0.34242135416666664 0.686545771875 0.34588794375000004 0.6995393671875 0.34796790000000005 0.7005788515625 0.313995325 0.6792693515625 0.30960432083333334 0.6661025125 0.3068310395833333 0.6589279375 0.30849027083333336 0.6572668703125 0.31561306875