0 0.165625 0.3458333333333333 0.0234375 0.035416666666666666
0 0.173828125 0.600125 0.021421875000000014 0.028854166666666715
0 0.16240625 0.628 0.02317187500000002 0.026645833333333258
0 0.13760937499999998 0.6351458333333333 0.022390625000000018 0.028562500000000077
3 0.15 0.325 0.0203125 0.03333333333333333
3 0.584375 0.3645833333333333 0.025 0.03333333333333333
3 0.14609375 0.3572916666666667 0.021875 0.03333333333333333
3 0.0921875 0.371875 0.028125 0.03333333333333333
3 0.14765625 0.6104166666666667 0.021875 0.03125
1 0.8890625 0.334375 0.88359375 0.30833333333333335 0.86640625 0.29583333333333334 0.85234375 0.3125 0.82734375 0.30416666666666664 0.82421875 0.29375 0.74765625 0.22916666666666666 0.73046875 0.22291666666666668 0.71015625 0.23125 0.70234375 0.2125 0.68671875 0.21875 0.65546875 0.19166666666666668 0.6421875 0.19895833333333332 0.6359375 0.21979166666666666 0.675 0.253125 0.6828125 0.2989583333333333 0.73125 0.3489583333333333 0.721875 0.365625 0.72890625 0.3854166666666667 0.74765625 0.39375 0.75859375 0.375 0.77578125 0.3854166666666667 0.81015625 0.3770833333333333 0.81796875 0.39791666666666664 0.840625 0.415625 0.8828125 0.36770833333333336 0.8890625 0.334375
2 0.6448602328125 0.19522819583333334 0.6396111078125 0.20289719375 0.635736753125 0.21173321666666667 0.6356117671875 0.2222364125 0.6443603140625 0.2295719875 0.65460861875 0.2382412875 0.6672315296875 0.24907792083333333 0.681979065625 0.2162346 0.6694811406250001 0.20673169375 0.657608121875 0.19656193333333333 0.650343746875 0.1915 0.6448602328125 0.19522819583333334