0 0.68540625 0.163875 0.021359374999999937 0.028500000000000015
3 0.858578125 0.25104166666666666 0.023953124999999888 0.02922916666666667
3 0.403625 0.08054166666666666 0.01932812500000001 0.030625000000000006
0 0.25625 0.5875 0.0234375 0.029166666666666667
0 0.8611875 0.3124791666666667 0.0229375000000001 0.02918749999999998
3 0.3044375 0.31283333333333335 0.020828124999999975 0.028500000000000015
3 0.3140625 0.2864583333333333 0.01875 0.03125
3 0.9265625 0.37083333333333335 0.025 0.03125
3 0.24451562500000001 0.3560833333333333 0.019406250000000024 0.025625000000000023
3 0.22490625 0.471625 0.01973437499999999 0.02389583333333339
1 0.321875 0.3541666666666667 0.3171875 0.36041666666666666 0.28125 0.35625 0.2734375 0.36666666666666664 0.2734375 0.3875 0.2859375 0.39791666666666664 0.3125 0.4041666666666667 0.3328125 0.42083333333333334 0.3453125 0.44166666666666665 0.4 0.45416666666666666 0.409375 0.4791666666666667 0.4375 0.48541666666666666 0.440625 0.47291666666666665 0.459375 0.46875 0.478125 0.4708333333333333 0.4859375 0.4791666666666667 0.5 0.475 0.5046875 0.44583333333333336 0.515625 0.43125 0.5125 0.36666666666666664 0.5046875 0.36875 0.5 0.36041666666666666 0.4796875 0.3645833333333333 0.4703125 0.35625 0.46875 0.36666666666666664 0.4625 0.36666666666666664 0.434375 0.35208333333333336 0.3875 0.34791666666666665 0.321875 0.3541666666666667
2 0.28027049375 0.36014571875 0.27664609375000004 0.36498052708333334 0.2743964625 0.3744834208333333 0.27489638125 0.38431974583333334 0.2783958046875 0.3901548604166667 0.2882691578125 0.3934892104166667 0.297392646875 0.39498966875 0.30701604531250004 0.3971569875 0.3122651796875 0.36247976666666665 0.29314334999999997 0.3581451145833333 0.282999996875 0.3575416666666667 0.28027049375 0.36014571875