0 0.693078125 0.8697916666666666 0.01729687500000008 0.02408333333333322
3 0.068515625 0.6299791666666666 0.024187500000000008 0.028270833333333436
0 0.6859375 0.8901458333333333 0.0203125 0.02389583333333339
0 0.124859375 0.849375 0.03029687499999998 0.03368749999999991
3 0.75703125 0.6447916666666667 0.0171875 0.025
3 0.4465 0.9188958333333334 0.019765624999999964 0.02795833333333325
3 0.1234375 0.540625 0.0234375 0.029166666666666667
3 0.0703125 0.741125 0.023375000000000014 0.028895833333333343
3 0.6566562499999999 0.8260416666666667 0.02106250000000003 0.029166666666666667
3 0.11875 0.56875 0.0234375 0.029166666666666667
3 0.07896875 0.3403958333333333 0.023578125000000005 0.03079166666666661
0 0.63359375 0.4952083333333333 0.018687500000000058 0.022458333333333278
1 0.296875 0.51875 0.28125 0.5208333333333334 0.28125 0.5416666666666666 0.1859375 0.5645833333333333 0.175 0.5708333333333333 0.165625 0.5895833333333333 0.146875 0.5875 0.140625 0.6041666666666666 0.1078125 0.6104166666666667 0.1 0.61875 0.1 0.6333333333333333 0.1078125 0.6479166666666667 0.1671875 0.6479166666666667 0.178125 0.6583333333333333 0.2453125 0.6479166666666667 0.2484375 0.66875 0.2734375 0.6666666666666666 0.278125 0.6625 0.278125 0.65 0.2734375 0.6416666666666667 0.2890625 0.6354166666666666 0.29375 0.6145833333333334 0.3296875 0.6104166666666667 0.3328125 0.5520833333333334 0.3234375 0.5395833333333333 0.321875 0.5166666666666667 0.303125 0.5104166666666666 0.296875 0.51875
2 0.10189729375 0.6199703770833334 0.101272396875 0.6286396833333333 0.1040219453125 0.6381425770833334 0.1083962203125 0.6443111166666667 0.11452019531249999 0.6438109666666667 0.1282679125 0.6408100541666666 0.141390734375 0.6356418166666666 0.13714144687500002 0.6051325270833333 0.11876949218749999 0.6096338958333334 0.10652153125 0.61146779375 0.10189729375 0.6199703770833334