3 0.534375 0.26979166666666665 0.0125 0.020833333333333332
3 0.29678125 0.2345625 0.018921875000000022 0.026625000000000003
3 0.347390625 0.6260416666666667 0.018265624999999997 0.024937500000000057
3 0.4118125 0.61975 0.01598437500000003 0.022479166666666592
0 0.47493749999999996 0.5422083333333333 0.015421875000000007 0.019124999999999955
0 0.43392187499999996 0.7106666666666667 0.016843749999999956 0.022208333333333267
0 0.531015625 0.7209375 0.015953125000000058 0.022499999999999905
0 0.591328125 0.6895625 0.014109374999999957 0.020479166666666753
1 0.581907340625 0.3168749791666666 0.5912042625 0.33595455416666664 0.599309253125 0.3585320458333333 0.5952567578125 0.36679986875000004 0.5940648453125 0.42276664166666666 0.5953125 0.4395833333333333 0.5890625 0.4479166666666667 0.590625 0.4625 0.603125 0.4708333333333333 0.615625 0.4625 0.625 0.47708333333333336 0.653125 0.4791666666666667 0.65625 0.49375 0.66875 0.5145833333333333 0.690625 0.5104166666666666 0.7015625 0.4979166666666667 0.7046875 0.475 0.696875 0.46041666666666664 0.6796875 0.45208333333333334 0.671875 0.44166666666666665 0.6671875 0.41458333333333336 0.65625 0.4041666666666667 0.64375 0.36875 0.628125 0.3541666666666667 0.628125 0.33958333333333335 0.6109375 0.3229166666666667 0.6015625 0.3020833333333333 0.5953125 0.3020833333333333 0.581907340625 0.3168749791666666
3 0.600984375 0.47685416666666663 0.013328124999999958 0.017354166666666632
3 0.57703125 0.5909791666666667 0.013093749999999993 0.018312499999999923
2 0.58442451875 0.3154339895833333 0.587673978125 0.3237698625 0.5929231125000001 0.3361069479166667 0.5994220296874999 0.3496110625 0.613669665625 0.3351066458333333 0.6054210375 0.31560070625 0.6007967984375 0.3032636145833333 0.5935480078125 0.30426392291666665 0.5889374968750001 0.308375 0.58442451875 0.3154339895833333