0 0.44609375 0.74375 0.0265625 0.03333333333333333
0 0.7421875 0.6822916666666666 0.021875 0.03125
3 0.315625 0.665625 0.0265625 0.03333333333333333
0 0.49453125 0.5385416666666667 0.0234375 0.03333333333333333
3 0.22109375 0.28958333333333336 0.028125 0.035416666666666666
3 0.40234375 0.6479166666666667 0.025 0.035416666666666666
0 0.6125 0.7447916666666666 0.0234375 0.03333333333333333
3 0.57265625 0.16354166666666667 0.028125 0.035416666666666666
1 0.8765625 0.371875 0.8796875 0.35104166666666664 0.86328125 0.325 0.84453125 0.3333333333333333 0.83046875 0.31666666666666665 0.77265625 0.21041666666666667 0.75859375 0.20625 0.75078125 0.2125 0.74140625 0.18125 0.73046875 0.18333333333333332 0.71015625 0.14583333333333334 0.69453125 0.14583333333333334 0.684375 0.16770833333333332 0.7078125 0.209375 0.709375 0.23645833333333333 0.703125 0.26145833333333335 0.7296875 0.3302083333333333 0.7171875 0.34479166666666666 0.71875 0.3614583333333333 0.73046875 0.3770833333333333 0.74453125 0.36875 0.74609375 0.35833333333333334 0.76015625 0.37916666666666665 0.78828125 0.37916666666666665 0.8015625 0.4197916666666667 0.8109375 0.4239583333333333 0.85859375 0.4041666666666667 0.8765625 0.371875
3 0.6969218749999999 0.5622083333333333 0.02126562500000002 0.030020833333333267
3 0.7388281250000001 0.389125 0.02251562499999995 0.030854166666666672
3 0.773859375 0.17600000000000002 0.02503124999999997 0.03837499999999997