3 0.6921875 0.5635416666666667 0.01875 0.027083333333333334
0 0.734375 0.6947916666666667 0.0234375 0.03125
0 0.44296875 0.7447916666666666 0.025 0.03125
0 0.609375 0.7458333333333333 0.0234375 0.029166666666666667
3 0.3125 0.6677083333333333 0.025 0.03333333333333333
3 0.7359375 0.390625 0.0203125 0.029166666666666667
0 0.490625 0.540625 0.025 0.03125
3 0.21875 0.290625 0.0296875 0.03333333333333333
3 0.40112500000000006 0.6489166666666667 0.019781249999999993 0.027604166666666666
3 0.5703750000000001 0.16345833333333332 0.01974999999999998 0.026145833333333358
3 0.770859375 0.18039583333333334 0.020937499999999963 0.02602083333333335
1 0.68125 0.15833333333333333 0.678125 0.17291666666666666 0.7 0.22291666666666668 0.6953125 0.2625 0.71875 0.32916666666666666 0.71875 0.33958333333333335 0.7109375 0.3458333333333333 0.715625 0.3729166666666667 0.7273232296875001 0.3851796125 0.7442104109375001 0.3761688770833333 0.7553559609375 0.38563017708333336 0.778125 0.38958333333333334 0.7984375 0.42916666666666664 0.825 0.4166666666666667 0.8390625 0.42083333333333334 0.853125 0.4083333333333333 0.8703125 0.37916666666666665 0.8703125 0.3541666666666667 0.8578125 0.33958333333333335 0.8578125 0.32708333333333334 0.8375 0.3375 0.8171875 0.3104166666666667 0.7765625 0.225 0.7625 0.21041666666666667 0.7486010624999999 0.20721761458333335 0.7435349078125 0.1986574 0.7265625 0.18541666666666667 0.7046875 0.14791666666666667 0.6953125 0.14583333333333334 0.68125 0.15833333333333333
2 0.6829560359375 0.16059892916666665 0.6807064140625 0.16993510208333334 0.6839558734375 0.17627036875 0.6879552046875 0.18343921666666668 0.6939542125 0.19527615208333332 0.70070309375 0.20761324375 0.722074553125 0.18443951875 0.7100765375 0.16109907916666666 0.7039525531249999 0.14959558541666668 0.695703925 0.14709482291666667 0.6904999968750001 0.15066666666666664 0.6829560359375 0.16059892916666665