0 0.371875 0.784375 0.0234375 0.03333333333333333
0 0.6625 0.8833333333333333 0.0234375 0.035416666666666666
3 0.64609375 0.675 0.0203125 0.029166666666666667
0 0.528125 0.8697916666666666 0.0203125 0.03125
0 0.47421875 0.6145833333333334 0.0265625 0.03333333333333333
3 0.65234375 0.29583333333333334 0.028125 0.0375
3 0.66015625 0.7364583333333333 0.01875 0.03125
3 0.27421875 0.6479166666666667 0.028125 0.035416666666666666
1 0.8890625 0.6385416666666667 0.87890625 0.6041666666666666 0.8578125 0.603125 0.8296875 0.446875 0.82109375 0.4354166666666667 0.80625 0.4322916666666667 0.8078125 0.4010416666666667 0.796875 0.396875 0.7859375 0.34479166666666666 0.77109375 0.3416666666666667 0.7578125 0.353125 0.7671875 0.4114583333333333 0.7484375 0.4510416666666667 0.759375 0.5385416666666667 0.74140625 0.5375 0.7375 0.5614583333333333 0.74453125 0.5791666666666667 0.76171875 0.56875 0.77109375 0.5979166666666667 0.78203125 0.5958333333333333 0.7921875 0.6072916666666667 0.79765625 0.6708333333333333 0.82734375 0.6708333333333333 0.83359375 0.68125 0.846875 0.6802083333333333 0.88046875 0.6583333333333333 0.8890625 0.6385416666666667
2 0.7574248531250001 0.3616007541666667 0.75942451875 0.3739378458333333 0.762174059375 0.38877569791666666 0.7642987125 0.40094606875 0.7924190421875 0.38810883958333336 0.78704493125 0.36443495 0.7851702421875 0.34893023125 0.7811709109375 0.34259496875 0.769922778125 0.34209482291666665 0.762673978125 0.3457626020833333 0.757531246875 0.3515 0.7574248531250001 0.3616007541666667
3 0.841 0.4095833333333333 0.029390624999999913 0.04274999999999996
3 0.29071875 0.2469375 0.029390625000000004 0.03800000000000002
3 0.359734375 0.6725625 0.024937499999999967 0.036812499999999915
3 0.747953125 0.5924166666666667 0.024937500000000057 0.03325000000000008