0 0.49140625 0.11875 0.025 0.035416666666666666
3 0.6609375 0.12708333333333333 0.0234375 0.03333333333333333
0 0.14545312500000002 0.6737708333333334 0.025499999999999988 0.028958333333333287
0 0.67421875 0.18333333333333332 0.025 0.03333333333333333
3 0.771875 0.5333333333333333 0.0265625 0.0375
3 0.08828125 0.5739583333333333 0.028125 0.03333333333333333
3 0.08359375 0.4510416666666667 0.0234375 0.03125
3 0.181 0.12195833333333332 0.013484374999999993 0.027208333333333324
3 0.139015625 0.3549375 0.02081249999999999 0.02429166666666672
3 0.135078125 0.38635416666666667 0.01968749999999999 0.023999999999999962
1 0.30625 0.36875 0.29375 0.36666666666666664 0.2921875 0.375 0.1953125 0.3958333333333333 0.1765625 0.41458333333333336 0.1546875 0.42083333333333334 0.1484375 0.43333333333333335 0.11875 0.4375 0.1125 0.45 0.1140625 0.46458333333333335 0.1234375 0.475 0.15625 0.47291666666666665 0.1796875 0.4791666666666667 0.2 0.4979166666666667 0.2578125 0.4979166666666667 0.2671875 0.5083333333333333 0.3015625 0.50625 0.3125 0.47708333333333336 0.3484375 0.475 0.346875 0.44583333333333336 0.353125 0.43125 0.353125 0.41041666666666665 0.34375 0.39166666666666666 0.340625 0.36666666666666664 0.3171875 0.36041666666666666 0.30625 0.36875
2 0.113981221875 0.4504088520833333 0.11445024687500001 0.46021078958333334 0.11882776875 0.46938707291666665 0.12601943124999998 0.47293244791666667 0.1382139671875 0.47230679374999995 0.1511902171875 0.470221275 0.14712537187500002 0.4330990520833333 0.1346181484375 0.4347674645833333 0.1233616390625 0.43601878125 0.1175092359375 0.43970190416666666 0.113981221875 0.4504088520833333