0 0.173703125 0.6006250000000001 0.02367187500000001 0.027895833333333304
0 0.13684375 0.6349791666666668 0.022578124999999984 0.027145833333333275
3 0.10873437500000001 0.3164375 0.019906250000000004 0.025562499999999964
3 0.09959375000000001 0.35537500000000005 0.019999999999999997 0.02525000000000001
3 0.11346875000000001 0.37233333333333335 0.019499999999999983 0.025583333333333277
3 0.128421875 0.31312500000000004 0.020906249999999994 0.025333333333333385
3 0.15362499999999998 0.3675833333333333 0.01974999999999998 0.02591666666666666
3 0.13584374999999999 0.38195833333333334 0.02081249999999999 0.02525000000000001
3 0.14553125 0.332 0.02174999999999998 0.025062499999999942
0 0.16246875 0.6285624999999999 0.022812499999999993 0.028499999999999897
3 0.11609375 0.3419166666666667 0.020000000000000018 0.0230833333333333
0 0.13228125 0.3561875 0.022265625 0.025645833333333336
2 0.6953297093749999 0.14388151041666666 0.6893307109375 0.15138379583333333 0.6914553546875 0.16038653541666664 0.6969544437499999 0.16688851666666665 0.7033283828125 0.16438775625 0.7120769296875 0.16105341041666668 0.7117019890625 0.1528842520833333 0.7079526109375001 0.1470491416666667 0.702062496875 0.14420833333333333 0.6953297093749999 0.14388151041666666
1 0.6859375 0.15208333333333332 0.68125 0.16875 0.703125 0.21041666666666667 0.7046875 0.23958333333333334 0.6984375 0.2604166666666667 0.7234375 0.32708333333333334 0.7234375 0.33541666666666664 0.7125 0.34375 0.71875 0.37083333333333335 0.7328125 0.37916666666666665 0.7484375 0.36875 0.7578125 0.38333333333333336 0.7796875 0.3854166666666667 0.8015625 0.4270833333333333 0.828125 0.4125 0.8390625 0.41875 0.85625 0.40625 0.8625 0.3854166666666667 0.871875 0.37916666666666665 0.878125 0.35 0.859375 0.33541666666666664 0.859375 0.325 0.840625 0.3333333333333333 0.8203125 0.30625 0.7703125 0.21041666666666667 0.7484375 0.19791666666666666 0.740625 0.18125 0.728125 0.18333333333333332 0.70625 0.14375 0.6953125 0.14375 0.6859375 0.15208333333333332