0 0.1734375 0.6 0.025 0.03125
3 0.09765625 0.35520833333333335 0.0203125 0.029166666666666667
3 0.10703125 0.315625 0.0203125 0.029166666666666667
3 0.11328125 0.3729166666666667 0.021875 0.03125
0 0.137375 0.6345208333333333 0.022031249999999992 0.02647916666666674
3 0.12890625 0.31354166666666666 0.0234375 0.03125
0 0.161890625 0.6292291666666666 0.023109374999999988 0.031145833333333428
3 0.15390625 0.365625 0.0203125 0.03125
3 0.134375 0.37916666666666665 0.021875 0.03125
3 0.14609375 0.33125 0.021875 0.03125
3 0.11796875 0.33958333333333335 0.01875 0.035416666666666666
0 0.14375 0.35520833333333335 0.1421875 0.353125 0.1421875 0.3489583333333333 0.13828125 0.34375 0.13515625 0.3416666666666667 0.12734375 0.3416666666666667 0.121875 0.346875 0.1203125 0.35104166666666664 0.1203125 0.3614583333333333 0.12578125 0.36875 0.1390625 0.36770833333333336 0.1421875 0.36354166666666665 0.14375 0.35520833333333335
1 0.6859375 0.15416666666666667 0.6828125 0.17083333333333334 0.70625 0.21041666666666667 0.7 0.26458333333333334 0.728125 0.3333333333333333 0.7140625 0.34791666666666665 0.721875 0.375 0.73125 0.38125 0.75 0.36875 0.7578125 0.38333333333333336 0.78125 0.3854166666666667 0.8015625 0.4270833333333333 0.83125 0.4125 0.8421875 0.41875 0.853125 0.41041666666666665 0.8765625 0.36666666666666664 0.8765625 0.35208333333333336 0.8625 0.33541666666666664 0.8625 0.325 0.8421875 0.3333333333333333 0.821875 0.30833333333333335 0.7734375 0.2125 0.7578125 0.20416666666666666 0.746875 0.2125 0.7453125 0.1875 0.740625 0.18125 0.7296875 0.18541666666666667 0.70625 0.14375 0.696875 0.14375 0.6859375 0.15416666666666667
2 0.6865487484374999 0.15497088333333334 0.6840491625 0.16497392916666667 0.686673734375 0.17431010208333333 0.6912979625 0.18281269375 0.6969220296875 0.19198215208333333 0.70279605 0.2033189479166667 0.7251673375000001 0.17997849791666667 0.7144191328125 0.16030584166666667 0.706545428125 0.14613485833333334 0.701171325 0.14380081458333333 0.6945624968749999 0.145875 0.6865487484374999 0.15497088333333334