3 0.30078125 0.22825 0.020390625000000016 0.02843750000000001
3 0.5370625 0.2680208333333333 0.014093749999999971 0.021895833333333316
3 0.348515625 0.6209791666666666 0.02048437500000002 0.025124999999999887
3 0.41335937500000003 0.6182083333333334 0.0171875 0.023458333333333314
3 0.5774843749999999 0.5900833333333334 0.014953125000000077 0.015999999999999896
0 0.435234375 0.7084166666666667 0.016609374999999992 0.023999999999999962
0 0.475890625 0.5395208333333333 0.016984375000000006 0.021500000000000043
0 0.531234375 0.7199791666666666 0.014953125000000077 0.021437499999999925
0 0.589421875 0.6868958333333333 0.015718749999999913 0.02077083333333339
3 0.6019687499999999 0.4752708333333333 0.014359375000000086 0.01606249999999996
1 0.58125 0.31666666666666665 0.598188215625 0.35814580208333335 0.5923588046875 0.382702225 0.59375 0.4270833333333333 0.5953125 0.4395833333333333 0.590625 0.44583333333333336 0.590625 0.4583333333333333 0.59375 0.46458333333333335 0.6046875 0.46875 0.6203125 0.46458333333333335 0.625 0.475 0.6515625 0.4791666666666667 0.66875 0.5125 0.6890625 0.5125 0.7 0.5020833333333333 0.70625 0.48333333333333334 0.7046875 0.47291666666666665 0.6953125 0.4583333333333333 0.671875 0.4395833333333333 0.66875 0.4125 0.65625 0.39375 0.6515625 0.3770833333333333 0.6328125 0.3541666666666667 0.6296875 0.3375 0.6140625 0.325 0.6078125 0.30416666666666664 0.596875 0.3 0.58125 0.31666666666666665
2 0.5866114640625 0.3111342604166667 0.589250775 0.31872685624999997 0.5921679156249999 0.326875 0.5955017828125 0.3359490770833334 0.6010582343750001 0.3478009270833333 0.616755215625 0.33391203541666664 0.613004609375 0.32761574375 0.607725990625 0.3129861125 0.604253196875 0.3005787041666667 0.5962673609375 0.30085648125000003 0.5866114640625 0.3111342604166667