3 0.77890625 0.5614583333333333 0.015625 0.025
0 0.521875 0.8270833333333333 0.021875 0.03125
0 0.66328125 0.85 0.0203125 0.029166666666666667
3 0.36171875 0.37083333333333335 0.025 0.03125
0 0.7640625 0.8197916666666667 0.01875 0.027083333333333334
3 0.41243749999999996 0.7330416666666667 0.017640624999999945 0.02404166666666659
3 0.4918125 0.7295208333333334 0.01814062500000002 0.02404166666666659
3 0.663625 0.3428541666666666 0.01626562499999995 0.020749999999999956
3 0.812140625 0.39866666666666667 0.01664062500000014 0.021645833333333305
0 0.578484375 0.6452291666666666 0.01704687499999995 0.023541666666666572
1 0.746875 0.37083333333333335 0.746875 0.37916666666666665 0.765625 0.41458333333333336 0.759375 0.45625 0.765625 0.46875 0.765625 0.4979166666666667 0.778125 0.5166666666666667 0.7625 0.5229166666666667 0.7640625 0.54375 0.76875 0.55 0.78125 0.55 0.79375 0.5395833333333333 0.803125 0.5583333333333333 0.8140625 0.55 0.825 0.5520833333333334 0.834375 0.5625 0.8359375 0.5770833333333333 0.85 0.6020833333333333 0.8703125 0.59375 0.88125 0.6 0.896875 0.5875 0.9109375 0.5541666666666667 0.8953125 0.53125 0.884375 0.5333333333333333 0.8765625 0.5208333333333334 0.8640625 0.5208333333333334 0.85 0.49166666666666664 0.85 0.47708333333333336 0.8390625 0.46875 0.8296875 0.4375 0.806823421875 0.4184335479166667 0.7875 0.39791666666666664 0.771875 0.3645833333333333 0.7625 0.35833333333333334 0.746875 0.37083333333333335
3 0.740421875 0.7007708333333333 0.01910937500000003 0.02964583333333337
2 0.7485554078125001 0.37030092708333334 0.7491110609375 0.38011574375 0.7531394875 0.3884490770833333 0.759390496875 0.39974536875 0.7656415062499999 0.41178241041666663 0.7828665015625 0.391597225 0.772587075 0.3725231479166667 0.7670306140625 0.36159722499999997 0.76244654375 0.3591898145833333 0.7550173609375 0.36314814791666666 0.7485554078125001 0.37030092708333334