0 0.5515625 0.7729166666666667 0.025 0.03333333333333333
0 0.834375 0.8989583333333333 0.0234375 0.03125
0 0.659375 0.6145833333333334 0.028125 0.035416666666666666
3 0.54375 0.6604166666666667 0.025 0.035416666666666666
0 0.70234375 0.8729166666666667 0.021875 0.03333333333333333
3 0.4609375 0.628125 0.025 0.035416666666666666
3 0.4921875 0.23645833333333333 0.025 0.03333333333333333
3 0.8484375 0.31354166666666666 0.0265625 0.035416666666666666
3 0.928125 0.578125 0.015625 0.03125
1 1 0.43020833333333336 0.9921875 0.42604166666666665 0.9828125 0.378125 0.96640625 0.37083333333333335 0.9515625 0.38229166666666664 0.959375 0.43020833333333336 0.9421875 0.478125 0.9453125 0.503125 0.9390625 0.5385416666666667 0.9453125 0.559375 0.9234375 0.5677083333333334 0.921875 0.5947916666666667 0.93203125 0.6041666666666666 0.95546875 0.6 0.96484375 0.6208333333333333 0.98359375 0.6208333333333333 1 0.646875 1 0.43020833333333336
2 0.9504157453125 0.38761802291666664 0.95200574375 0.39783737708333333 0.955908475 0.4142268895833333 0.9585102859375001 0.4310020541666667 0.9875639187499999 0.420011425 0.9816375484375 0.38549704375 0.9787466406249999 0.3739279541666667 0.9683393765625 0.37045723541666664 0.9569202890625 0.37508486041666667 0.9518448671874999 0.3800247395833333 0.9504157453125 0.38761802291666664