0 0.144625 0.6738333333333333 0.02645312500000001 0.03418749999999993
3 0.183953125 0.12145833333333332 0.02445312500000001 0.03064583333333335
3 0.0890625 0.5728125 0.025062499999999988 0.029583333333333427
3 0.08359375 0.4510416666666667 0.025 0.035416666666666666
3 0.137984375 0.3552708333333333 0.02421875 0.02722916666666665
3 0.134671875 0.3874375 0.022859374999999994 0.02722916666666665
3 0.66015625 0.12604166666666666 0.021875 0.03333333333333333
0 0.67621875 0.18258333333333335 0.02429687499999993 0.028583333333333332
1 0.7078125 0.17083333333333334 0.7046875 0.18958333333333333 0.721875 0.21875 0.7265625 0.25 0.7234375 0.28125 0.753125 0.3458333333333333 0.740625 0.3625 0.7453125 0.3854166666666667 0.7578125 0.39375 0.7828125 0.37916666666666665 0.7921875 0.39166666666666666 0.8140625 0.39375 0.8203125 0.39791666666666664 0.81875 0.4166666666666667 0.8359375 0.44166666666666665 0.85625 0.42916666666666664 0.8765625 0.43333333333333335 0.884375 0.4270833333333333 0.9078125 0.3854166666666667 0.9046875 0.3625 0.890625 0.3416666666666667 0.8734375 0.34791666666666665 0.85625 0.33125 0.8015625 0.23125 0.771875 0.21666666666666667 0.7625 0.19583333333333333 0.7515625 0.2 0.721875 0.16041666666666668 0.7078125 0.17083333333333334
2 0.70711380625 0.17488942916666667 0.7042392796875 0.18355873749999999 0.7062389453125 0.19106102083333332 0.712237953125 0.19906345625000002 0.71786201875 0.20706590416666665 0.723736040625 0.21723565 0.7453574546875 0.19489552083333334 0.7332344703125 0.17488942916666667 0.7273604406249999 0.16388607916666667 0.7217363734375 0.16105188750000002 0.715656246875 0.16420833333333332 0.70711380625 0.17488942916666667
0 0.724984375 0.2947916666666667 0.0203125 0.03177083333333333