3 0.504921875 0.963875 0.020656250000000043 0.0296875
0 0.83996875 0.626125 0.0202031250000001 0.027166666666666592
3 0.746875 0.9895833333333334 0.021875 0.020833333333333332
3 0.9227968750000001 0.8652916666666666 0.022093750000000155 0.026937499999999896
0 0.22109375 0.721875 0.0265625 0.03125
3 0.29609375 0.40729166666666666 0.021875 0.03125
3 0.19778125 0.5878333333333334 0.021546874999999986 0.026937499999999896
3 0.222203125 0.47310416666666666 0.021250000000000036 0.026125000000000044
3 0.28535937499999997 0.43333333333333335 0.02134375000000004 0.027541666666666725
3 0.30279687499999997 0.16102083333333334 0.01959375000000003 0.02731249999999997
1 0.328125 0.48125 0.2890625 0.48333333333333334 0.2625 0.475 0.2515625 0.4895833333333333 0.2515625 0.50625 0.2953125 0.5291666666666667 0.321875 0.5645833333333333 0.35 0.5791666666666667 0.3765625 0.5833333333333334 0.3828125 0.6020833333333333 0.4125 0.6104166666666667 0.4140625 0.6 0.44375 0.6 0.465625 0.6145833333333334 0.4765625 0.6104166666666667 0.4796875 0.5895833333333333 0.4953125 0.5645833333333333 0.490625 0.5395833333333333 0.4921875 0.5041666666666667 0.4609375 0.5 0.4578125 0.49375 0.4484375 0.5020833333333333 0.4328125 0.48541666666666666 0.4109375 0.47708333333333336 0.3953125 0.48333333333333334 0.3421875 0.46875 0.328125 0.48125
2 0.25914474374999996 0.47838871666666666 0.255145403125 0.4843905479166667 0.25289578281249997 0.49539389375000004 0.253520678125 0.5052302249999999 0.259269721875 0.5102317479166667 0.2688931203125 0.5125657875 0.27689179375 0.5155667 0.2887648234375 0.5190677687499999 0.29401395625000004 0.4857242854166667 0.28164100937500003 0.48155635 0.2715176921875 0.4785554375 0.262843746875 0.4750416666666667 0.25914474374999996 0.47838871666666666