0 0.1613125 0.5791666666666667 0.022812499999999993 0.027500000000000094
3 0.084375 0.4510416666666667 0.0265625 0.03125
3 0.0921875 0.371875 0.0296875 0.03333333333333333
0 0.17409375 0.6014583333333333 0.02237499999999999 0.02808333333333337
3 0.18359375 0.12291666666666666 0.0265625 0.03958333333333333
0 0.161875 0.6280833333333333 0.02218749999999998 0.026416666666666564
3 0.15859375 0.27291666666666664 0.0296875 0.035416666666666666
0 0.13725 0.6351666666666667 0.021437499999999998 0.02766666666666661
3 0.09765625 0.16979166666666667 0.0265625 0.035416666666666666
3 0.584375 0.3645833333333333 0.025 0.03333333333333333
3 0.1474375 0.6104583333333333 0.020624999999999984 0.025833333333333285
1 0.6375 0.20625 0.6359375 0.22708333333333333 0.6765625 0.25833333333333336 0.684375 0.30833333333333335 0.7359375 0.34791666666666665 0.734375 0.3645833333333333 0.721875 0.36875 0.728125 0.3875 0.746875 0.3958333333333333 0.75625 0.3770833333333333 0.771875 0.3875 0.8125 0.38125 0.815625 0.4 0.84375 0.41875 0.8578125 0.39375 0.86875 0.39166666666666666 0.8765625 0.37916666666666665 0.8890625 0.32708333333333334 0.8859375 0.3145833333333333 0.8640625 0.3 0.853125 0.3145833333333333 0.840625 0.30625 0.8265625 0.3125 0.821875 0.29375 0.7515625 0.23333333333333334 0.728125 0.22291666666666668 0.7109375 0.23333333333333334 0.709375 0.22083333333333333 0.7 0.2125 0.6875 0.22083333333333333 0.6484375 0.19166666666666668 0.6375 0.20625
2 0.6378335484375001 0.20734527291666666 0.6357089046875 0.21951564375 0.6398332140625 0.2258509104166667 0.648956703125 0.23318647291666666 0.6575802734375 0.24135562916666667 0.6685784406249999 0.2496915 0.682326159375 0.21751503958333332 0.662329478125 0.20117673125 0.6524561265625 0.19267414166666666 0.645207325 0.19450803333333333 0.641124996875 0.19983333333333334 0.6378335484375001 0.20734527291666666