0 0.7078125 0.5354166666666667 0.0234375 0.03125
0 0.39921875 0.7614583333333333 0.025 0.03125
1 0.9037240046875 0.5610301124999999 0.8920052546875 0.5287384458333333 0.8732552546875001 0.5329051125 0.8630990046875 0.5110301125 0.8334115046875 0.3839467791666667 0.8248177546875001 0.37248844583333335 0.8099740046875 0.3735301125 0.8099740046875 0.3422801125 0.7959115046874999 0.33394677916666665 0.7849740046875 0.2901967791666667 0.7763802546874999 0.2829051125 0.7638802546875 0.28707177916666665 0.7568490046874999 0.29436344583333335 0.7568490046874999 0.3089467791666667 0.7677865046875 0.3589467791666667 0.7537240046875 0.40061344583333336 0.7646615046874999 0.48186344583333335 0.7474740046874999 0.4860301125 0.7474740046874999 0.5089467791666666 0.7560677546875 0.5224884458333333 0.7638802546875 0.5224884458333333 0.7716927546875 0.5099884458333334 0.7810677546875 0.5349884458333333 0.8099740046875 0.5485301124999999 0.8068490046875001 0.5714467791666666 0.8138802546875 0.6037384458333332 0.8435677546875 0.5995717791666666 0.8482552546875001 0.6079051124999999 0.8646615046875 0.6068634458333333 0.8951302546875001 0.5829051125 0.9037240046875 0.5610301124999999
3 0.84084375 0.3456666666666666 0.02453125000000007 0.03483333333333327
3 0.649890625 0.25066666666666665 0.02375000000000007 0.028500000000000015
3 0.286765625 0.238 0.024531249999999984 0.034833333333333334
3 0.29346875 0.635375 0.02690625000000004 0.03166666666666676
3 0.381140625 0.6535833333333334 0.026125000000000044 0.03587500000000006
3 0.68234375 0.6873333333333334 0.02375000000000007 0.029562500000000113
0 0.49117187500000004 0.5826041666666666 0.02770312500000003 0.03166666666666676
0 0.509375 0.7483125 0.026125000000000044 0.03166666666666676
3 0.762296875 0.5366875 0.02375000000000007 0.026395833333333306
2 0.759096628125 0.2913228854166666 0.7565266203125 0.30160774999999995 0.7583256281249999 0.31120695 0.7606386374999999 0.32046332916666664 0.763465640625 0.33143384791666664 0.76654965 0.3456612416666667 0.793277721875 0.33143384791666664 0.7905792078125 0.3232059583333333 0.7885232140625 0.31326392291666666 0.785696190625 0.30263622916666666 0.7837686859375 0.29252278125 0.7804276890625 0.28703751875 0.7734886609375 0.28463771666666665 0.765378625 0.28643194375000003 0.759096628125 0.2913228854166666