0 0.161296875 0.5791666666666667 0.022281249999999985 0.02893749999999997
0 0.1229375 0.6367916666666668 0.022968749999999982 0.028854166666666715
3 0.084375 0.4510416666666667 0.025 0.03125
3 0.0921875 0.371875 0.0296875 0.03333333333333333
0 0.174109375 0.6015208333333334 0.023625000000000007 0.027791666666666732
3 0.18359375 0.12291666666666666 0.028125 0.0375
0 0.162328125 0.6284166666666666 0.023046875 0.02702083333333339
3 0.15859375 0.27395833333333336 0.03125 0.035416666666666666
3 0.09765625 0.16979166666666667 0.0265625 0.035416666666666666
3 0.147203125 0.61075 0.021796874999999983 0.026374999999999933
1 0.6390625 0.20208333333333334 0.634375 0.225 0.675 0.25833333333333336 0.684375 0.30833333333333335 0.7359375 0.3458333333333333 0.7375 0.35625 0.721875 0.36875 0.7296875 0.38958333333333334 0.7453125 0.3958333333333333 0.7578125 0.3770833333333333 0.7703125 0.3875 0.8140625 0.38125 0.8140625 0.4 0.8421875 0.4166666666666667 0.853125 0.39791666666666664 0.86875 0.38958333333333334 0.8875 0.3333333333333333 0.884375 0.3125 0.871875 0.3104166666666667 0.8640625 0.3 0.853125 0.3145833333333333 0.840625 0.30625 0.8234375 0.3104166666666667 0.8234375 0.29583333333333334 0.75 0.23333333333333334 0.7359375 0.225 0.7078125 0.23125 0.70625 0.21666666666666667 0.7 0.2125 0.6875 0.22083333333333333 0.6484375 0.19166666666666668 0.6390625 0.20208333333333334
3 0.5842968749999999 0.3639791666666667 0.019296875000000036 0.02525000000000001
2 0.63936114375 0.20251225208333334 0.6364866265625 0.21151498541666666 0.6349868703125 0.22201818125 0.639986040625 0.2275198625 0.6474847953125 0.23285481458333335 0.6562333421875 0.24069053333333335 0.6672315296875 0.24969327708333333 0.682978903125 0.21684994375000002 0.6657317640625 0.20401270208333333 0.6562333421875 0.19467652500000002 0.648109690625 0.19234248125 0.642999996875 0.19649999999999998 0.63936114375 0.20251225208333334