0 0.534375 0.734375 0.025 0.03333333333333333
0 0.70078125 0.7458333333333333 0.021875 0.03125
0 0.5875 0.5333333333333333 0.0234375 0.03125
0 0.828125 0.703125 0.025 0.027083333333333334
3 0.83984375 0.39895833333333336 0.021875 0.029166666666666667
3 0.790625 0.5697916666666667 0.01875 0.027083333333333334
3 0.40859375 0.6479166666666667 0.0265625 0.03333333333333333
3 0.49565625 0.6357291666666666 0.018812499999999944 0.024812499999999935
3 0.3266875 0.26758333333333334 0.017484374999999996 0.026333333333333306
3 0.679171875 0.16058333333333333 0.01846875000000008 0.025333333333333326
3 0.880265625 0.18820833333333334 0.018218750000000127 0.027479166666666662
1 0.7921875 0.1625 0.7890625 0.17708333333333334 0.8125 0.22083333333333333 0.80625 0.275 0.8234375 0.33958333333333335 0.815625 0.3541666666666667 0.81875 0.3770833333333333 0.828125 0.3875 0.853125 0.38125 0.8625 0.39375 0.8984375 0.39791666666666664 0.896875 0.4125 0.915625 0.44166666666666665 0.9421875 0.4270833333333333 0.9546875 0.43333333333333335 0.9671875 0.425 0.9890625 0.39375 0.99375 0.36875 0.9765625 0.3416666666666667 0.95625 0.35 0.9515625 0.3375 0.940625 0.33541666666666664 0.890625 0.23333333333333334 0.8515625 0.19166666666666668 0.8390625 0.19375 0.809375 0.15 0.7921875 0.1625
2 0.7946134796875 0.16122685625 0.790723959375 0.16826389166666667 0.7911406953125 0.17733796458333334 0.79669715625 0.18752314791666666 0.802948165625 0.19900463124999998 0.8108660953125 0.21363425416666668 0.8348977515625 0.18993055833333333 0.8219790046875 0.16807870208333334 0.8160058171875001 0.15456018333333335 0.8100326296875 0.15030092499999997 0.8044761796875 0.15196759791666667 0.7998611109375 0.15585648124999998 0.7946134796875 0.16122685625