0 0.72315625 0.905875 0.020234375000000072 0.027854166666666676
0 0.688625 0.5011249999999999 0.01899999999999995 0.02333333333333331
0 0.71278125 0.9261041666666666 0.020812500000000077 0.026979166666666762
0 0.14559375000000002 0.8149583333333333 0.023625000000000007 0.029562500000000113
3 0.46204687499999997 0.9239583333333333 0.020343749999999973 0.02979166666666657
3 0.8106249999999999 0.674875 0.01867187500000007 0.024729166666666677
3 0.10190625 0.5864583333333333 0.021828124999999997 0.026437500000000114
3 0.098359375 0.6990208333333333 0.021406249999999995 0.026645833333333258
3 0.12593749999999998 0.2874166666666667 0.020140624999999978 0.024479166666666666
3 0.160265625 0.5007916666666666 0.020640625000000013 0.023479166666666627
3 0.15503125 0.5284791666666666 0.02128125000000001 0.024062500000000025
3 0.687328125 0.8548333333333333 0.02048437500000002 0.028395833333333325
1 0.3328125 0.5020833333333333 0.315625 0.5020833333333333 0.3125 0.5208333333333334 0.2421875 0.5270833333333333 0.178125 0.5541666666666667 0.171875 0.56875 0.1375 0.5729166666666666 0.1328125 0.5958333333333333 0.1375 0.6041666666666666 0.18125 0.6041666666666666 0.1984375 0.6145833333333334 0.20625 0.6270833333333333 0.2734375 0.625 0.2734375 0.6375 0.2796875 0.6458333333333334 0.3015625 0.64375 0.3078125 0.6375 0.3078125 0.6208333333333333 0.3203125 0.6145833333333334 0.321875 0.6020833333333333 0.359375 0.6 0.359375 0.56875 0.365625 0.5604166666666667 0.365625 0.5416666666666666 0.3578125 0.5291666666666667 0.35625 0.5041666666666667 0.3375 0.49583333333333335 0.3328125 0.5020833333333333
2 0.13414391406249998 0.5813074125 0.1332690546875 0.59197733125 0.13589362656249998 0.6003132020833333 0.14114275 0.6053147249999999 0.15314075625 0.6046478520833334 0.1717626765625 0.6018136541666668 0.1698879875 0.56897033125 0.1467668171875 0.5711376541666666 0.138156246875 0.5735833333333333 0.13414391406249998 0.5813074125