3 0.69453125 0.7833333333333333 0.01875 0.025
0 0.45390625 0.8510416666666667 0.021875 0.027083333333333334
3 0.75078125 0.6583333333333333 0.015625 0.022916666666666665
0 0.53046875 0.7 0.0203125 0.025
0 0.71484375 0.9104166666666667 0.025 0.029166666666666667
0 0.5953125 0.9125 0.0203125 0.027083333333333334
3 0.3676875 0.7442291666666667 0.016421874999999985 0.0211666666666666
3 0.43953125000000004 0.7568333333333332 0.017703125000000063 0.021999999999999888
3 0.37553125 0.45308333333333334 0.01534374999999999 0.019625000000000035
3 0.64525 0.45725 0.015921875000000085 0.019187499999999958
3 0.7985000000000001 0.5180833333333333 0.015281250000000047 0.019604166666666718
1 0.7265625 0.4895833333333333 0.7359375 0.5145833333333333 0.73125 0.5583333333333333 0.740625 0.6125 0.7328125 0.61875 0.7359375 0.64375 0.7433579046875 0.6530478895833334 0.7595489546875 0.64798580625 0.767897471875 0.6540603166666668 0.7828125 0.65625 0.7921875 0.6791666666666667 0.8171875 0.675 0.8296875 0.6791666666666667 0.84375 0.6645833333333333 0.8546875 0.6604166666666667 0.85625 0.6333333333333333 0.846875 0.6145833333333334 0.83125 0.6145833333333334 0.81875 0.6 0.8 0.5520833333333334 0.79395494375 0.5325703083333333 0.777763875 0.51637164375 0.772198209375 0.5062474708333333 0.7609375 0.5020833333333333 0.746875 0.475 0.7359375 0.47291666666666665 0.7265625 0.4895833333333333
2 0.7301223484375 0.47912036875 0.728594334375 0.48763889166666663 0.7316503812499999 0.49671296458333336 0.737762475 0.5113426 0.742068725 0.5067129708333333 0.7577657046875 0.5011574229166667 0.750959053125 0.4850462979166667 0.7463749734375 0.47449074375 0.7401239640624999 0.4731944520833334 0.7345486109375 0.4741898145833333 0.7301223484375 0.47912036875