0 0.125 0.603125 0.0265625 0.03125
3 0.08828125 0.5729166666666666 0.0265625 0.03125
0 0.15625 0.3541666666666667 0.025 0.03333333333333333
3 0.1828125 0.12291666666666666 0.0265625 0.0375
3 0.084375 0.4510416666666667 0.025 0.03333333333333333
0 0.42265625 0.7822916666666667 0.03125 0.03958333333333333
3 0.15859375 0.27291666666666664 0.0296875 0.035416666666666666
3 0.090625 0.3729166666666667 0.025 0.029166666666666667
3 0.61171875 0.5885416666666666 0.0265625 0.035416666666666666
3 0.60078125 0.3729166666666667 0.0234375 0.029166666666666667
1 0.73125 0.3020833333333333 0.715625 0.3 0.7078125 0.3104166666666667 0.6609375 0.3020833333333333 0.6546875 0.33541666666666664 0.70625 0.35 0.728125 0.38958333333333334 0.78125 0.4041666666666667 0.7796875 0.42916666666666664 0.790625 0.4375 0.8109375 0.4375 0.8171875 0.4166666666666667 0.840625 0.42083333333333334 0.8453125 0.4166666666666667 0.85 0.39791666666666664 0.8265625 0.3875 0.825 0.375 0.8734375 0.3770833333333333 0.8734375 0.3645833333333333 0.859375 0.3416666666666667 0.859375 0.32708333333333334 0.8484375 0.3125 0.74375 0.2916666666666667 0.73125 0.3020833333333333
2 0.6566438109375 0.31476813333333337 0.6558939374999999 0.32427102708333333 0.6561438921875 0.3349409395833333 0.66351766875 0.3374417 0.6743908609375 0.33994246041666665 0.6870137625 0.34260994375000003 0.6978869624999999 0.34444383333333334 0.703636015625 0.3112670708333333 0.689638334375 0.30743256458333335 0.6762655484375 0.30409821666666664 0.6647674625 0.30143073958333333 0.660187496875 0.3037916666666666 0.6566438109375 0.31476813333333337