0 0.275 0.6354166666666666 0.0296875 0.0375
0 0.33515625 0.6979166666666666 0.028125 0.03333333333333333
0 0.42951562499999996 0.6504791666666667 0.02514062500000005 0.0265625
0 0.443921875 0.6801041666666666 0.02510937500000008 0.027708333333333238
3 0.2625 0.14479166666666668 0.028125 0.0375
3 0.45078125 0.33229166666666665 0.028125 0.03333333333333333
3 0.6765625 0.40520833333333334 0.025 0.03333333333333333
3 0.35390625 0.49270833333333336 0.025 0.03333333333333333
3 0.15234375 0.4583333333333333 0.0296875 0.035416666666666666
3 0.762953125 0.14872916666666666 0.020640625000000058 0.02560416666666665
3 0.654296875 0.1930625 0.01996874999999996 0.027208333333333338
1 0.6859375 0.15416666666666667 0.6828125 0.17083333333333334 0.70625 0.21041666666666667 0.7 0.26458333333333334 0.7296875 0.3333333333333333 0.7140625 0.34791666666666665 0.7203125 0.3729166666666667 0.7359375 0.37916666666666665 0.75 0.36875 0.759375 0.38333333333333336 0.7828125 0.3854166666666667 0.8015625 0.4270833333333333 0.8296875 0.4125 0.840625 0.41875 0.853125 0.41041666666666665 0.8625 0.39791666666666664 0.8640625 0.38125 0.875 0.36875 0.875 0.35208333333333336 0.8625 0.3375 0.8625 0.325 0.840625 0.3333333333333333 0.771875 0.21041666666666667 0.7578125 0.20416666666666666 0.7484375 0.2125 0.740625 0.18125 0.728125 0.18333333333333332 0.7078125 0.14375 0.696875 0.14375 0.6859375 0.15416666666666667
2 0.6867357515625 0.15389267499999998 0.6837362484375 0.16339556875 0.6858609 0.1707311375 0.6909850484375 0.18223463541666665 0.6966091140625 0.19257111666666665 0.702608121875 0.20224073333333334 0.722979734375 0.17656624791666667 0.7148560828125 0.15989450416666667 0.7081072015625 0.14789085 0.702108203125 0.14322276250000002 0.694718746875 0.145875 0.6867357515625 0.15389267499999998