0 0.16207812500000002 0.5782291666666667 0.024624999999999987 0.028125
3 0.084375 0.4510416666666667 0.0265625 0.03333333333333333
3 0.0921875 0.37083333333333335 0.0296875 0.03333333333333333
0 0.17465625 0.6004791666666667 0.021968750000000002 0.02672916666666675
3 0.18359375 0.12291666666666666 0.0265625 0.03958333333333333
0 0.16234375 0.6284583333333333 0.023390624999999998 0.028312500000000067
3 0.15859375 0.27291666666666664 0.0296875 0.035416666666666666
0 0.1370625 0.6349374999999999 0.022624999999999985 0.027187499999999906
3 0.09765625 0.16979166666666667 0.0265625 0.035416666666666666
3 0.584375 0.3645833333333333 0.025 0.03333333333333333
3 0.14775 0.6119583333333334 0.02323437500000001 0.028166666666666628
1 0.8890625 0.32395833333333335 0.88203125 0.30833333333333335 0.86328125 0.29791666666666666 0.85234375 0.3145833333333333 0.83984375 0.30416666666666664 0.83046875 0.3104166666666667 0.82109375 0.2916666666666667 0.74296875 0.22708333333333333 0.72578125 0.225 0.71328125 0.23333333333333334 0.70234375 0.2125 0.68671875 0.21875 0.65546875 0.19166666666666668 0.6421875 0.19895833333333332 0.6375 0.22395833333333334 0.67265625 0.25 0.684375 0.30104166666666665 0.7265625 0.34270833333333334 0.721875 0.36354166666666665 0.72578125 0.38333333333333336 0.74765625 0.39375 0.75859375 0.375 0.77578125 0.3854166666666667 0.81484375 0.3770833333333333 0.81640625 0.3958333333333333 0.8453125 0.41354166666666664 0.884375 0.3614583333333333 0.8890625 0.32395833333333335
2 0.6435156984375 0.19688623749999998 0.639016446875 0.20572225625 0.6355170234374999 0.2193930854166667 0.640641171875 0.22739552083333334 0.6496396828125001 0.23456438124999998 0.657638346875 0.24173321666666667 0.667636696875 0.2500690875 0.6831341156249999 0.21655888750000002 0.6708861453125 0.20738942916666667 0.6600129546875 0.1975531 0.650031246875 0.19170833333333331 0.6435156984375 0.19688623749999998