0 0.1739375 0.6005833333333332 0.022812499999999993 0.02791666666666662
0 0.13653125 0.6344166666666666 0.022812499999999993 0.029499999999999933
3 0.10703125 0.315625 0.0203125 0.03125
3 0.099265625 0.35560416666666667 0.020859374999999993 0.025312499999999953
3 0.11395312500000002 0.37272916666666667 0.02054687500000001 0.025770833333333344
3 0.153390625 0.36820833333333336 0.020140625000000023 0.02539583333333333
3 0.12889062499999998 0.31335416666666666 0.021843749999999985 0.025625000000000023
3 0.135515625 0.38175000000000003 0.020406250000000004 0.02616666666666667
0 0.16196875 0.6285416666666667 0.021812500000000012 0.029833333333333437
3 0.146203125 0.33289583333333334 0.019562500000000017 0.02504166666666663
3 0.11587499999999999 0.3424791666666666 0.020624999999999984 0.025937499999999978
0 0.13328125 0.356 0.02371875000000001 0.029520833333333368
2 0.6955779093750001 0.14517109583333332 0.690953671875 0.15083949375 0.68982885625 0.15584101666666667 0.695077990625 0.1656773375 0.7010769890625 0.16634420625 0.7104504421875 0.16117596874999998 0.710575409375 0.15367368541666665 0.7077008921875 0.14483766041666665 0.701593746875 0.14379166666666665 0.6955779093750001 0.14517109583333332
1 0.684375 0.15625 0.6828125 0.17083333333333334 0.7046875 0.21041666666666667 0.70625 0.23958333333333334 0.7 0.26458333333333334 0.7265625 0.33125 0.7140625 0.3458333333333333 0.7203125 0.3729166666666667 0.7328125 0.38125 0.7484375 0.36875 0.7578125 0.38333333333333336 0.78125 0.3854166666666667 0.8046875 0.42916666666666664 0.828125 0.4125 0.840625 0.41875 0.853125 0.41041666666666665 0.875 0.375 0.8796875 0.35208333333333336 0.8625 0.3375 0.8625 0.325 0.840625 0.33541666666666664 0.7734375 0.2125 0.7609375 0.20416666666666666 0.746875 0.21041666666666667 0.740625 0.18125 0.728125 0.18333333333333332 0.70625 0.14375 0.696875 0.14375 0.684375 0.15625