0 0.4578125 0.8510416666666667 0.021875 0.029166666666666667
3 0.75546875 0.6666666666666666 0.0171875 0.027083333333333334
3 0.6984375 0.7895833333333333 0.0171875 0.025
0 0.5984375 0.915625 0.0203125 0.029166666666666667
0 0.5359375 0.7020833333333333 0.0203125 0.027083333333333334
0 0.71640625 0.91875 0.021875 0.029166666666666667
3 0.37265625 0.7427083333333333 0.0234375 0.029166666666666667
3 0.3828125 0.4510416666666667 0.01875 0.027083333333333334
3 0.44453125 0.7572916666666667 0.021875 0.029166666666666667
3 0.6529375 0.4622291666666667 0.016109374999999915 0.0183958333333333
3 0.8049687499999999 0.5282083333333333 0.01626562500000004 0.018729166666666627
2 0.740671821875 0.4860150875 0.741671659375 0.4908498958333333 0.74317140625 0.4948511104166667 0.7496703234375001 0.49535126041666666 0.7564192046875 0.49418424375000003 0.7562942375 0.48868256458333337 0.7542945609375 0.48268073958333335 0.746749996875 0.4815 0.740671821875 0.4860150875
1 0.734375 0.49166666666666664 0.7405319312499999 0.5161164354166666 0.7444065296875 0.5395472604166667 0.73717395625 0.5557420812499999 0.7451814578125 0.6084614354166666 0.7382071671875 0.6312031354166667 0.7462146875 0.6608362125 0.7580967875 0.6567013458333334 0.7671875 0.6645833333333333 0.79375 0.6645833333333333 0.8 0.6875 0.825 0.6854166666666667 0.8265625 0.6895833333333333 0.8375 0.6895833333333333 0.8515625 0.675 0.8625 0.6708333333333333 0.865625 0.6458333333333334 0.85625 0.6354166666666666 0.8546875 0.625 0.8359375 0.6229166666666667 0.825 0.6083333333333333 0.8078125 0.5625 0.7958095468749999 0.5378244062499999 0.76875 0.5125 0.7546875 0.48333333333333334 0.74375 0.48125 0.734375 0.49166666666666664