0 0.1740625 0.6008333333333333 0.022390625000000018 0.028249999999999886
0 0.1365625 0.6347291666666667 0.023187500000000007 0.028145833333333314
3 0.09946875 0.35537500000000005 0.019937499999999997 0.024833333333333367
3 0.10878125000000001 0.31604166666666667 0.01931250000000001 0.025083333333333378
3 0.11359375000000001 0.372375 0.019499999999999983 0.023999999999999962
3 0.12946875 0.31312500000000004 0.020062500000000004 0.02474999999999999
0 0.16153125 0.628125 0.022453125000000008 0.028125
3 0.15362499999999998 0.368125 0.01974999999999998 0.025333333333333385
3 0.13546875 0.38158333333333333 0.020999999999999998 0.025166666666666632
3 0.11690624999999999 0.34258333333333335 0.019874999999999997 0.02575000000000003
3 0.14540625000000001 0.33191666666666664 0.02025000000000001 0.024666666666666615
0 0.132578125 0.35577083333333337 0.021171875000000017 0.027687500000000042
2 0.6932955546875 0.14805451875 0.6904210375 0.1532227625 0.692420703125 0.16205878541666668 0.6979197921875 0.16706030833333332 0.7052935687499999 0.16489298333333335 0.71154253125 0.15989146041666666 0.711042603125 0.1532227625 0.7080431093749999 0.14722093541666667 0.7022187468750001 0.14400000000000002 0.6932955546875 0.14805451875
1 0.684375 0.15625 0.6828125 0.17083333333333334 0.70625 0.2125 0.7 0.2625 0.728125 0.3333333333333333 0.7265625 0.3416666666666667 0.7140625 0.34791666666666665 0.71875 0.36875 0.7265625 0.37916666666666665 0.7359375 0.37916666666666665 0.75 0.36875 0.7578125 0.38333333333333336 0.78125 0.3854166666666667 0.8015625 0.4270833333333333 0.828125 0.4125 0.8421875 0.41875 0.8515625 0.4125 0.878125 0.36041666666666666 0.8765625 0.35 0.8625 0.33541666666666664 0.8625 0.325 0.8421875 0.3333333333333333 0.8234375 0.3104166666666667 0.7734375 0.2125 0.7625 0.20416666666666666 0.7484375 0.21041666666666667 0.740625 0.18125 0.7296875 0.18541666666666667 0.70625 0.14375 0.6984375 0.14375 0.684375 0.15625