0 0.66171875 0.603125 0.025 0.035416666666666666
0 0.384375 0.759375 0.025 0.035416666666666666
3 0.08046875 0.39166666666666666 0.028125 0.03333333333333333
0 0.54765625 0.703125 0.0234375 0.03125
3 0.2421875 0.7270833333333333 0.028125 0.03333333333333333
0 0.39609375 0.54375 0.025 0.03125
3 0.325 0.6802083333333333 0.028125 0.035416666666666666
3 0.403125 0.153125 0.0265625 0.0375
3 0.59609375 0.49895833333333334 0.0234375 0.03125
3 0.60253125 0.10329166666666666 0.019031249999999923 0.027208333333333338
1 0.5125 0.10416666666666667 0.509375 0.11875 0.5375 0.15416666666666667 0.5453125 0.17916666666666667 0.54375 0.20833333333333334 0.5828125 0.26666666666666666 0.575 0.2791666666666667 0.575 0.2916666666666667 0.5953125 0.3145833333333333 0.6076186156250001 0.2981487729166667 0.6214440796875 0.308394675 0.6359375 0.29791666666666666 0.6421875 0.3020833333333333 0.6421875 0.3145833333333333 0.6609375 0.33541666666666664 0.6828125 0.3145833333333333 0.696875 0.3145833333333333 0.70625 0.3020833333333333 0.7125 0.275 0.721875 0.2625 0.71875 0.24375 0.7078125 0.22916666666666666 0.6953125 0.21666666666666667 0.678125 0.23125 0.60625 0.14166666666666666 0.590625 0.13333333333333333 0.578125 0.13958333333333334 0.5703125 0.12083333333333333 0.5546875 0.12291666666666666 0.525 0.09166666666666666 0.5125 0.10416666666666667
2 0.512266196875 0.10831002291666667 0.511254371875 0.11717964166666667 0.515301646875 0.12701335833333333 0.5222398203124999 0.13434043750000002 0.5330807234375 0.14629513958333332 0.5510043546875 0.11872218333333334 0.540597090625 0.10676748124999999 0.532213453125 0.09481277083333332 0.524408 0.09288459166666667 0.5184981171875 0.09811442708333334 0.512266196875 0.10831002291666667