0 0.6765625 0.7802083333333333 0.0265625 0.03333333333333333
0 0.48203125 0.5041666666666667 0.0234375 0.03333333333333333
3 0.25234375 0.2875 0.028125 0.03333333333333333
3 0.321875 0.6927083333333334 0.025 0.03125
3 0.6234375 0.8302083333333333 0.0265625 0.035416666666666666
3 0.40078125 0.6291666666666667 0.0265625 0.035416666666666666
0 0.6125 0.7447916666666666 0.025 0.03333333333333333
0 0.53984375 0.6958333333333333 0.025 0.03333333333333333
3 0.584375 0.13541666666666666 0.025 0.035416666666666666
3 0.7848437500000001 0.2233125 0.01615625000000005 0.024770833333333304
3 0.718609375 0.40060416666666665 0.018953124999999994 0.025770833333333344
1 0.684375 0.15625 0.6828125 0.17291666666666666 0.70625 0.2125 0.7078125 0.2375 0.7 0.26458333333333334 0.725 0.32916666666666666 0.7140625 0.34375 0.7203125 0.3729166666666667 0.734375 0.37916666666666665 0.7484375 0.36666666666666664 0.7578125 0.38333333333333336 0.78125 0.3854166666666667 0.8015625 0.4270833333333333 0.8296875 0.4125 0.840625 0.41875 0.853125 0.41041666666666665 0.875 0.375 0.878125 0.35 0.8609375 0.325 0.840625 0.3333333333333333 0.7890625 0.24791666666666667 0.778921740625 0.22042202916666667 0.7609375 0.20416666666666666 0.746875 0.2125 0.7453125 0.1875 0.740625 0.18125 0.728125 0.18333333333333332 0.70625 0.14375 0.696875 0.14375 0.684375 0.15625
2 0.689267128125 0.15100798333333335 0.6845179124999999 0.15917714166666666 0.6846428999999999 0.16918018333333332 0.6880173359375 0.17734933333333333 0.6950161718750001 0.18885283749999998 0.7036397421875 0.20335725625 0.7256360875000001 0.18118383333333332 0.7191371703125 0.17068063749999998 0.7122633109375001 0.15684309166666666 0.7066392453125 0.14533959166666666 0.7011401562499999 0.14383913125 0.6945624968749999 0.14566666666666667 0.689267128125 0.15100798333333335