0 0.68515625 0.16979166666666667 0.025 0.03333333333333333
3 0.8484375 0.23854166666666668 0.021875 0.035416666666666666
3 0.39140625 0.065625 0.0203125 0.035416666666666666
0 0.84921875 0.29791666666666666 0.0234375 0.03125
0 0.245984375 0.5757708333333333 0.023390625000000043 0.02893749999999997
3 0.303421875 0.27087500000000003 0.01967187499999996 0.025375000000000016
3 0.2939375 0.29952083333333335 0.020578125000000023 0.025979166666666723
3 0.233109375 0.34258333333333335 0.019234375000000005 0.027687500000000042
3 0.21353125 0.45897916666666666 0.02076562500000003 0.026520833333333372
1 0.3078125 0.34791666666666665 0.26875 0.34375 0.2625 0.3729166666666667 0.31875 0.40208333333333335 0.3359375 0.42916666666666664 0.39375 0.4479166666666667 0.396875 0.4666666666666667 0.4078125 0.475 0.4265625 0.47708333333333336 0.43125 0.4583333333333333 0.4515625 0.45416666666666666 0.4703125 0.45625 0.48125 0.46875 0.4890625 0.46458333333333335 0.49375 0.4354166666666667 0.5078125 0.41041666666666665 0.5015625 0.3854166666666667 0.503125 0.3541666666666667 0.4671875 0.34375 0.4546875 0.3541666666666667 0.4265625 0.33958333333333335 0.35 0.33541666666666664 0.3078125 0.34791666666666665
2 0.26348919843749996 0.35880766666666664 0.2629892796875 0.36514292708333335 0.2648639671875 0.3726452125 0.27036305625 0.37781345625 0.27723691562499997 0.38014749583333335 0.287485209375 0.3824815541666667 0.2961087796875 0.3849823166666667 0.30110795 0.3493047729166667 0.284985625 0.34513683958333335 0.2738624796875 0.34280279375 0.2682384140625 0.34630386041666666 0.265499996875 0.35379166666666667 0.26348919843749996 0.35880766666666664