3 0.6921875 0.5635416666666667 0.0203125 0.027083333333333334
0 0.609375 0.7447916666666666 0.0234375 0.03125
0 0.44296875 0.7447916666666666 0.0234375 0.029166666666666667
0 0.734375 0.6947916666666667 0.0265625 0.03333333333333333
3 0.73671875 0.390625 0.0203125 0.029166666666666667
3 0.40071874999999996 0.6491875 0.01904687500000004 0.024812499999999935
3 0.31365625 0.6654375 0.019218750000000017 0.028520833333333447
3 0.21964062499999998 0.2901666666666667 0.020937499999999963 0.024583333333333356
3 0.57146875 0.16333333333333336 0.018093750000000065 0.028041666666666683
3 0.77121875 0.17939583333333334 0.01960937499999993 0.027208333333333338
0 0.49246875 0.5395208333333333 0.018812499999999944 0.026312499999999992
1 0.68125 0.16041666666666668 0.6796875 0.17291666666666666 0.703125 0.21458333333333332 0.696875 0.26458333333333334 0.7234375 0.3333333333333333 0.7109375 0.3458333333333333 0.7171875 0.375 0.7296875 0.38125 0.746875 0.375 0.7546875 0.3854166666666667 0.7828125 0.3875 0.784375 0.40625 0.8 0.43125 0.8234375 0.4166666666666667 0.8375 0.42083333333333334 0.8515625 0.41041666666666665 0.8734375 0.375 0.8734375 0.3541666666666667 0.8578125 0.325 0.8359375 0.3333333333333333 0.815625 0.30625 0.7703125 0.21458333333333332 0.7609375 0.20833333333333334 0.7453125 0.2125 0.7390625 0.18541666666666667 0.7265625 0.1875 0.7046875 0.14791666666666667 0.6953125 0.14583333333333334 0.68125 0.16041666666666668
2 0.6827375609375 0.15984628750000002 0.6808628718749999 0.16918246874999998 0.68461225 0.17885207708333334 0.68961141875 0.18702122708333332 0.6943606250000001 0.19585725625 0.7008595515625 0.20719403958333332 0.7221060234375 0.1838536 0.707483446875 0.15634522291666667 0.7029841953125 0.14767591875 0.695485440625 0.14684233124999999 0.6904999968750001 0.15066666666666664 0.6827375609375 0.15984628750000002