3 0.21640625 0.3375 0.025 0.03125
3 0.6015625 0.5083333333333333 0.0140625 0.025
3 0.28984375 0.6822916666666666 0.025 0.03125
3 0.3674375 0.6737708333333334 0.017421874999999965 0.023020833333333237
0 0.40056250000000004 0.7605208333333333 0.017906250000000012 0.027541666666666725
0 0.44129687500000003 0.5895833333333333 0.015968750000000042 0.02364583333333338
0 0.527828125 0.7675208333333334 0.016109374999999915 0.022708333333333285
0 0.606078125 0.7306666666666667 0.017687500000000078 0.02435416666666678
3 0.58040625 0.6278333333333334 0.015015625000000022 0.020041666666666676
3 0.494546875 0.32375000000000004 0.015453124999999979 0.020250000000000056
3 0.615984375 0.37447916666666664 0.013703124999999972 0.016312499999999966
1 0.5640625 0.34791666666666665 0.57182159375 0.3705171666666667 0.582430371875 0.3903295354166667 0.5792477265625 0.41403362708333336 0.5842869 0.44870530625 0.5909173875 0.4656873125 0.582960803125 0.47665487083333336 0.587469546875 0.4964672666666667 0.5946304640625 0.5046761 0.6092175359375 0.49264715416666666 0.625 0.5020833333333333 0.6390625 0.49375 0.646875 0.49583333333333335 0.6515625 0.5145833333333333 0.6609375 0.5270833333333333 0.6765625 0.5208333333333334 0.6890625 0.5229166666666667 0.6953125 0.5166666666666667 0.7078125 0.48333333333333334 0.6953125 0.46875 0.6796875 0.46875 0.678125 0.4625 0.66875 0.4666666666666667 0.653125 0.425 0.6190306484375 0.39280608333333333 0.6094827515625 0.3821923125 0.609375 0.3645833333333333 0.5984375 0.36666666666666664 0.5828125 0.33958333333333335 0.575 0.3375 0.5640625 0.34791666666666665
2 0.5656552078125 0.34678241666666665 0.564127184375 0.35381944583333336 0.5677388734375 0.3604861125 0.5719062171875 0.3682638916666667 0.57676811875 0.37456018958333337 0.5810743671874999 0.38122685 0.59427094375 0.36474536875 0.5839914984375 0.34752314791666666 0.57871286875 0.3375231541666667 0.5715798609375 0.34043981458333333 0.5656552078125 0.34678241666666665