0 0.89646875 0.6498541666666667 0.028187499999999942 0.0321041666666666
3 0.9683125 0.8971458333333333 0.021390625000000087 0.029958333333333323
3 0.5413281249999999 0.939125 0.02173437499999995 0.029312500000000106
0 0.28515625 0.6635416666666667 0.025 0.029166666666666667
3 0.39921875 0.14583333333333334 0.01875 0.029166666666666667
3 0.27265625 0.5333333333333333 0.021875 0.029166666666666667
3 0.3765625 0.37395833333333334 0.01875 0.027083333333333334
3 0.7796875 0.99375 0.03125 0.0125
3 0.30390625 0.428125 0.0203125 0.029166666666666667
3 0.364515625 0.39922916666666663 0.018109374999999962 0.02387499999999996
1 0.3296875 0.4479166666666667 0.33125 0.46875 0.3625 0.48333333333333334 0.390625 0.525 0.4359375 0.55 0.446875 0.56875 0.4703125 0.58125 0.478125 0.56875 0.509375 0.5666666666666667 0.5359375 0.5833333333333334 0.54375 0.5583333333333333 0.55625 0.5458333333333333 0.5609375 0.53125 0.5609375 0.4791666666666667 0.553125 0.4791666666666667 0.55 0.4708333333333333 0.5375 0.47291666666666665 0.5234375 0.46458333333333335 0.521875 0.475 0.515625 0.47708333333333336 0.4890625 0.45625 0.446875 0.44375 0.415625 0.4395833333333333 0.39375 0.44583333333333336 0.3796875 0.4395833333333333 0.3671875 0.44583333333333336 0.3375 0.4354166666666667 0.3296875 0.4479166666666667
2 0.3374877 0.43688623750000005 0.3329884484375 0.44288805833333333 0.330738828125 0.4510572145833333 0.3303638875 0.4610602583333333 0.332863471875 0.46556162500000003 0.3431117671875 0.4692294083333334 0.351610359375 0.47323062916666664 0.361983640625 0.47706514166666664 0.3691074546875 0.4458889708333333 0.3512354171875 0.43888683958333335 0.341906246875 0.43504166666666666 0.3374877 0.43688623750000005