0 0.28696875 0.6694375 0.02293750000000001 0.029875000000000065
3 0.96646875 0.984375 0.021750000000000113 0.029166666666666667
0 0.9229843750000001 0.7268125 0.022562500000000086 0.028041666666666742
3 0.535015625 0.979375 0.021656250000000023 0.0303958333333334
3 0.43671875 0.1113125 0.01875 0.027375
3 0.31640625 0.41862499999999997 0.0203125 0.02733333333333334
3 0.27864062500000003 0.5290416666666666 0.02084374999999996 0.029416666666666678
3 0.39828125000000003 0.36802083333333335 0.020187500000000025 0.02808333333333337
3 0.38384375 0.3933125 0.020656250000000043 0.025833333333333285
1 0.3453125 0.44583333333333336 0.3453125 0.46458333333333335 0.378125 0.4875 0.409375 0.5395833333333333 0.4546875 0.5708333333333333 0.4625 0.5895833333333333 0.484375 0.6041666666666666 0.490625 0.5958333333333333 0.521875 0.6020833333333333 0.5234375 0.6166666666666667 0.53125 0.6145833333333334 0.5546875 0.6333333333333333 0.5859375 0.59375 0.5890625 0.56875 0.584375 0.5583333333333333 0.5921875 0.5270833333333333 0.571875 0.5229166666666667 0.5578125 0.5083333333333333 0.546875 0.5145833333333333 0.528125 0.48541666666666666 0.5046875 0.4708333333333333 0.4890625 0.47708333333333336 0.440625 0.4479166666666667 0.3890625 0.45 0.35625 0.43125 0.3453125 0.44583333333333336
2 0.3504270546875 0.4379702729166667 0.34642771250000004 0.44413881875 0.344553025 0.4524746895833333 0.345427884375 0.46114399791666666 0.3498021578125 0.46564536875 0.3598004984375 0.4709803208333333 0.368424059375 0.47631528125 0.37729759375 0.4816502520833333 0.3894205765625 0.4499739291666666 0.37792248906250003 0.44330523125 0.3675492078125 0.4376368395833333 0.359550534375 0.4319684458333333 0.35456249687499997 0.43295833333333333 0.3504270546875 0.4379702729166667