0 0.17421875 0.6010416666666667 0.028125 0.035416666666666666
3 0.096875 0.35520833333333335 0.0203125 0.029166666666666667
3 0.10703125 0.315625 0.0203125 0.03125
0 0.137 0.6357916666666666 0.02450000000000001 0.03150000000000001
3 0.11328125 0.371875 0.021875 0.03333333333333333
0 0.161765625 0.6279583333333334 0.026078124999999997 0.028312500000000067
3 0.12890625 0.31354166666666666 0.0234375 0.03125
3 0.1546875 0.365625 0.021875 0.03333333333333333
3 0.13515625 0.37916666666666665 0.021875 0.03333333333333333
3 0.11796875 0.33958333333333335 0.01875 0.035416666666666666
3 0.12265625 0.315625 0.0203125 0.03125
3 0.146875 0.33125 0.021875 0.03333333333333333
3 0.1015625 0.359375 0.021875 0.035416666666666666
0 0.1421875 0.36354166666666665 0.1421875 0.359375 0.14375 0.3572916666666667 0.1421875 0.3489583333333333 0.13515625 0.3416666666666667 0.12734375 0.3416666666666667 0.121875 0.346875 0.11875 0.35520833333333335 0.1203125 0.3614583333333333 0.12734375 0.37083333333333335 0.1296875 0.3697916666666667 0.13828125 0.36875 0.1421875 0.36354166666666665
1 0.8765625 0.371875 0.8796875 0.35104166666666664 0.86328125 0.325 0.84453125 0.3333333333333333 0.83203125 0.31875 0.77265625 0.21041666666666667 0.76015625 0.20625 0.75078125 0.2125 0.74140625 0.18125 0.73046875 0.18333333333333332 0.71015625 0.14583333333333334 0.69453125 0.14583333333333334 0.684375 0.165625 0.7078125 0.209375 0.703125 0.26145833333333335 0.728125 0.328125 0.7171875 0.34479166666666666 0.71875 0.3614583333333333 0.73046875 0.3770833333333333 0.74609375 0.36041666666666666 0.76015625 0.37916666666666665 0.78984375 0.38125 0.8015625 0.4197916666666667 0.8109375 0.4239583333333333 0.85859375 0.4041666666666667 0.8765625 0.371875
2 0.7015524171874999 0.14313839375 0.6943564 0.14673810208333335 0.687160384375 0.15445175000000003 0.683562371875 0.16662216666666665 0.688702384375 0.17690703124999999 0.6955129046875 0.18924886875 0.701937921875 0.2029620208333333 0.725067990625 0.17810693333333333 0.7119609515625 0.1551374 0.706579965625 0.14484391249999998 0.7015524171874999 0.14313839375