0 0.44609375 0.74375 0.0265625 0.03333333333333333
0 0.7421875 0.6822916666666666 0.021875 0.03125
0 0.49453125 0.5385416666666667 0.0234375 0.03333333333333333
3 0.31484375 0.665625 0.0265625 0.03333333333333333
3 0.40625 0.6479166666666667 0.0265625 0.03333333333333333
3 0.2203125 0.290625 0.028125 0.035416666666666666
0 0.6125 0.7447916666666666 0.0234375 0.03125
3 0.57265625 0.16354166666666667 0.028125 0.035416666666666666
3 0.7801875 0.1798958333333333 0.01799999999999997 0.025312500000000012
3 0.699640625 0.5659791666666667 0.018343750000000013 0.025270833333333322
3 0.740515625 0.389375 0.018796874999999956 0.024312500000000032
1 0.684375 0.15625 0.6828125 0.17083333333333334 0.70625 0.2125 0.7 0.2625 0.7265625 0.33125 0.7265625 0.33958333333333335 0.7140625 0.3458333333333333 0.71875 0.36875 0.725 0.3770833333333333 0.75 0.3729166666666667 0.75625 0.38333333333333336 0.78125 0.3854166666666667 0.8015625 0.4270833333333333 0.853125 0.41041666666666665 0.8765625 0.36875 0.8765625 0.35208333333333336 0.8671875 0.3458333333333333 0.8609375 0.325 0.840625 0.33125 0.821875 0.30833333333333335 0.771875 0.21041666666666667 0.7578125 0.20416666666666666 0.7484375 0.2125 0.740625 0.18125 0.728125 0.18333333333333332 0.709375 0.14583333333333334 0.696875 0.14375 0.684375 0.15625
2 0.688239346875 0.15363663541666667 0.6839900515624999 0.1618057875 0.686239671875 0.17230898958333332 0.6902390125 0.18081157708333334 0.6951132062500001 0.18981431875 0.703861753125 0.20365186458333331 0.7246083062500001 0.1811450125 0.71735950625 0.16814105416666666 0.7107356125 0.15413678958333332 0.70661129375 0.14546748125 0.70036233125 0.14363359375 0.694249996875 0.14545833333333333 0.688239346875 0.15363663541666667