0 0.17421875 0.6010416666666667 0.0265625 0.03333333333333333
3 0.16171875 0.3187083333333333 0.021875 0.02716666666666671
3 0.1609375 0.28125 0.021875 0.029166666666666667
0 0.1371875 0.6342708333333333 0.021515625000000017 0.026541666666666686
3 0.11875 0.30833333333333335 0.0203125 0.029166666666666667
3 0.1015625 0.28541666666666665 0.01875 0.03125
0 0.1243125 0.28425 0.027312499999999983 0.023166666666666676
0 0.162546875 0.6277083333333333 0.023343749999999996 0.029749999999999943
3 0.11646875000000001 0.2608958333333333 0.022265625 0.023020833333333327
1 0.84609375 0.41458333333333336 0.85546875 0.4083333333333333 0.8765625 0.37395833333333334 0.8796875 0.35104166666666664 0.86328125 0.325 0.84296875 0.3333333333333333 0.77265625 0.21041666666666667 0.76171875 0.20416666666666666 0.74921875 0.21041666666666667 0.74296875 0.18125 0.73046875 0.18125 0.70859375 0.14375 0.69296875 0.14583333333333334 0.684375 0.16770833333333332 0.7078125 0.209375 0.709375 0.23645833333333333 0.703125 0.26145833333333335 0.728125 0.328125 0.7171875 0.34270833333333334 0.7171875 0.3614583333333333 0.72890625 0.3770833333333333 0.74921875 0.3645833333333333 0.76015625 0.37916666666666665 0.78984375 0.38125 0.8 0.421875 0.809375 0.42604166666666665 0.83203125 0.41041666666666665 0.84609375 0.41458333333333336
2 0.684753696875 0.17060644375 0.6900222078125 0.18003423541666666 0.6947767265625 0.18809071458333332 0.701330240625 0.20128961875 0.7236893 0.1759202875 0.7137947687499999 0.15792177500000001 0.7077552578125 0.14626559791666666 0.7015872375 0.143008725 0.6952907203125 0.14575135625 0.6898937093749999 0.15192227291666666 0.6848919343750001 0.15855289166666667 0.684753696875 0.17060644375