0 0.17421875 0.6010416666666667 0.028125 0.035416666666666666
3 0.096875 0.35520833333333335 0.0203125 0.029166666666666667
3 0.10703125 0.315625 0.0203125 0.03125
0 0.13671875 0.6354166666666666 0.03125 0.0375
3 0.11328125 0.371875 0.021875 0.03333333333333333
0 0.16278125000000002 0.6302083333333334 0.029124999999999977 0.03958333333333333
3 0.12890625 0.31354166666666666 0.0234375 0.03125
3 0.1546875 0.365625 0.021875 0.03333333333333333
3 0.13515625 0.37916666666666665 0.021875 0.03333333333333333
3 0.11796875 0.33958333333333335 0.01875 0.035416666666666666
3 0.146875 0.33125 0.021875 0.03333333333333333
0 0.1421875 0.36354166666666665 0.1421875 0.359375 0.14375 0.3572916666666667 0.1421875 0.3489583333333333 0.13515625 0.3416666666666667 0.12734375 0.3416666666666667 0.121875 0.346875 0.11875 0.35520833333333335 0.1203125 0.3614583333333333 0.12734375 0.37083333333333335 0.1296875 0.3697916666666667 0.13828125 0.36875 0.1421875 0.36354166666666665
1 0.8765625 0.371875 0.8796875 0.35104166666666664 0.86328125 0.325 0.84453125 0.3333333333333333 0.83203125 0.31875 0.77265625 0.21041666666666667 0.76015625 0.20625 0.75078125 0.2125 0.74140625 0.18125 0.73046875 0.18333333333333332 0.71015625 0.14583333333333334 0.69453125 0.14583333333333334 0.684375 0.165625 0.7078125 0.209375 0.703125 0.26145833333333335 0.728125 0.328125 0.7171875 0.34479166666666666 0.71875 0.3614583333333333 0.73046875 0.3770833333333333 0.74609375 0.36041666666666666 0.76015625 0.37916666666666665 0.78984375 0.38125 0.8015625 0.4197916666666667 0.8109375 0.4239583333333333 0.85859375 0.4041666666666667 0.8765625 0.371875
2 0.6968327546875 0.14485758333333332 0.6908563531249999 0.14986343333333335 0.6850189484375 0.1576503104166667 0.68390705625 0.16729120625 0.6890495421875 0.17915691875 0.6947479640625 0.18972482291666667 0.701975240625 0.20381535833333334 0.7258808203125 0.17897152083333331 0.7167077390625 0.16339776458333333 0.709758440625 0.14986343333333335 0.7039417234374999 0.14415236458333333 0.6968327546875 0.14485758333333332