1 0.80703125 0.54375 0.821875 0.534375 0.8234375 0.5135416666666667 0.80859375 0.48541666666666666 0.7890625 0.48854166666666665 0.7453125 0.3614583333333333 0.73515625 0.35 0.72109375 0.35 0.715625 0.31979166666666664 0.7046875 0.3177083333333333 0.68671875 0.27291666666666664 0.67578125 0.27291666666666664 0.6640625 0.284375 0.6640625 0.296875 0.6796875 0.33645833333333336 0.6796875 0.3614583333333333 0.6703125 0.384375 0.6921875 0.446875 0.6921875 0.465625 0.67890625 0.46458333333333335 0.675 0.484375 0.68671875 0.50625 0.70234375 0.49583333333333335 0.71015625 0.5104166666666666 0.73359375 0.51875 0.7421875 0.5677083333333334 0.75 0.5697916666666667 0.79609375 0.5625 0.80703125 0.54375
2 0.664143603125 0.28389038958333335 0.6632687421875 0.2912259583333333 0.6663932234375001 0.3025627416666667 0.6697676687499999 0.3128992375 0.674516875 0.32556974583333337 0.6971381171875 0.30673067708333335 0.69026426875 0.2862244375 0.6860149718749999 0.27572123958333333 0.6802659281250001 0.27288704375 0.6732670828125 0.2745542166666667 0.666906246875 0.28004166666666663 0.664143603125 0.28389038958333335
3 0.55803125 0.26275 0.02251562499999995 0.028354166666666694
3 0.74915625 0.3186458333333333 0.023140624999999915 0.03168749999999996
3 0.2014375 0.31404166666666666 0.02376562499999999 0.02752083333333329
3 0.69253125 0.5184166666666666 0.018765624999999987 0.02585416666666672
3 0.245546875 0.7006666666666667 0.025656250000000026 0.030020833333333267
3 0.333125 0.7019166666666667 0.02439062500000002 0.03252083333333336
3 0.631546875 0.677375 0.021890624999999986 0.028354166666666694
3 0.610265625 0.6205833333333334 0.02439062500000002 0.023354166666666742
0 0.436359375 0.6135 0.023140624999999915 0.03252083333333336
0 0.36221875 0.8082708333333334 0.02628124999999999 0.0417083333333333
0 0.46889062499999995 0.7711458333333333 0.023140624999999915 0.030854166666666554
0 0.640921875 0.5250833333333332 0.021890624999999986 0.032520833333333304