0 0.86171875 0.30833333333333335 0.0234375 0.03125
0 0.70809375 0.19775 0.022765625000000077 0.028645833333333332
3 0.860015625 0.24810416666666668 0.022046874999999844 0.028270833333333318
3 0.4025625 0.07575 0.019640625000000033 0.029208333333333326
0 0.25568749999999996 0.58675 0.024453124999999964 0.027312500000000028
3 0.30390625 0.309375 0.0203125 0.029166666666666667
3 0.24375 0.35341666666666666 0.0203125 0.030687500000000038
3 0.224328125 0.46902083333333333 0.020906249999999994 0.02702083333333339
3 0.31448437500000004 0.2819375 0.020390625000000016 0.027729166666666673
1 0.3484375 0.35625 0.321875 0.35208333333333336 0.3171875 0.36041666666666666 0.2796875 0.3541666666666667 0.2734375 0.3625 0.271875 0.38125 0.278125 0.39166666666666666 0.3078125 0.39791666666666664 0.3359375 0.4166666666666667 0.3453125 0.4395833333333333 0.3984375 0.44375 0.403125 0.4479166666666667 0.40625 0.475 0.4328125 0.48541666666666666 0.4375 0.48333333333333334 0.4375 0.46875 0.4515625 0.4708333333333333 0.4609375 0.46458333333333335 0.4953125 0.47708333333333336 0.503125 0.44583333333333336 0.5140625 0.4354166666666667 0.5125 0.3645833333333333 0.5 0.35833333333333334 0.4765625 0.36041666666666666 0.4703125 0.3541666666666667 0.4703125 0.3645833333333333 0.4640625 0.36666666666666664 0.4328125 0.35 0.359375 0.3458333333333333 0.3484375 0.35625
2 0.27795852499999996 0.359014225 0.2740841703125 0.36568292083333337 0.2729593546875 0.37351864166666665 0.2745840890625 0.3828548145833333 0.2782084890625 0.38919008125 0.2862071640625 0.39085725625 0.2955806078125 0.39219099375 0.3073286484375 0.39452503333333333 0.310203175 0.35968109583333335 0.29333097656249996 0.35634674791666665 0.282531246875 0.353375 0.27795852499999996 0.359014225