0 0.66015625 0.6 0.0234375 0.03333333333333333
0 0.5453125 0.7020833333333333 0.0234375 0.03125
3 0.078125 0.3885416666666667 0.0296875 0.035416666666666666
0 0.38203125 0.75625 0.025 0.035416666666666666
0 0.39375 0.5416666666666666 0.025 0.03333333333333333
3 0.3234375 0.678125 0.0265625 0.035416666666666666
3 0.23984375 0.725 0.0265625 0.035416666666666666
3 0.40234375 0.15104166666666666 0.028125 0.03958333333333333
3 0.59453125 0.496875 0.021875 0.029166666666666667
3 0.601453125 0.10250000000000001 0.017468749999999922 0.024833333333333336
3 0.60546875 0.3184375 0.018187499999999978 0.023916666666666704
1 0.5125 0.10208333333333333 0.509375 0.12083333333333333 0.5328125 0.15416666666666667 0.540625 0.20416666666666666 0.571875 0.25833333333333336 0.5734375 0.2916666666666667 0.5921875 0.3125 0.6046787390625 0.30003396666666665 0.6171875 0.30833333333333335 0.625 0.3020833333333333 0.6390625 0.3 0.640625 0.3125 0.6625 0.33541666666666664 0.68125 0.3145833333333333 0.69375 0.3145833333333333 0.7046875 0.3020833333333333 0.7203125 0.25625 0.696875 0.21666666666666667 0.68125 0.23333333333333334 0.6765625 0.23125 0.60625 0.14166666666666666 0.578125 0.13333333333333333 0.56875 0.11875 0.5546875 0.12291666666666666 0.5328125 0.09375 0.521875 0.09166666666666666 0.5125 0.10208333333333333
2 0.5129878265625 0.10371860000000001 0.5104882421875 0.11222118541666666 0.5116130562500001 0.12055705625 0.5181119734374999 0.12905965 0.5253607734375 0.13706208333333333 0.5326095750000001 0.14456438124999998 0.5512314843749999 0.11955675416666667 0.5416080765625 0.10788653541666667 0.5332344703125 0.09704990208333333 0.5266105671875 0.09204838124999999 0.520343746875 0.09295833333333332 0.5129878265625 0.10371860000000001