0 0.44609375 0.74375 0.0265625 0.03333333333333333
0 0.7421875 0.6822916666666666 0.021875 0.03125
0 0.49453125 0.5395833333333333 0.0234375 0.03333333333333333
3 0.315625 0.665625 0.0265625 0.03333333333333333
3 0.403125 0.6479166666666667 0.0265625 0.03333333333333333
3 0.22109375 0.28958333333333336 0.028125 0.035416666666666666
0 0.6125 0.7447916666666666 0.0234375 0.03333333333333333
3 0.57265625 0.16354166666666667 0.0265625 0.035416666666666666
3 0.69678125 0.5608541666666667 0.018203124999999966 0.024312499999999914
3 0.739765625 0.3895 0.019656250000000063 0.024249999999999973
3 0.77415625 0.17689583333333334 0.01853125000000002 0.025874999999999974
1 0.68125 0.16666666666666666 0.70625 0.21458333333333332 0.7 0.26458333333333334 0.7265625 0.33125 0.7125 0.3416666666666667 0.7171875 0.36666666666666664 0.728125 0.37916666666666665 0.747950815625 0.37037409791666664 0.758255503125 0.38162084166666665 0.7828125 0.3854166666666667 0.803125 0.4270833333333333 0.8296875 0.4125 0.840625 0.41875 0.8546875 0.4083333333333333 0.8765625 0.3645833333333333 0.8765625 0.35208333333333336 0.8609375 0.325 0.8390625 0.33125 0.79375 0.25833333333333336 0.7734375 0.2125 0.7609375 0.20416666666666666 0.7484375 0.21041666666666667 0.7421875 0.18333333333333332 0.728125 0.18333333333333332 0.70625 0.14375 0.696875 0.14375 0.68125 0.16666666666666666
2 0.687391609375 0.15380310000000003 0.68414215 0.16347270833333333 0.6866417359375 0.173642475 0.6912659640625 0.18231178125 0.6963901109374999 0.19164796874999998 0.703014015625 0.20365161041666668 0.7255102890625 0.18081132291666666 0.7192613265625 0.16947453958333333 0.711887540625 0.15597042708333334 0.7076382531250001 0.1469676875 0.7027640609375 0.1438000541666667 0.6965150984374999 0.14463364166666667 0.692218746875 0.149 0.687391609375 0.15380310000000003