3 0.1796875 0.28203125 0.1484375 0.1421875
3 0.15625 0.4046875 0.15625 0.1546875
3 0.2796875 0.525 0.1578125 0.1609375
3 0.3140625 0.4 0.146875 0.1484375
3 0.33671875 0.271875 0.1453125 0.146875
3 0.4890625 0.271875 0.1453125 0.1390625
3 0.64140625 0.28046875 0.1453125 0.134375
3 0.48359375 0.39609375 0.15 0.1515625
3 0.45390625 0.52265625 0.1578125 0.1578125
3 0.6328125 0.5375 0.1625 0.159375
3 0.6359375 0.40625 0.1546875 0.1390625
3 0.79140625 0.3921875 0.1515625 0.159375
3 0.81875 0.525 0.15625 0.15625