3 0.77734375 0.75703125 0.03125 0.04375
3 0.56328125 0.77421875 0.0296875 0.0390625
3 0.6421875 0.50859375 0.025 0.0375
3 0.32421875 0.7828125 0.0296875 0.04375
3 0.47265625 0.79296875 0.0328125 0.0390625
3 0.18515625 0.12421875 0.028125 0.0328125
3 0.553125 0.27734375 0.021875 0.034375
3 0.62890625 0.675 0.0265625 0.0390625
3 0.284375 0.51875 0.03125 0.04375
3 0.41328125 0.1734375 0.028125 0.0359375
1 0.47283950625 0.44444444375 0.46481481406249997 0.4379629625 0.45679012343750003 0.4546296296875 0.45432098749999994 0.46944444374999994 0.44444444375 0.478703703125 0.432098765625 0.4879629625 0.427777778125 0.4796296296875 0.4129629625 0.48425925937500003 0.4012345671875 0.497222221875 0.3987654328125 0.5175925921875 0.3888888890625 0.521296296875 0.38148148125 0.5148148140625 0.3759259265625 0.5148148140625 0.372222221875 0.5175925921875 0.3697530859375 0.5324074078125001 0.34012345625 0.5416666671875 0.33580246874999997 0.5509259265625001 0.3351851859375 0.5648148140625 0.341975309375 0.5824074078125 0.3567901234375 0.584259259375 0.37716049375 0.577777778125 0.399382715625 0.590740740625 0.40493827187500003 0.603703703125 0.41728395 0.60555555625 0.43518518593750005 0.5981481484375 0.44012345625 0.5740740734374999 0.45617283906250006 0.5694444437499999 0.458024690625 0.5731481484375001 0.45308642031249996 0.5898148140624999 0.46666666718750005 0.5888888890625 0.47592592656250005 0.5833333328125 0.4783950625 0.5851851859375 0.48148148125 0.603703703125 0.48703703750000005 0.6101851859375 0.4975308640625 0.6111111109375 0.5135802468749999 0.602777778125 0.5160493828125 0.5953703703125 0.5154320984375 0.5768518515625 0.50555555625 0.5611111109375 0.522222221875 0.5481481484375 0.52283950625 0.5351851859375001 0.5197530859375 0.50648148125 0.5111111109375 0.49444444374999996 0.5154320984375 0.477777778125 0.508641975 0.46944444374999994 0.540740740625 0.42129629687500003 0.5870370375 0.328703703125 0.6129629624999999 0.25555555625 0.6339506171875 0.16851851874999998 0.6339506171875 0.1574074078125 0.6234567906249999 0.147222221875 0.6024691359375 0.1416666671875 0.5827160499999999 0.2259259265625 0.5611111109375 0.2925925921875 0.51419753125 0.3879629625 0.477777778125 0.44166666718750003 0.47283950625 0.44444444375