1 0.6359126984375 0.3511904765625 0.6319444437499999 0.377976190625 0.652777778125 0.3928571421875 0.6666666671875 0.3586309515625 0.6765873015625 0.3616071421875 0.7073412703125 0.2991071421875 0.6855158734375 0.2678571421875 0.7113095234375 0.25595238125 0.81845238125 0.18154761875 0.9126984125 0.0639880953125 0.8859126984374999 0.028273809374999997 0.7678571437499999 0.1666666671875 0.6795634921875 0.2232142859375 0.6130952375 0.2366071421875 0.5585317453124999 0.2142857140625 0.549603175 0.24255952343749998 0.58829365 0.2797619046875 0.5803571437499999 0.30654761875 0.61904761875 0.315476190625 0.6210317453124999 0.33928571406249997 0.6359126984375 0.3511904765625
3 0.29722222187499997 0.5208333328125 0.2958333328125 0.5072916671875001 0.2888888890625 0.5 0.27638888906250003 0.49791666718750005 0.26805555625 0.5052083328125 0.2673611109375 0.5239583328124999 0.2770833328125 0.5375 0.2916666671875 0.534375 0.29722222187499997 0.5208333328125
3 0.42152777812500003 0.1822916671875 0.41875 0.165625 0.4125 0.1604166671875 0.40277777812500004 0.159375 0.3951388890625 0.171875 0.3958333328125 0.1895833328125 0.40208333281249997 0.19479166718750002 0.4173611109375 0.190625 0.42152777812500003 0.1822916671875
3 0.54296875 0.25703125 0.01875 0.0296875
3 0.56640625 0.33125 0.0203125 0.028125
3 0.64375 0.509375 0.025 0.0296875
3 0.6296875 0.675 0.0265625 0.034375
3 0.7796875 0.75546875 0.0265625 0.034375
3 0.56484375 0.77421875 0.0265625 0.0375
3 0.46953125 0.79296875 0.021875 0.034375
3 0.32421875 0.7828125 0.025 0.0359375
3 0.1859375 0.1234375 0.0171875 0.0296875