3 0.6002727272727273 0.504759825327511 0.28072727272727266 0.2491703056768559
0 0.19654545454545452 0.40585152838427946 0.2433181818181818 0.23633187772925765
0 0.27140909090909093 0.18366812227074236 0.24868181818181814 0.2491703056768559
0 0.6644545454545455 0.2812663755458515 0.24331818181818177 0.22860262008733623
0 0.49868181818181817 0.11816593886462883 0.24331818181818182 0.2209170305676856
0 0.4305 0.34292576419213977 0.24600000000000002 0.24401746724890827
3 0.8850454545454546 0.2183406113537118 0.22990909090909084 0.24144104803493446
0 0.12836363636363635 0.6306113537117903 0.25131818181818183 0.2491703056768559
0 0.36363636363636365 0.5689519650655022 0.23527272727272724 0.2389082969432314
3 0.5320909090909091 0.7372052401746725 0.25131818181818183 0.24659388646288222
3 0.7807272727272727 0.6768558951965066 0.2620454545454544 0.25432314410480356
3 0.7125454545454545 0.8878602620087336 0.275409090909091 0.22423580786026212