3 0.2644140625 0.21183593750000002 0.21035156249999998 0.3275390625
3 0.14421875 0.353046875 0.18929687500000003 0.2824609375
3 0.0969140625 0.588203125 0.193828125 0.3080078124999999
3 0.28921875 0.5048046875 0.19679687499999998 0.26140625000000006
3 0.2141015625 0.7962890625 0.20281250000000003 0.2644140625
3 0.3019921875 0.782734375 0.22234375000000003 0.3275390625000001
3 0.509296875 0.837578125 0.1953125 0.2869531249999999
3 0.48828125 0.4161718750000001 0.20132812500000002 0.29445312500000004
3 0.38234375 0.21933593750000002 0.16375000000000006 0.2824609375
3 0.57390625 0.197578125 0.2043359375 0.28695312500000003
3 0.8052734375 0.2801953125 0.20132812500000008 0.29296875
3 0.6978515625 0.506328125 0.19679687499999998 0.30949218750000007
3 0.8996484375 0.5821875 0.20070312499999998 0.30499999999999994
3 0.7196484375 0.8015234375 0.20734374999999994 0.30499999999999994