3 0.1796875 0.0587962962962963 0.17473958333333334 0.049074074074074076 0.16588541666666667 0.049074074074074076 0.16197916666666667 0.056018518518518516 0.1625 0.06898148148148148 0.16744791666666667 0.07777777777777778 0.17291666666666666 0.07916666666666666 0.1796875 0.07175925925925926 0.1796875 0.0587962962962963
3 0.4588541666666667 0.08657407407407407 0.459375 0.07361111111111111 0.4549479166666667 0.06388888888888888 0.45026041666666666 0.06296296296296296 0.44427083333333334 0.0699074074074074 0.44375 0.08194444444444444 0.4471354166666667 0.09166666666666666 0.45260416666666664 0.09398148148148149 0.45703125 0.09166666666666666 0.4588541666666667 0.08657407407407407
3 0.5723958333333333 0.09490740740740741 0.5684895833333333 0.08518518518518518 0.5638020833333334 0.08333333333333333 0.5578125 0.0912037037037037 0.5567708333333333 0.1050925925925926 0.5606770833333333 0.11388888888888889 0.5666666666666667 0.11435185185185186 0.571875 0.10694444444444444 0.5723958333333333 0.09490740740740741
3 0.484375 0.38287037037037036 0.48098958333333336 0.3768518518518518 0.47421875 0.37592592592592594 0.46927083333333336 0.38472222222222224 0.46927083333333336 0.3939814814814815 0.47421875 0.40370370370370373 0.48020833333333335 0.40324074074074073 0.48489583333333336 0.39490740740740743 0.484375 0.38287037037037036
3 0.4515625 0.48842592592592593 0.44869791666666664 0.48055555555555557 0.44140625 0.4787037037037037 0.43697916666666664 0.4847222222222222 0.4359375 0.49675925925925923 0.4388020833333333 0.5037037037037037 0.4453125 0.5060185185185185 0.45 0.5013888888888889 0.4515625 0.48842592592592593
3 0.4869791666666667 0.4837962962962963 0.4830729166666667 0.4777777777777778 0.47630208333333335 0.4787037037037037 0.47291666666666665 0.4837962962962963 0.47239583333333335 0.49675925925925923 0.4783854166666667 0.5055555555555555 0.4828125 0.5050925925925925 0.4875 0.49675925925925923 0.4869791666666667 0.4837962962962963
3 0.16927083333333334 0.9115740740740741 0.16484375 0.9018518518518519 0.15859375 0.9009259259259259 0.15260416666666668 0.9060185185185186 0.15 0.9217592592592593 0.15390625 0.9314814814814815 0.16145833333333334 0.9319444444444445 0.16770833333333332 0.9254629629629629 0.16927083333333334 0.9115740740740741
3 0.5723958333333333 0.5171296296296296 0.56796875 0.5092592592592593 0.5627604166666667 0.5083333333333333 0.5572916666666666 0.5143518518518518 0.55625 0.5263888888888889 0.5596354166666667 0.5351851851851852 0.5651041666666666 0.5375 0.5708333333333333 0.5328703703703703 0.5723958333333333 0.5171296296296296
3 0.5864583333333333 0.5226851851851851 0.5809895833333333 0.5138888888888888 0.5763020833333333 0.5138888888888888 0.571875 0.5199074074074074 0.5708333333333333 0.5319444444444444 0.57421875 0.5407407407407407 0.5807291666666666 0.5421296296296296 0.5848958333333333 0.538425925925926 0.5864583333333333 0.5226851851851851
3 0.6072916666666667 0.6773148148148148 0.6013020833333333 0.6666666666666666 0.5955729166666667 0.6675925925925926 0.5916666666666667 0.6763888888888889 0.5921875 0.6884259259259259 0.5966145833333333 0.6944444444444444 0.6015625 0.6949074074074074 0.6057291666666667 0.6902777777777778 0.6072916666666667 0.6773148148148148
3 0.8046875 0.8606481481481482 0.80078125 0.8537037037037037 0.7924479166666667 0.8546296296296296 0.7890625 0.8625 0.7901041666666667 0.874537037037037 0.7955729166666666 0.8814814814814815 0.8015625 0.8810185185185185 0.80625 0.8717592592592592 0.8046875 0.8606481481481482
0 0.79375 0.09212962962962963 0.7908854166666667 0.08611111111111111 0.78359375 0.08518518518518518 0.778125 0.09305555555555556 0.7776041666666667 0.1050925925925926 0.7825520833333334 0.11388888888888889 0.7885416666666667 0.11342592592592593 0.79375 0.10324074074074074 0.79375 0.09212962962962963