0 0.25364583333333335 0.5671296296296297 0.2526041666666667 0.5569444444444445 0.24765625 0.55 0.23984375 0.5509259259259259 0.23489583333333333 0.5625 0.23541666666666666 0.5717592592592593 0.23984375 0.5787037037037037 0.24427083333333333 0.5800925925925926 0.25078125 0.575925925925926 0.25364583333333335 0.5671296296296297
3 0.1921875 0.055092592592592596 0.18671875 0.049074074074074076 0.18046875 0.05 0.1765625 0.059722222222222225 0.17708333333333334 0.0699074074074074 0.18463541666666666 0.08055555555555556 0.1890625 0.08009259259259259 0.19427083333333334 0.07175925925925926 0.1921875 0.055092592592592596
3 0.21041666666666667 0.05694444444444444 0.20390625 0.04814814814814815 0.19661458333333334 0.049074074074074076 0.19322916666666667 0.055092592592592596 0.19375 0.0699074074074074 0.19921875 0.0787037037037037 0.2046875 0.07916666666666666 0.2109375 0.07083333333333333 0.21041666666666667 0.05694444444444444
3 0.4703125 0.11157407407407408 0.46640625 0.1 0.46015625 0.09722222222222222 0.4546875 0.10416666666666667 0.45364583333333336 0.11342592592592593 0.45755208333333336 0.1259259259259259 0.4630208333333333 0.12824074074074074 0.46822916666666664 0.12361111111111112 0.4703125 0.11157407407407408
3 0.19635416666666666 0.1337962962962963 0.18932291666666667 0.1259259259259259 0.18359375 0.12777777777777777 0.17916666666666667 0.13935185185185187 0.18072916666666666 0.1486111111111111 0.18776041666666668 0.1574074074074074 0.19270833333333334 0.15694444444444444 0.19791666666666666 0.1476851851851852 0.19635416666666666 0.1337962962962963
3 0.24947916666666667 0.2791666666666667 0.24296875 0.26851851851851855 0.23567708333333334 0.26944444444444443 0.23125 0.27824074074074073 0.23177083333333334 0.2875 0.23567708333333334 0.2962962962962963 0.24375 0.2986111111111111 0.2484375 0.29305555555555557 0.24947916666666667 0.2791666666666667
3 0.175 0.500462962962963 0.16901041666666666 0.49074074074074076 0.16067708333333333 0.49166666666666664 0.15677083333333333 0.4976851851851852 0.15520833333333334 0.5097222222222222 0.16015625 0.5194444444444445 0.16770833333333332 0.5208333333333334 0.17447916666666666 0.5125 0.175 0.500462962962963
3 0.2984375 0.5106481481481482 0.29453125 0.5027777777777778 0.28671875 0.5018518518518519 0.28177083333333336 0.5087962962962963 0.28072916666666664 0.5189814814814815 0.28515625 0.5296296296296297 0.2916666666666667 0.5310185185185186 0.29791666666666666 0.5236111111111111 0.2984375 0.5106481481481482
3 0.371875 0.46620370370370373 0.3684895833333333 0.45740740740740743 0.3606770833333333 0.45555555555555555 0.35572916666666665 0.4634259259259259 0.35520833333333335 0.4736111111111111 0.35859375 0.48148148148148145 0.3651041666666667 0.4837962962962963 0.3703125 0.47824074074074074 0.371875 0.46620370370370373
3 0.21510416666666668 0.7041666666666667 0.215625 0.6912037037037037 0.21119791666666668 0.6833333333333333 0.20442708333333334 0.6824074074074075 0.19791666666666666 0.6902777777777778 0.19791666666666666 0.7060185185185185 0.2046875 0.7134259259259259 0.21067708333333332 0.712037037037037 0.21510416666666668 0.7041666666666667
3 0.38385416666666666 0.600462962962963 0.37942708333333336 0.5888888888888889 0.37265625 0.5879629629629629 0.36770833333333336 0.5949074074074074 0.36666666666666664 0.6078703703703704 0.37213541666666666 0.6175925925925926 0.3776041666666667 0.6171296296296296 0.38229166666666664 0.611574074074074 0.38385416666666666 0.600462962962963
3 0.3572916666666667 0.7032407407407407 0.3528645833333333 0.6935185185185185 0.34765625 0.6925925925925925 0.34010416666666665 0.7013888888888888 0.33958333333333335 0.711574074074074 0.3419270833333333 0.7194444444444444 0.3494791666666667 0.7236111111111111 0.35572916666666665 0.7171296296296297 0.3572916666666667 0.7032407407407407