3 0.24947916666666667 0.2791666666666667 0.24296875 0.26851851851851855 0.23567708333333334 0.26944444444444443 0.23177083333333334 0.2763888888888889 0.23177083333333334 0.2875 0.23671875 0.2972222222222222 0.24322916666666666 0.2986111111111111 0.2484375 0.29305555555555557 0.24947916666666667 0.2791666666666667
3 0.453125 0.14706217407407407 0.45026041666666666 0.1391918037037037 0.44296875 0.1364140259259259 0.4390625 0.1405806925925926 0.4375 0.15354365555555555 0.44088541666666664 0.16326587777777776 0.4473958333333333 0.1655806925925926 0.4515625 0.16187698888888888 0.453125 0.14706217407407407
3 0.5416666666666666 0.1310185185185185 0.53828125 0.12314814814814815 0.5330729166666667 0.12129629629629629 0.5276041666666667 0.12731481481481483 0.5260416666666666 0.13935185185185187 0.5283854166666667 0.14722222222222223 0.534375 0.15138888888888888 0.540625 0.14583333333333334 0.5416666666666666 0.1310185185185185
3 0.46145833333333336 0.3837962962962963 0.45807291666666666 0.37592592592592594 0.4513020833333333 0.37407407407407406 0.44635416666666666 0.3800925925925926 0.4453125 0.3921296296296296 0.44921875 0.4009259259259259 0.4557291666666667 0.4023148148148148 0.4609375 0.39490740740740743 0.46145833333333336 0.3837962962962963
3 0.7708333333333334 0.14027777777777778 0.7692708333333333 0.12731481481481483 0.76484375 0.12314814814814815 0.7591145833333334 0.125 0.7546875 0.13564814814814816 0.7552083333333334 0.14675925925925926 0.75859375 0.15185185185185185 0.7640625 0.15231481481481482 0.7674479166666667 0.15 0.7708333333333334 0.14027777777777778
3 0.5963541666666666 0.6726851851851852 0.5940104166666667 0.6648148148148149 0.58828125 0.6601851851851852 0.5817708333333333 0.6671296296296296 0.5807291666666666 0.6791666666666667 0.58515625 0.6888888888888889 0.5911458333333334 0.6893518518518519 0.5953125 0.6837962962962963 0.5963541666666666 0.6726851851851852
3 0.38177083333333334 0.6069444444444444 0.37734375 0.5962962962962963 0.37265625 0.5944444444444444 0.365625 0.6023148148148149 0.3645833333333333 0.6125 0.3684895833333333 0.6222222222222222 0.375 0.6236111111111111 0.3796875 0.6189814814814815 0.38177083333333334 0.6069444444444444
3 0.3567708333333333 0.700462962962963 0.3528645833333333 0.6935185185185185 0.3450520833333333 0.6935185185185185 0.340625 0.700462962962963 0.33958333333333335 0.7125 0.34348958333333335 0.7212962962962963 0.35104166666666664 0.7226851851851852 0.3572916666666667 0.7125 0.3567708333333333 0.700462962962963
3 0.2203125 0.6865740740740741 0.21588541666666666 0.6768518518518518 0.20859375 0.6759259259259259 0.20208333333333334 0.6837962962962963 0.2015625 0.6967592592592593 0.20598958333333334 0.7055555555555556 0.21302083333333333 0.7060185185185185 0.21875 0.6995370370370371 0.2203125 0.6865740740740741
3 0.175 0.5152777777777777 0.17161458333333332 0.5064814814814815 0.16484375 0.5027777777777778 0.15625 0.5115740740740741 0.15572916666666667 0.5236111111111111 0.15859375 0.5305555555555556 0.165625 0.5337962962962963 0.1734375 0.5273148148148148 0.175 0.5152777777777777
0 0.64375 0.8199074074074074 0.6393229166666666 0.8101851851851852 0.6325520833333333 0.8083333333333333 0.6276041666666666 0.8162037037037037 0.6276041666666666 0.8273148148148148 0.6315104166666666 0.837037037037037 0.6369791666666667 0.8384259259259259 0.6427083333333333 0.8328703703703704 0.64375 0.8199074074074074