0 0.25364583333333335 0.5671296296296297 0.253125 0.5578703703703703 0.24505208333333334 0.549074074074074 0.23828125 0.5527777777777778 0.23489583333333333 0.5625 0.2359375 0.5726851851851852 0.24375 0.5800925925925926 0.25078125 0.575925925925926 0.25364583333333335 0.5671296296296297
3 0.18802083333333333 0.05416666666666667 0.18098958333333334 0.046296296296296294 0.17421875 0.049074074074074076 0.171875 0.05416666666666667 0.17291666666666666 0.06898148148148148 0.17786458333333333 0.07685185185185185 0.18489583333333334 0.07731481481481481 0.18854166666666666 0.07268518518518519 0.18802083333333333 0.05416666666666667
3 0.20416666666666666 0.059722222222222225 0.19765625 0.05277777777777778 0.19036458333333334 0.05462962962962963 0.18802083333333333 0.0625 0.1890625 0.07731481481481481 0.19348958333333333 0.08425925925925926 0.20052083333333334 0.08472222222222223 0.20520833333333333 0.07824074074074074 0.20416666666666666 0.059722222222222225
3 0.19635416666666666 0.13287037037037036 0.18984375 0.1259259259259259 0.18307291666666667 0.12777777777777777 0.1796875 0.13564814814814816 0.18072916666666666 0.1486111111111111 0.18723958333333332 0.1574074074074074 0.19322916666666667 0.15694444444444444 0.19791666666666666 0.1486111111111111 0.19635416666666666 0.13287037037037036
3 0.46927083333333336 0.10601851851851851 0.46380208333333334 0.09722222222222222 0.45807291666666666 0.09814814814814815 0.45416666666666666 0.10601851851851851 0.4546875 0.11990740740740741 0.45859375 0.12685185185185185 0.46458333333333335 0.12731481481481483 0.46979166666666666 0.11805555555555555 0.46927083333333336 0.10601851851851851
3 0.24895833333333334 0.2773148148148148 0.24296875 0.26851851851851855 0.23463541666666668 0.27037037037037037 0.23125 0.27824074074074073 0.23229166666666667 0.28935185185185186 0.23776041666666667 0.29814814814814816 0.24375 0.2986111111111111 0.24947916666666667 0.28935185185185186 0.24895833333333334 0.2773148148148148
3 0.17395833333333333 0.5087962962962963 0.16901041666666666 0.5 0.16015625 0.5 0.1546875 0.5087962962962963 0.15520833333333334 0.5199074074074074 0.16015625 0.5287037037037037 0.16666666666666666 0.5291666666666667 0.17291666666666666 0.5226851851851851 0.17395833333333333 0.5087962962962963
3 0.29739583333333336 0.5115740740740741 0.29192708333333334 0.5018518518518519 0.28619791666666666 0.5018518518518519 0.28177083333333336 0.5060185185185185 0.2796875 0.5189814814814815 0.2825520833333333 0.5277777777777778 0.290625 0.5310185185185186 0.296875 0.5236111111111111 0.29739583333333336 0.5115740740740741
3 0.371875 0.46620370370370373 0.3684895833333333 0.45740740740740743 0.3606770833333333 0.45555555555555555 0.35572916666666665 0.4634259259259259 0.35520833333333335 0.4736111111111111 0.35859375 0.48148148148148145 0.3651041666666667 0.4837962962962963 0.37135416666666665 0.475462962962963 0.371875 0.46620370370370373
3 0.38125 0.6050925925925926 0.37734375 0.5962962962962963 0.37265625 0.5944444444444444 0.36614583333333334 0.6013888888888889 0.3645833333333333 0.611574074074074 0.3684895833333333 0.6222222222222222 0.375 0.6236111111111111 0.3807291666666667 0.6162037037037037 0.38125 0.6050925925925926
3 0.2203125 0.6875 0.21588541666666666 0.6768518518518518 0.20911458333333333 0.6759259259259259 0.20208333333333334 0.6837962962962963 0.2015625 0.6958333333333333 0.20494791666666667 0.7046296296296296 0.21302083333333333 0.7060185185185185 0.21875 0.6995370370370371 0.2203125 0.6875
3 0.3572916666666667 0.7032407407407407 0.3528645833333333 0.6935185185185185 0.34713541666666664 0.6925925925925925 0.340625 0.700462962962963 0.33958333333333335 0.711574074074074 0.34348958333333335 0.7212962962962963 0.35104166666666664 0.7226851851851852 0.3567708333333333 0.7143518518518519 0.3572916666666667 0.7032407407407407