3 0.48541666666666666 0.0912037037037037 0.48098958333333336 0.07777777777777778 0.4747395833333333 0.07592592592592592 0.46979166666666666 0.08194444444444444 0.46822916666666664 0.09305555555555556 0.4708333333333333 0.10416666666666667 0.47604166666666664 0.10787037037037037 0.48151041666666666 0.10555555555555556 0.48541666666666666 0.0912037037037037
3 0.4979166666666667 0.07546296296296297 0.49453125 0.06574074074074074 0.48776041666666664 0.06388888888888888 0.48333333333333334 0.0699074074074074 0.4822916666666667 0.07916666666666666 0.484375 0.09027777777777778 0.49114583333333334 0.09490740740740741 0.496875 0.08842592592592592 0.4979166666666667 0.07546296296296297
3 0.5416666666666666 0.29768518518518516 0.5372395833333333 0.2861111111111111 0.5315104166666667 0.2851851851851852 0.5260416666666666 0.29305555555555557 0.5255208333333333 0.3013888888888889 0.5294270833333333 0.31203703703703706 0.5348958333333333 0.31342592592592594 0.540625 0.30694444444444446 0.5416666666666666 0.29768518518518516
3 0.4515625 0.4912037037037037 0.44895833333333335 0.48009259259259257 0.4434895833333333 0.47685185185185186 0.43697916666666664 0.4828703703703704 0.4354166666666667 0.49583333333333335 0.4393229166666667 0.5037037037037037 0.44427083333333334 0.5050925925925925 0.4505208333333333 0.4986111111111111 0.4515625 0.4912037037037037
3 0.6666666666666666 0.1449074074074074 0.66328125 0.1361111111111111 0.6591145833333333 0.13425925925925927 0.6520833333333333 0.14027777777777778 0.6505208333333333 0.1550925925925926 0.6549479166666666 0.1638888888888889 0.6609375 0.16342592592592592 0.665625 0.15694444444444444 0.6666666666666666 0.1449074074074074
3 0.7385416666666667 0.24027777777777778 0.73515625 0.23148148148148148 0.72890625 0.22962962962962963 0.7229166666666667 0.2375 0.721875 0.24861111111111112 0.72578125 0.25833333333333336 0.73125 0.2587962962962963 0.7364583333333333 0.25416666666666665 0.7385416666666667 0.24027777777777778
3 0.7786458333333334 0.2439814814814815 0.7786458333333334 0.23472222222222222 0.7736979166666667 0.22592592592592592 0.7669270833333334 0.22685185185185186 0.7619791666666667 0.23564814814814813 0.7635416666666667 0.2513888888888889 0.7703125 0.2550925925925926 0.77578125 0.2518518518518518 0.7786458333333334 0.2439814814814815
3 0.6859375 0.5189814814814815 0.6830729166666667 0.5111111111111111 0.6752604166666667 0.5092592592592593 0.6713541666666667 0.5143518518518518 0.6697916666666667 0.5236111111111111 0.67421875 0.5351851851851852 0.6802083333333333 0.5356481481481481 0.6854166666666667 0.5291666666666667 0.6859375 0.5189814814814815
3 0.7026041666666667 0.5708333333333333 0.7002604166666667 0.5648148148148148 0.6934895833333333 0.5611111111111111 0.6869791666666667 0.5689814814814815 0.6864583333333333 0.5791666666666667 0.68984375 0.587037037037037 0.6953125 0.5893518518518519 0.7015625 0.5837962962962963 0.7026041666666667 0.5708333333333333
3 0.6421875 0.711574074074074 0.6377604166666667 0.7018518518518518 0.6309895833333333 0.700925925925926 0.6260416666666667 0.7106481481481481 0.6265625 0.7199074074074074 0.63046875 0.7277777777777777 0.6359375 0.7291666666666666 0.640625 0.7245370370370371 0.6421875 0.711574074074074
3 0.39010416666666664 0.9032407407407408 0.3885416666666667 0.888425925925926 0.38307291666666665 0.8824074074074074 0.3763020833333333 0.8851851851851852 0.371875 0.8986111111111111 0.3729166666666667 0.9097222222222222 0.37526041666666665 0.9138888888888889 0.38125 0.9152777777777777 0.38567708333333334 0.9138888888888889 0.39010416666666664 0.9032407407407408
1 0.24296875 0.537962962962963 0.27369791666666665 0.5370370370370371 0.278125 0.5439814814814815 0.27708333333333335 0.5513888888888889 0.2825520833333333 0.5583333333333333 0.3065104166666667 0.5555555555555556 0.30885416666666665 0.5513888888888889 0.31015625 0.5296296296296297 0.32578125 0.5287037037037037 0.3294270833333333 0.5398148148148149 0.33359375 0.5370370370370371 0.34140625 0.5398148148148149 0.3611979166666667 0.5370370370370371 0.36484375 0.5407407407407407 0.37005208333333334 0.537962962962963 0.3729166666666667 0.5291666666666667 0.36822916666666666 0.5162037037037037 0.3692708333333333 0.5032407407407408 0.37395833333333334 0.4930555555555556 0.375 0.47453703703703703 0.3729166666666667 0.45787037037037037 0.36875 0.44675925925925924 0.365625 0.4162037037037037 0.3611979166666667 0.412962962962963 0.35703125 0.41574074074074074 0.3502604166666667 0.4101851851851852 0.3450520833333333 0.4148148148148148 0.3346354166666667 0.4166666666666667 0.32890625 0.41203703703703703 0.3221354166666667 0.42962962962962964 0.3138020833333333 0.43333333333333335 0.3104166666666667 0.4162037037037037 0.3059895833333333 0.4101851851851852 0.28203125 0.40925925925925927 0.27838541666666666 0.425 0.24973958333333332 0.42407407407407405 0.24739583333333334 0.4199074074074074 0.24713541666666666 0.4027777777777778 0.22786458333333334 0.40185185185185185 0.21953125 0.4046296296296296 0.2140625 0.4125 0.20416666666666666 0.44027777777777777 0.20182291666666666 0.45740740740740743 0.17473958333333334 0.4564814814814815 0.16614583333333333 0.46620370370370373 0.16302083333333334 0.47824074074074074 0.16354166666666667 0.48935185185185187 0.17213541666666668 0.5027777777777778 0.20390625 0.5037037037037037 0.2078125 0.5097222222222222 0.21041666666666667 0.5226851851851851 0.21953125 0.5333333333333333 0.22786458333333334 0.5268518518518519 0.23203125 0.5287037037037037 0.23385416666666667 0.5523148148148148 0.22708333333333333 0.5662037037037037 0.23541666666666666 0.5699074074074074 0.23932291666666666 0.5342592592592592 0.24296875 0.537962962962963
0 0.6645833333333333 0.6726851851851852 0.66015625 0.6638888888888889 0.6528645833333333 0.6638888888888889 0.6489583333333333 0.6717592592592593 0.6494791666666667 0.6837962962962963 0.65390625 0.6916666666666667 0.6598958333333333 0.6921296296296297 0.6651041666666667 0.6828703703703703 0.6645833333333333 0.6726851851851852