3 0.35052083333333334 0.23657407407407408 0.3455729166666667 0.22777777777777777 0.33619791666666665 0.22685185185185186 0.33177083333333335 0.23657407407407408 0.3333333333333333 0.24861111111111112 0.34036458333333336 0.25925925925925924 0.346875 0.2587962962962963 0.3515625 0.2513888888888889 0.35052083333333334 0.23657407407407408
3 0.24947916666666667 0.2791666666666667 0.24296875 0.26851851851851855 0.23671875 0.26851851851851855 0.23125 0.27824074074074073 0.23177083333333334 0.2875 0.23671875 0.2972222222222222 0.24375 0.2986111111111111 0.2484375 0.29305555555555557 0.24947916666666667 0.2791666666666667
3 0.175 0.5152777777777777 0.17005208333333333 0.5046296296296297 0.16432291666666668 0.5027777777777778 0.15911458333333334 0.5064814814814815 0.15520833333333334 0.5180555555555556 0.15859375 0.5305555555555556 0.165625 0.5337962962962963 0.1734375 0.5273148148148148 0.175 0.5152777777777777
3 0.2203125 0.6865740740740741 0.21588541666666666 0.6768518518518518 0.20859375 0.6759259259259259 0.20208333333333334 0.6837962962962963 0.2015625 0.6949074074074074 0.20494791666666667 0.7046296296296296 0.2125 0.7060185185185185 0.21822916666666667 0.700462962962963 0.2203125 0.6865740740740741
3 0.38125 0.6050925925925926 0.37734375 0.5962962962962963 0.37265625 0.5944444444444444 0.36614583333333334 0.600462962962963 0.3645833333333333 0.611574074074074 0.36796875 0.6212962962962963 0.375 0.6236111111111111 0.3807291666666667 0.6162037037037037 0.38125 0.6050925925925926
3 0.3572916666666667 0.7023148148148148 0.35390625 0.6944444444444444 0.34661458333333334 0.6925925925925925 0.34010416666666665 0.7013888888888888 0.33958333333333335 0.711574074074074 0.34348958333333335 0.7212962962962963 0.35104166666666664 0.7226851851851852 0.3572916666666667 0.7125 0.3572916666666667 0.7023148148148148
3 0.6104166666666667 0.6773148148148148 0.6059895833333333 0.6694444444444444 0.59921875 0.6694444444444444 0.5958333333333333 0.674537037037037 0.5953125 0.6893518518518519 0.5997395833333333 0.6972222222222222 0.6052083333333333 0.6976851851851852 0.6104166666666667 0.6893518518518519 0.6104166666666667 0.6773148148148148
3 0.45989583333333334 0.3837962962962963 0.45755208333333336 0.3768518518518518 0.44921875 0.37407407407407406 0.44375 0.3837962962962963 0.44427083333333334 0.3921296296296296 0.44765625 0.4 0.453125 0.4013888888888889 0.4588541666666667 0.3958333333333333 0.45989583333333334 0.3837962962962963
3 0.4609375 0.14675925925925926 0.45703125 0.13796296296296295 0.45078125 0.1361111111111111 0.446875 0.1412037037037037 0.4453125 0.15416666666666667 0.44973958333333336 0.1648148148148148 0.4552083333333333 0.16620370370370371 0.45989583333333334 0.16064814814814815 0.4609375 0.14675925925925926
3 0.55625 0.13935185185185187 0.5528645833333333 0.13055555555555556 0.5455729166666666 0.12962962962962962 0.540625 0.13935185185185187 0.540625 0.1486111111111111 0.5450520833333333 0.15833333333333333 0.5505208333333333 0.1587962962962963 0.5552083333333333 0.15231481481481482 0.55625 0.13935185185185187
3 0.753125 0.12361111111111112 0.74921875 0.11574074074074074 0.7450520833333333 0.11481481481481481 0.7385416666666667 0.12268518518518519 0.7369791666666666 0.13287037037037036 0.74140625 0.14351851851851852 0.746875 0.14305555555555555 0.7520833333333333 0.13657407407407407 0.753125 0.12361111111111112
0 0.6515625 0.8226851851851852 0.6515625 0.8097222222222222 0.6471354166666666 0.8009259259259259 0.63984375 0.799074074074074 0.6354166666666666 0.8060185185185185 0.6348958333333333 0.8180555555555555 0.63828125 0.8277777777777777 0.64375 0.8310185185185185 0.64765625 0.8296296296296296 0.6515625 0.8226851851851852