3 0.19322916666666667 0.7412037037037037 0.18932291666666667 0.7324074074074074 0.18307291666666667 0.7305555555555555 0.175 0.7402777777777778 0.17395833333333333 0.7486111111111111 0.17838541666666666 0.7601851851851852 0.1859375 0.7606481481481482 0.19166666666666668 0.7532407407407408 0.19322916666666667 0.7412037037037037
3 0.18697916666666667 0.8689814814814815 0.1859375 0.8578703703703704 0.18151041666666667 0.8518518518518519 0.17213541666666668 0.8546296296296296 0.16822916666666668 0.8643518518518518 0.16875 0.8763888888888889 0.17213541666666668 0.8824074074074074 0.17708333333333334 0.8837962962962963 0.18255208333333334 0.8805555555555555 0.18697916666666667 0.8689814814814815
3 0.18645833333333334 0.9313203037037037 0.18541666666666667 0.9211351185185185 0.17786458333333333 0.9141906740740741 0.1703125 0.9211351185185185 0.16770833333333332 0.9331721555555555 0.17161458333333332 0.9456721555555555 0.17708333333333334 0.9461351185185185 0.18307291666666667 0.9419684518518519 0.18645833333333334 0.9313203037037037
3 0.512671740625 0.9026201314814815 0.5092863239583333 0.8947497611111112 0.5019946572916667 0.8928979092592593 0.4965259072916667 0.9026201314814815 0.4965259072916667 0.9155830944444444 0.500952990625 0.9243793907407407 0.5074634072916667 0.9248423537037037 0.512671740625 0.9137312425925926 0.512671740625 0.9026201314814815
3 0.7961842536458333 0.750462962962963 0.7901946703125 0.7444444444444445 0.7829030036458333 0.7472222222222222 0.7805592536458333 0.7523148148148148 0.7816009203125 0.7662037037037037 0.7870696703125 0.7731481481481481 0.7930592536458333 0.7726851851851851 0.7977467536458334 0.763425925925926 0.7961842536458333 0.750462962962963
3 0.8171875 0.8127835592592593 0.815625 0.7979687444444444 0.8096354166666667 0.7928761518518519 0.8028645833333333 0.7956539296296297 0.8 0.8025983740740741 0.8015625 0.815561337037037 0.8044270833333333 0.8206539296296296 0.8119791666666667 0.8220428185185185 0.8153645833333333 0.8197280037037037 0.8171875 0.8127835592592593
3 0.5354166666666667 0.6069444444444444 0.5315104166666667 0.5990740740740741 0.5252604166666667 0.5981481481481481 0.5203125 0.6069444444444444 0.5208333333333334 0.6208333333333333 0.5247395833333334 0.6259259259259259 0.5307291666666667 0.625462962962963 0.5348958333333333 0.6180555555555556 0.5354166666666667 0.6069444444444444
3 0.7737989109375001 0.19675925925925927 0.7732780776041667 0.18472222222222223 0.7678093276041668 0.1787037037037037 0.7610384942708334 0.1814814814814815 0.7566114109375001 0.19583333333333333 0.7610384942708334 0.2074074074074074 0.7659864109375001 0.20787037037037037 0.7714551609375 0.2037037037037037 0.7737989109375001 0.19675925925925927
3 0.6925487520833333 0.1412037037037037 0.6915070854166667 0.1310185185185185 0.6876008354166667 0.125 0.6792675020833333 0.1287037037037037 0.6758820854166667 0.13935185185185187 0.67640291875 0.1476851851851852 0.6792675020833333 0.1537037037037037 0.6852570854166667 0.1550925925925926 0.69046541875 0.14953703703703702 0.6925487520833333 0.1412037037037037
3 0.503125 0.1053685925925926 0.5002604166666667 0.09842414814814815 0.4940104166666667 0.0965722962962963 0.4890625 0.10259081481481482 0.48802083333333335 0.1164797037037037 0.49192708333333335 0.125276 0.4984375 0.12666488888888888 0.5026041666666666 0.12110933333333333 0.503125 0.1053685925925926
0 0.20329316458333332 0.07020643703703704 0.19678274791666667 0.060484214814814814 0.19105358125 0.060484214814814814 0.18558483125 0.06928051111111111 0.18610566458333333 0.0831694 0.19053274791666666 0.09196569629629629 0.19808483125 0.09242865925925926 0.20381399791666668 0.08502125185185186 0.20329316458333332 0.07020643703703704
1 0.5221354166666666 0.36666666666666664 0.5283854166666667 0.3648148148148148 0.5333333333333333 0.35694444444444445 0.5380208333333333 0.3375 0.5380208333333333 0.3282407407407407 0.5354166666666667 0.32083333333333336 0.5411458333333333 0.29305555555555557 0.5356770833333333 0.27685185185185185 0.5205729166666667 0.26851851851851855 0.5138020833333333 0.2611111111111111 0.5072916666666667 0.2810185185185185 0.5002604166666667 0.28888888888888886 0.496875 0.2865740740740741 0.4984375 0.2791666666666667 0.4940104166666667 0.2722222222222222 0.4830729166666667 0.2657407407407407 0.47994791666666664 0.2657407407407407 0.47890625 0.2722222222222222 0.4796875 0.25787037037037036 0.4747395833333333 0.24166666666666667 0.46171875 0.22962962962962963 0.45807291666666666 0.22962962962962963 0.4549479166666667 0.2351851851851852 0.44817708333333334 0.22314814814814815 0.44192708333333336 0.21944444444444444 0.43645833333333334 0.20972222222222223 0.4393229166666667 0.19537037037037036 0.4356770833333333 0.1935185185185185 0.4315104166666667 0.20833333333333334 0.42916666666666664 0.19490740740740742 0.4348958333333333 0.18935185185185185 0.41953125 0.17685185185185184 0.4171875 0.17916666666666667 0.41875 0.1884259259259259 0.4158854166666667 0.19907407407407407 0.40859375 0.19166666666666668 0.4044270833333333 0.1962962962962963 0.3966145833333333 0.1935185185185185 0.39296875 0.2 0.3841145833333333 0.1962962962962963 0.38359375 0.18703703703703703 0.39375 0.18194444444444444 0.3888020833333333 0.1787037037037037 0.37786458333333334 0.18703703703703703 0.37265625 0.18703703703703703 0.35703125 0.17314814814814813 0.34791666666666665 0.18194444444444444 0.3453125 0.19305555555555556 0.3453125 0.20416666666666666 0.34739583333333335 0.20972222222222223 0.3765625 0.2375 0.37864583333333335 0.2439814814814815 0.3723958333333333 0.2523148148148148 0.3731770833333333 0.2611111111111111 0.3768229166666667 0.26481481481481484 0.38203125 0.2638888888888889 0.38255208333333335 0.27314814814814814 0.39296875 0.2740740740740741 0.3953125 0.27824074074074073 0.39375 0.2875 0.396875 0.29398148148148145 0.38958333333333334 0.30694444444444446 0.3924479166666667 0.30833333333333335 0.40182291666666664 0.2972222222222222 0.41432291666666665 0.31666666666666665 0.42213541666666665 0.32037037037037036 0.4239583333333333 0.3282407407407407 0.41875 0.3402777777777778 0.41875 0.3476851851851852 0.43046875 0.3648148148148148 0.43828125 0.3685185185185185 0.44296875 0.3638888888888889 0.446875 0.34953703703703703 0.4453125 0.3402777777777778 0.4471354166666667 0.3351851851851852 0.4549479166666667 0.33796296296296297 0.45729166666666665 0.3421296296296296 0.4557291666666667 0.34953703703703703 0.45755208333333336 0.3527777777777778 0.4669270833333333 0.35462962962962963 0.4747395833333333 0.35185185185185186 0.48411458333333335 0.3435185185185185 0.4861979166666667 0.33796296296296297 0.48802083333333335 0.3421296296296296 0.48489583333333336 0.3523148148148148 0.484375 0.36435185185185187 0.4901041666666667 0.37824074074074077 0.4986979166666667 0.3824074074074074 0.51015625 0.3972222222222222 0.515625 0.3976851851851852 0.5177083333333333 0.3763888888888889 0.5221354166666666 0.36666666666666664