0 0.7875 0.7587962962962963 0.7815104166666667 0.75 0.7752604166666667 0.75 0.7708333333333334 0.7587962962962963 0.7713541666666667 0.7689814814814815 0.7763020833333333 0.7777777777777778 0.78125 0.7791666666666667 0.7869791666666667 0.7726851851851851 0.7875 0.7587962962962963
1 0.26145833333333335 0.9069444444444444 0.2609375 0.899537037037037 0.24635416666666668 0.8523148148148149 0.24765625 0.8472222222222222 0.25494791666666666 0.8453703703703703 0.2578125 0.836574074074074 0.2546875 0.8143518518518519 0.24739583333333334 0.8023148148148148 0.25859375 0.7916666666666666 0.2677083333333333 0.7902777777777777 0.2669270833333333 0.7861111111111111 0.25494791666666666 0.7870370370370371 0.24947916666666667 0.7837962962962963 0.246875 0.774537037037037 0.2484375 0.7671296296296296 0.24739583333333334 0.7532407407407408 0.2390625 0.7319444444444444 0.23697916666666666 0.7125 0.23541666666666666 0.711574074074074 0.24088541666666666 0.712037037037037 0.24244791666666668 0.7203703703703703 0.24791666666666667 0.7180555555555556 0.2421875 0.711574074074074 0.24713541666666666 0.7074074074074074 0.2484375 0.7143518518518519 0.2513020833333333 0.7148148148148148 0.25364583333333335 0.7078703703703704 0.2515625 0.6875 0.24661458333333333 0.6759259259259259 0.24296875 0.675 0.23723958333333334 0.6814814814814815 0.23098958333333333 0.6824074074074075 0.22760416666666666 0.6902777777777778 0.22916666666666666 0.6976851851851852 0.22369791666666666 0.7018518518518518 0.21770833333333334 0.6847222222222222 0.21770833333333334 0.6773148148148148 0.22083333333333333 0.6708333333333333 0.21953125 0.6657407407407407 0.20338541666666668 0.6546296296296297 0.19244791666666666 0.6527777777777778 0.18359375 0.6435185185185185 0.17265625 0.6472222222222223 0.16979166666666667 0.6421296296296296 0.17083333333333334 0.638425925925926 0.1859375 0.6152777777777778 0.1859375 0.6060185185185185 0.178125 0.5847222222222223 0.17708333333333334 0.5717592592592593 0.17421875 0.5638888888888889 0.14973958333333334 0.5851851851851851 0.14505208333333333 0.575925925925926 0.14140625 0.575 0.12630208333333334 0.5861111111111111 0.1171875 0.600462962962963 0.1171875 0.6097222222222223 0.10911458333333333 0.6166666666666667 0.1015625 0.6310185185185185 0.1 0.6421296296296296 0.10729166666666666 0.6550925925925926 0.11328125 0.6787037037037037 0.13307291666666668 0.6657407407407407 0.13776041666666666 0.6675925925925926 0.14114583333333333 0.6837962962962963 0.13802083333333334 0.6958333333333333 0.140625 0.7069444444444445 0.14505208333333333 0.7111111111111111 0.15286458333333333 0.7092592592592593 0.15989583333333332 0.725462962962963 0.16510416666666666 0.7754629629629629 0.17135416666666667 0.7939814814814815 0.1703125 0.8023148148148148 0.1609375 0.8162037037037037 0.1625 0.8236111111111111 0.17395833333333333 0.8421296296296297 0.17682291666666666 0.8601851851851852 0.18098958333333334 0.8629629629629629 0.18567708333333333 0.8490740740740741 0.19244791666666666 0.8435185185185186 0.19661458333333334 0.8583333333333333 0.20520833333333333 0.8652777777777778 0.20026041666666666 0.8703703703703703 0.18671875 0.8722222222222222 0.20338541666666668 0.8731481481481481 0.20859375 0.8675925925925926 0.21588541666666666 0.8675925925925926 0.23802083333333332 0.9273148148148148 0.24296875 0.9324074074074075 0.24739583333333334 0.9319444444444445 0.25234375 0.9287037037037037 0.26145833333333335 0.9069444444444444
3 0.6463541666666667 0.10694444444444444 0.64296875 0.09814814814814815 0.6388020833333333 0.0962962962962963 0.6322916666666667 0.10324074074074074 0.6307291666666667 0.1125 0.63515625 0.1259259259259259 0.6401041666666667 0.12638888888888888 0.6458333333333334 0.11898148148148148 0.6463541666666667 0.10694444444444444
3 0.4583333333333333 0.3625 0.4544270833333333 0.3537037037037037 0.44869791666666664 0.35185185185185186 0.4432291666666667 0.3587962962962963 0.4427083333333333 0.36712962962962964 0.4471354166666667 0.37962962962962965 0.45260416666666664 0.3800925925925926 0.4578125 0.3726851851851852 0.4583333333333333 0.3625
3 0.42864583333333334 0.4041666666666667 0.42473958333333334 0.3925925925925926 0.41744791666666664 0.3907407407407407 0.4125 0.3976851851851852 0.4119791666666667 0.40879629629629627 0.4158854166666667 0.4185185185185185 0.4203125 0.4199074074074074 0.4270833333333333 0.41435185185185186 0.42864583333333334 0.4041666666666667
3 0.5135416666666667 0.3597222222222222 0.51015625 0.35 0.5033854166666667 0.34814814814814815 0.4984375 0.3541666666666667 0.4973958333333333 0.3662037037037037 0.50078125 0.375 0.50625 0.3773148148148148 0.5130208333333334 0.3699074074074074 0.5135416666666667 0.3597222222222222
3 0.6369791666666667 0.4125 0.6315104166666666 0.4027777777777778 0.62578125 0.40370370370370373 0.621875 0.41064814814814815 0.621875 0.42268518518518516 0.6252604166666667 0.42962962962962964 0.6317708333333333 0.4300925925925926 0.6359375 0.42453703703703705 0.6369791666666667 0.4125
3 0.6770833333333334 0.4236111111111111 0.6716145833333333 0.41388888888888886 0.6658854166666667 0.4148148148148148 0.6614583333333334 0.42268518518518516 0.6614583333333334 0.4337962962962963 0.66484375 0.44074074074074077 0.671875 0.4412037037037037 0.6770833333333334 0.43287037037037035 0.6770833333333334 0.4236111111111111
3 0.6567708333333333 0.48842592592592593 0.6518229166666667 0.48055555555555557 0.6450520833333333 0.48148148148148145 0.6416666666666667 0.4875 0.6416666666666667 0.5013888888888889 0.64609375 0.5083333333333333 0.6520833333333333 0.5078703703703704 0.6567708333333333 0.500462962962963 0.6567708333333333 0.48842592592592593
3 0.5395833333333333 0.5782407407407407 0.5361979166666667 0.5703703703703704 0.5299479166666666 0.5685185185185185 0.525 0.5745370370370371 0.5239583333333333 0.5875 0.5278645833333333 0.5953703703703703 0.5338541666666666 0.5967592592592592 0.5390625 0.5893518518518519 0.5395833333333333 0.5782407407407407
3 0.6098958333333333 0.5856481481481481 0.6065104166666667 0.5777777777777777 0.6002604166666666 0.575 0.5947916666666667 0.5819444444444445 0.59375 0.5912037037037037 0.5971354166666667 0.6018518518518519 0.6026041666666667 0.6041666666666666 0.6088541666666667 0.5976851851851852 0.6098958333333333 0.5856481481481481
3 0.5984375 0.6208333333333333 0.5940104166666667 0.6129629629629629 0.5877604166666667 0.6129629629629629 0.5833333333333334 0.6217592592592592 0.5838541666666667 0.6337962962962963 0.58828125 0.6407407407407407 0.59375 0.6402777777777777 0.5984375 0.6310185185185185 0.5984375 0.6208333333333333
3 0.7130208333333333 0.8430555555555556 0.7080729166666667 0.8324074074074074 0.7013020833333333 0.8314814814814815 0.6973958333333333 0.8375 0.696875 0.8486111111111111 0.70078125 0.8583333333333333 0.7067708333333333 0.8606481481481482 0.7119791666666667 0.8550925925925926 0.7130208333333333 0.8430555555555556