0 0.8203125 0.14981381481481482 0.8192708333333333 0.13777677777777778 0.8153645833333333 0.13268418518518518 0.80703125 0.13453603703703704 0.803125 0.1451841851851852 0.8041666666666667 0.1562952962962963 0.8080729166666667 0.1613878888888889 0.8125 0.16185085185185186 0.81796875 0.15675825925925926 0.8203125 0.14981381481481482
1 0.7645833333333333 0.3560185185185185 0.7609375 0.3421296296296296 0.7661458333333333 0.32916666666666666 0.7666666666666667 0.3125 0.7841145833333333 0.287962962962963 0.7888020833333333 0.29814814814814816 0.796875 0.2800925925925926 0.8005208333333333 0.2652777777777778 0.7963541666666667 0.26342592592592595 0.7942708333333334 0.2375 0.8020833333333334 0.22361111111111112 0.8005208333333333 0.2023148148148148 0.809375 0.17731481481481481 0.8088541666666667 0.1625 0.80390625 0.1527777777777778 0.79140625 0.15648148148148147 0.7791666666666667 0.18287037037037038 0.7731770833333333 0.18888888888888888 0.7611979166666667 0.1824074074074074 0.75703125 0.19537037037037036 0.75078125 0.19166666666666668 0.74140625 0.17777777777777778 0.7369791666666666 0.18935185185185185 0.7369791666666666 0.19953703703703704 0.740625 0.20787037037037037 0.740625 0.2162037037037037 0.7333333333333333 0.22546296296296298 0.7260416666666667 0.2439814814814815 0.7174479166666666 0.23333333333333334 0.71015625 0.2351851851851852 0.696875 0.2587962962962963 0.6979166666666666 0.26990740740740743 0.7052083333333333 0.2791666666666667 0.7046875 0.29768518518518516 0.6921875 0.32175925925925924 0.6911458333333333 0.3347222222222222 0.7041666666666667 0.3541666666666667 0.7057291666666666 0.36712962962962964 0.71015625 0.37592592592592594 0.7247395833333333 0.3861111111111111 0.7380208333333333 0.4023148148148148 0.7565104166666666 0.37962962962962965 0.7645833333333333 0.3560185185185185
3 0.5183792911458334 0.1087962962962963 0.5139522078125 0.09814814814814815 0.5087438744791667 0.09722222222222222 0.5032751244791667 0.1050925925925926 0.5027542911458334 0.11805555555555555 0.5071813744791667 0.12685185185185185 0.5126501244791667 0.12731481481481483 0.5178584578125 0.11990740740740741 0.5183792911458334 0.1087962962962963
3 0.50625 0.16712962962962963 0.5018229166666667 0.15833333333333333 0.49505208333333334 0.15833333333333333 0.49114583333333334 0.16527777777777777 0.49114583333333334 0.17824074074074073 0.49453125 0.18611111111111112 0.5015625 0.1865740740740741 0.50625 0.17731481481481481 0.50625 0.16712962962962963
3 0.5328125 0.5572282861111111 0.5294270833333333 0.5484319898148148 0.5216145833333333 0.5475060638888889 0.5171875 0.5563023601851852 0.5171875 0.5637097675925926 0.5200520833333333 0.571580137962963 0.5265625 0.5748208787037037 0.5322916666666667 0.5674134712962963 0.5328125 0.5572282861111111
3 0.7932291666666667 0.6504629629629629 0.7888020833333333 0.6425925925925926 0.7809895833333333 0.6425925925925926 0.7770833333333333 0.649537037037037 0.7776041666666667 0.6615740740740741 0.7809895833333333 0.6675925925925926 0.7880208333333333 0.6689814814814815 0.7921875 0.6643518518518519 0.7932291666666667 0.6504629629629629
3 0.19859708125 0.32083333333333336 0.19156583125 0.31203703703703706 0.18427416458333334 0.3138888888888889 0.18088874791666668 0.32083333333333336 0.18193041458333334 0.3347222222222222 0.18635749791666667 0.34074074074074073 0.19286791458333333 0.34120370370370373 0.19807624791666667 0.33564814814814814 0.19859708125 0.32083333333333336
3 0.6083333333333333 0.8924329685185185 0.6044270833333333 0.8827107462962962 0.5966145833333333 0.8817848203703703 0.5921875 0.8905811166666666 0.5921875 0.8998403759259259 0.5966145833333333 0.9095625981481481 0.603125 0.910951487037037 0.6072916666666667 0.9053959314814815 0.6083333333333333 0.8924329685185185
3 0.5666666666666667 0.9125 0.5622395833333333 0.9018518518518519 0.5565104166666667 0.9009259259259259 0.5515625 0.9078703703703703 0.5505208333333333 0.9189814814814815 0.55390625 0.9296296296296296 0.5619791666666667 0.9310185185185185 0.565625 0.9263888888888889 0.5666666666666667 0.9125
3 0.7375 0.8229690268518519 0.7330729166666666 0.8113949527777778 0.72578125 0.809543100925926 0.7208333333333333 0.8164875453703704 0.7208333333333333 0.8294505083333333 0.7247395833333333 0.8373208787037038 0.7307291666666667 0.8387097675925926 0.7359375 0.834080137962963 0.7375 0.8229690268518519
3 0.7171875 0.8578703703703704 0.7127604166666667 0.85 0.70546875 0.8490740740740741 0.7010416666666667 0.8569444444444444 0.7010416666666667 0.8680555555555556 0.7049479166666667 0.8768518518518519 0.7125 0.8782407407407408 0.7171875 0.8717592592592592 0.7171875 0.8578703703703704
3 0.7359375 0.8643518518518518 0.7325520833333333 0.8555555555555555 0.7252604166666666 0.8527777777777777 0.7208333333333333 0.8578703703703704 0.7197916666666667 0.8717592592592592 0.72578125 0.8824074074074074 0.7317708333333334 0.8819444444444444 0.7359375 0.8763888888888889 0.7359375 0.8643518518518518
3 0.7494791666666667 0.8859317074074075 0.7450520833333333 0.878061337037037 0.7393229166666667 0.8771354111111112 0.7348958333333333 0.8822280037037037 0.7338541666666667 0.8933391148148148 0.7393229166666667 0.9049131888888888 0.7458333333333333 0.9053761518518518 0.75 0.8988946703703704 0.7494791666666667 0.8859317074074075