1 0.23151041666666666 0.9601851851851851 0.23723958333333334 0.9546296296296296 0.23958333333333334 0.9495370370370371 0.240625 0.9273148148148148 0.24296875 0.9194444444444444 0.25494791666666666 0.9203703703703704 0.25703125 0.9277777777777778 0.2638020833333333 0.9305555555555556 0.27057291666666666 0.9259259259259259 0.27421875 0.9185185185185185 0.2950520833333333 0.912962962962963 0.30234375 0.9157407407407407 0.30963541666666666 0.9296296296296296 0.3346354166666667 0.9287037037037037 0.3377604166666667 0.9314814814814815 0.34036458333333336 0.9194444444444444 0.35963541666666665 0.9157407407407407 0.36484375 0.9101851851851852 0.37265625 0.9101851851851852 0.3768229166666667 0.9138888888888889 0.38046875 0.9055555555555556 0.38359375 0.9055555555555556 0.3846354166666667 0.9148148148148149 0.3848958333333333 0.9069444444444444 0.3885416666666667 0.9032407407407408 0.3890625 0.8912037037037037 0.39869791666666665 0.8870370370370371 0.40286458333333336 0.8768518518518519 0.43776041666666665 0.8657407407407407 0.4427083333333333 0.8495370370370371 0.44166666666666665 0.8291666666666667 0.4393229166666667 0.8231481481481482 0.4356770833333333 0.8212962962962963 0.40598958333333335 0.825925925925926 0.4041666666666667 0.8236111111111111 0.4046875 0.8097222222222222 0.40182291666666664 0.8009259259259259 0.38828125 0.8027777777777778 0.3846354166666667 0.7972222222222223 0.38046875 0.8 0.3768229166666667 0.7898148148148149 0.37265625 0.7953703703703704 0.36484375 0.7962962962962963 0.3611979166666667 0.7888888888888889 0.3575520833333333 0.7953703703703704 0.34869791666666666 0.7935185185185185 0.33932291666666664 0.7981481481481482 0.334375 0.7949074074074074 0.3380208333333333 0.7736111111111111 0.33307291666666666 0.7657407407407407 0.3138020833333333 0.7666666666666667 0.30885416666666665 0.7736111111111111 0.30833333333333335 0.7875 0.31302083333333336 0.7976851851851852 0.31328125 0.8111111111111111 0.3059895833333333 0.8138888888888889 0.29401041666666666 0.8037037037037037 0.26953125 0.8222222222222222 0.25625 0.8430555555555556 0.25442708333333336 0.8611111111111112 0.2421875 0.8625 0.240625 0.8300925925925926 0.23723958333333334 0.8222222222222222 0.21223958333333334 0.8287037037037037 0.20807291666666666 0.8268518518518518 0.20572916666666666 0.8328703703703704 0.20625 0.8680555555555556 0.20390625 0.8740740740740741 0.19973958333333333 0.8740740740740741 0.19739583333333333 0.8791666666666667 0.19739583333333333 0.9004629629629629 0.19895833333333332 0.9217592592592593 0.20677083333333332 0.9291666666666667 0.209375 0.9550925925925926 0.2125 0.9662037037037037 0.22213541666666667 0.9601851851851851 0.23151041666666666 0.9601851851851851
0 0.7880208333333333 0.7615740740740741 0.78359375 0.7518518518518519 0.7768229166666667 0.7490740740740741 0.7713541666666667 0.7560185185185185 0.7708333333333334 0.7671296296296296 0.7763020833333333 0.7777777777777778 0.78125 0.7791666666666667 0.7864583333333334 0.774537037037037 0.7880208333333333 0.7615740740740741
3 0.7130208333333333 0.8430555555555556 0.7080729166666667 0.8324074074074074 0.70234375 0.8305555555555556 0.6979166666666666 0.8356481481481481 0.6963541666666667 0.8449074074074074 0.70078125 0.8583333333333333 0.70625 0.8606481481481482 0.7119791666666667 0.8550925925925926 0.7130208333333333 0.8430555555555556
3 0.6463541666666667 0.10694444444444444 0.64296875 0.09814814814814815 0.6393229166666666 0.0962962962962963 0.6322916666666667 0.10324074074074074 0.6307291666666667 0.1125 0.63515625 0.1259259259259259 0.6401041666666667 0.12638888888888888 0.6458333333333334 0.11898148148148148 0.6463541666666667 0.10694444444444444
3 0.6375 0.41064814814814815 0.6330729166666667 0.40185185185185185 0.62734375 0.40185185185185185 0.6229166666666667 0.4078703703703704 0.621875 0.41898148148148145 0.6247395833333333 0.42685185185185187 0.6322916666666667 0.42824074074074076 0.6364583333333333 0.42268518518518516 0.6375 0.41064814814814815
3 0.6770833333333334 0.4236111111111111 0.6716145833333333 0.41388888888888886 0.66640625 0.4148148148148148 0.6609375 0.425462962962963 0.6614583333333334 0.43287037037037035 0.66640625 0.44166666666666665 0.6723958333333333 0.4412037037037037 0.6770833333333334 0.43287037037037035 0.6770833333333334 0.4236111111111111
3 0.65625 0.48657407407407405 0.65234375 0.48055555555555557 0.6450520833333333 0.48148148148148145 0.6411458333333333 0.4912037037037037 0.6427083333333333 0.5041666666666667 0.64609375 0.5083333333333333 0.6526041666666667 0.5078703703703704 0.6572916666666667 0.4976851851851852 0.65625 0.48657407407407405
3 0.6098958333333333 0.586574074074074 0.60703125 0.5787037037037037 0.6002604166666666 0.575 0.5947916666666667 0.5819444444444445 0.59375 0.5930555555555556 0.5966145833333333 0.600925925925926 0.6020833333333333 0.6041666666666666 0.6088541666666667 0.5976851851851852 0.6098958333333333 0.586574074074074
3 0.5984375 0.6208333333333333 0.5940104166666667 0.6129629629629629 0.5877604166666667 0.6129629629629629 0.5833333333333334 0.6217592592592592 0.5838541666666667 0.6337962962962963 0.58828125 0.6407407407407407 0.59375 0.6402777777777777 0.5984375 0.6310185185185185 0.5984375 0.6208333333333333
3 0.5395833333333333 0.5782407407407407 0.5361979166666667 0.5703703703703704 0.5299479166666666 0.5685185185185185 0.525 0.5745370370370371 0.5239583333333333 0.586574074074074 0.5278645833333333 0.5953703703703703 0.5338541666666666 0.5967592592592592 0.5390625 0.5893518518518519 0.5395833333333333 0.5782407407407407
3 0.5135416666666667 0.3597222222222222 0.51015625 0.35 0.5033854166666667 0.34814814814814815 0.4979166666666667 0.3560185185185185 0.4973958333333333 0.3662037037037037 0.50078125 0.375 0.50625 0.3773148148148148 0.5130208333333334 0.3699074074074074 0.5135416666666667 0.3597222222222222
3 0.4583333333333333 0.36157407407407405 0.45234375 0.35185185185185186 0.4471354166666667 0.3527777777777778 0.4432291666666667 0.3587962962962963 0.4432291666666667 0.37083333333333335 0.4466145833333333 0.3787037037037037 0.45260416666666664 0.3800925925925926 0.4578125 0.3726851851851852 0.4583333333333333 0.36157407407407405
3 0.4276041666666667 0.3976851851851852 0.42421875 0.39166666666666666 0.41692708333333334 0.3907407407407407 0.4125 0.3976851851851852 0.4125 0.4115740740740741 0.4158854166666667 0.4185185185185185 0.4234375 0.41898148148148145 0.428125 0.4115740740740741 0.4276041666666667 0.3976851851851852