3 0.1796875 0.0587962962962963 0.17473958333333334 0.049074074074074076 0.16692708333333334 0.04814814814814815 0.16197916666666667 0.056018518518518516 0.1625 0.06898148148148148 0.16588541666666667 0.07592592592592592 0.17291666666666666 0.07916666666666666 0.1796875 0.07175925925925926 0.1796875 0.0587962962962963
3 0.459375 0.07361111111111111 0.4549479166666667 0.06388888888888888 0.44765625 0.06388888888888888 0.44427083333333334 0.0699074074074074 0.44375 0.08194444444444444 0.4471354166666667 0.09166666666666666 0.453125 0.09398148148148149 0.4583333333333333 0.08842592592592592 0.459375 0.07361111111111111
3 0.5723958333333333 0.09490740740740741 0.5690104166666666 0.08518518518518518 0.5638020833333334 0.08333333333333333 0.5578125 0.0912037037037037 0.5567708333333333 0.1050925925925926 0.56015625 0.11296296296296296 0.5661458333333333 0.11435185185185186 0.571875 0.10694444444444444 0.5723958333333333 0.09490740740740741
3 0.5526041666666667 0.33287037037037037 0.54921875 0.325 0.54296875 0.32314814814814813 0.5380208333333333 0.3282407407407407 0.5369791666666667 0.3421296296296296 0.54140625 0.3509259259259259 0.546875 0.35138888888888886 0.5515625 0.3458333333333333 0.5526041666666667 0.33287037037037037
3 0.6 0.4949074074074074 0.5950520833333334 0.4861111111111111 0.5888020833333333 0.4861111111111111 0.5848958333333333 0.4949074074074074 0.5848958333333333 0.5041666666666667 0.5893229166666667 0.5120370370370371 0.5947916666666667 0.5125 0.5994791666666667 0.5060185185185185 0.6 0.4949074074074074
3 0.6057291666666667 0.5652777777777778 0.6028645833333334 0.5546296296296296 0.5955729166666667 0.5509259259259259 0.5901041666666667 0.5587962962962963 0.5895833333333333 0.5671296296296297 0.5924479166666666 0.5768518518518518 0.5984375 0.5791666666666667 0.6041666666666666 0.5736111111111111 0.6057291666666667 0.5652777777777778
3 0.6734375 0.6180555555555556 0.67109375 0.612037037037037 0.6627604166666666 0.6083333333333333 0.6578125 0.6152777777777778 0.6572916666666667 0.6273148148148148 0.6611979166666667 0.6361111111111111 0.6682291666666667 0.6365740740740741 0.6729166666666667 0.6310185185185185 0.6734375 0.6180555555555556
3 0.6036458333333333 0.6606481481481481 0.6002604166666666 0.65 0.59296875 0.6481481481481481 0.5885416666666666 0.6541666666666667 0.5875 0.663425925925926 0.59140625 0.674074074074074 0.596875 0.6763888888888889 0.603125 0.6689814814814815 0.6036458333333333 0.6606481481481481
3 0.16927083333333334 0.9115740740740741 0.16484375 0.9018518518518519 0.15598958333333332 0.9018518518518519 0.1515625 0.9087962962962963 0.15 0.9217592592592593 0.15286458333333333 0.9305555555555556 0.16145833333333334 0.9319444444444445 0.16770833333333332 0.9254629629629629 0.16927083333333334 0.9115740740740741
3 0.4869791666666667 0.4828703703703704 0.4830729166666667 0.4777777777777778 0.47421875 0.48055555555555557 0.47239583333333335 0.48657407407407405 0.4734375 0.500462962962963 0.4783854166666667 0.5055555555555555 0.4828125 0.5050925925925925 0.48802083333333335 0.4949074074074074 0.4869791666666667 0.4828703703703704
3 0.4510416666666667 0.48564814814814816 0.4466145833333333 0.4787037037037037 0.43984375 0.47962962962962963 0.4359375 0.48842592592592593 0.4359375 0.49675925925925923 0.4388020833333333 0.5037037037037037 0.44583333333333336 0.5060185185185185 0.4515625 0.49675925925925923 0.4510416666666667 0.48564814814814816
0 0.4890625 0.4337962962962963 0.4861979166666667 0.42777777777777776 0.47890625 0.42592592592592593 0.4734375 0.4337962962962963 0.4734375 0.44583333333333336 0.47890625 0.4546296296296296 0.48385416666666664 0.45416666666666666 0.4890625 0.44583333333333336 0.4890625 0.4337962962962963