3 0.315625 0.12638888888888888 0.3106770833333333 0.11574074074074074 0.3028645833333333 0.11481481481481481 0.2989583333333333 0.12083333333333333 0.2984375 0.13287037037037036 0.3028645833333333 0.1425925925925926 0.3104166666666667 0.1449074074074074 0.3140625 0.1412037037037037 0.315625 0.12638888888888888
3 0.28937360885416663 0.10918592962962963 0.28166411875 0.11749091944444444 0.28114328541666667 0.12582425277777778 0.28322661875 0.1332316601851852 0.28692024947916667 0.14418321296296296 0.29399675572916667 0.1438713185185185 0.2982010125 0.13806242222222223 0.2982458661458333 0.1370902851851852 0.29846543177083334 0.13696004444444443 0.29893780468750003 0.13237141851851852 0.3004124947916667 0.12733815925925926 0.29907272864583334 0.12335447592592594 0.2982464411458333 0.11878690462962964 0.299301646875 0.11894456018518519 0.29807036875000004 0.11795388240740741 0.28937360885416663 0.10918592962962963
3 0.49895833333333334 0.2273148148148148 0.49505208333333334 0.21851851851851853 0.48984375 0.2175925925925926 0.48489583333333336 0.22361111111111112 0.48385416666666664 0.23564814814814813 0.48723958333333334 0.24444444444444444 0.4942708333333333 0.24583333333333332 0.49895833333333334 0.23842592592592593 0.49895833333333334 0.2273148148148148
3 0.175 0.9143518518518519 0.17447916666666666 0.9041666666666667 0.16901041666666666 0.8953703703703704 0.16015625 0.899074074074074 0.15572916666666667 0.9106481481481481 0.15625 0.9208333333333333 0.16067708333333333 0.9277777777777778 0.165625 0.9282407407407407 0.17213541666666668 0.9231481481481482 0.175 0.9143518518518519
3 0.17135416666666667 0.8856481481481482 0.16979166666666667 0.8717592592592592 0.16588541666666667 0.8675925925925926 0.15651041666666668 0.8703703703703703 0.15260416666666668 0.8800925925925925 0.15364583333333334 0.8939814814814815 0.15703125 0.899074074074074 0.16145833333333334 0.899537037037037 0.16848958333333333 0.8953703703703704 0.17135416666666667 0.8856481481481482
3 0.18958333333333333 0.8634259259259259 0.18619791666666666 0.8546296296296296 0.18046875 0.8518518518518519 0.171875 0.8606481481481482 0.16979166666666667 0.8726851851851852 0.17369791666666667 0.8824074074074074 0.18125 0.8837962962962963 0.18854166666666666 0.874537037037037 0.18958333333333333 0.8634259259259259
3 0.2203125 0.7671296296296296 0.21484375 0.7564814814814815 0.20807291666666666 0.7564814814814815 0.2015625 0.7662037037037037 0.20104166666666667 0.7773148148148148 0.20546875 0.7861111111111111 0.21302083333333333 0.7865740740740741 0.21822916666666667 0.7810185185185186 0.2203125 0.7671296296296296
3 0.246875 0.7893525287037036 0.24348958333333334 0.7824080842592592 0.23515625 0.7824080842592592 0.22916666666666666 0.7921303064814814 0.22916666666666666 0.8050932694444444 0.23463541666666668 0.8129636398148148 0.240625 0.8125006768518518 0.24635416666666668 0.8050932694444444 0.246875 0.7893525287037036
3 0.4510416666666667 0.48657407407407405 0.4471354166666667 0.4777777777777778 0.44088541666666664 0.4777777777777778 0.43645833333333334 0.4847222222222222 0.4354166666666667 0.4949074074074074 0.4388020833333333 0.5027777777777778 0.44427083333333334 0.5050925925925925 0.4505208333333333 0.4986111111111111 0.4510416666666667 0.48657407407407405
3 0.39010416666666664 0.8976851851851851 0.38671875 0.8851851851851852 0.37994791666666666 0.8824074074074074 0.37395833333333334 0.8893518518518518 0.371875 0.9013888888888889 0.37526041666666665 0.9138888888888889 0.38177083333333334 0.9152777777777777 0.3890625 0.9078703703703703 0.39010416666666664 0.8976851851851851
1 0.80625 0.8541666666666666 0.8072916666666666 0.8449074074074074 0.8057291666666667 0.8356481481481481 0.7947916666666667 0.8078703703703703 0.7947916666666667 0.7893518518518519 0.7921875 0.7819444444444444 0.790625 0.7532407407407408 0.7947916666666667 0.7412037037037037 0.7963541666666667 0.7217592592592592 0.7919270833333333 0.7166666666666667 0.7888020833333333 0.7203703703703703 0.7763020833333333 0.7222222222222222 0.76015625 0.7027777777777777 0.75625 0.6921296296296297 0.7583333333333333 0.6837962962962963 0.75625 0.674537037037037 0.7447916666666666 0.6560185185185186 0.75 0.6421296296296296 0.7505208333333333 0.6328703703703704 0.7401041666666667 0.6162037037037037 0.7377604166666667 0.6064814814814815 0.73359375 0.6064814814814815 0.7221354166666667 0.5925925925925926 0.7143229166666667 0.5953703703703703 0.7080729166666667 0.6129629629629629 0.6997395833333333 0.6175925925925926 0.6942708333333333 0.625462962962963 0.6895833333333333 0.6476851851851851 0.6776041666666667 0.6763888888888889 0.68125 0.6986111111111111 0.6825520833333333 0.700925925925926 0.68671875 0.6953703703703704 0.6953125 0.711574074074074 0.6953125 0.7226851851851852 0.6981770833333333 0.7268518518518519 0.7020833333333333 0.725462962962963 0.70078125 0.7333333333333333 0.6940104166666666 0.7361111111111112 0.6901041666666666 0.7430555555555556 0.6885416666666667 0.7486111111111111 0.6901041666666666 0.7606481481481482 0.7041666666666667 0.7819444444444444 0.7080729166666667 0.7962962962962963 0.7158854166666667 0.799074074074074 0.7221354166666667 0.7907407407407407 0.73359375 0.8018518518518518 0.7354166666666667 0.8097222222222222 0.7286458333333333 0.8236111111111111 0.74140625 0.8435185185185186 0.74765625 0.8435185185185186 0.7489583333333333 0.8347222222222223 0.7533854166666667 0.8324074074074074 0.76328125 0.8361111111111111 0.76328125 0.8453703703703703 0.7768229166666667 0.8444444444444444 0.7817708333333333 0.8495370370370371 0.78359375 0.8574074074074074 0.7947916666666667 0.8625 0.80234375 0.8601851851851852 0.80625 0.8541666666666666