3 0.18802083333333333 0.05416666666666667 0.18255208333333334 0.04722222222222222 0.17526041666666667 0.04814814814814815 0.171875 0.055092592592592596 0.1734375 0.07083333333333333 0.17942708333333332 0.07777777777777778 0.18541666666666667 0.07731481481481481 0.18854166666666666 0.07268518518518519 0.18802083333333333 0.05416666666666667
3 0.20416666666666666 0.059722222222222225 0.19765625 0.05277777777777778 0.19036458333333334 0.05462962962962963 0.18802083333333333 0.0625 0.18854166666666666 0.0763888888888889 0.19348958333333333 0.08425925925925926 0.20052083333333334 0.08472222222222223 0.20572916666666666 0.07546296296296297 0.20416666666666666 0.059722222222222225
3 0.19635416666666666 0.13287037037037036 0.18984375 0.1259259259259259 0.18307291666666667 0.12777777777777777 0.17916666666666667 0.13935185185185187 0.18072916666666666 0.1486111111111111 0.18723958333333332 0.1574074074074074 0.19322916666666667 0.15694444444444444 0.19791666666666666 0.1486111111111111 0.19635416666666666 0.13287037037037036
3 0.4703125 0.11157407407407408 0.46588541666666666 0.09907407407407408 0.4596354166666667 0.09722222222222222 0.4546875 0.10416666666666667 0.45364583333333336 0.11342592592592593 0.45755208333333336 0.1259259259259259 0.4630208333333333 0.12824074074074074 0.46822916666666664 0.12361111111111112 0.4703125 0.11157407407407408
3 0.24947916666666667 0.2791666666666667 0.24401041666666667 0.26944444444444443 0.23567708333333334 0.26944444444444443 0.23125 0.27824074074074073 0.23177083333333334 0.2884259259259259 0.23776041666666667 0.29814814814814816 0.24375 0.2986111111111111 0.24947916666666667 0.2902777777777778 0.24947916666666667 0.2791666666666667
3 0.17552083333333332 0.5087962962962963 0.17005208333333333 0.5018518518518519 0.16067708333333333 0.5037037037037037 0.15677083333333333 0.513425925925926 0.1578125 0.5236111111111111 0.16223958333333333 0.5305555555555556 0.1703125 0.5310185185185186 0.17604166666666668 0.5217592592592593 0.17552083333333332 0.5087962962962963
3 0.29739583333333336 0.5115740740740741 0.29192708333333334 0.5018518518518519 0.28463541666666664 0.5027777777777778 0.28020833333333334 0.5106481481481482 0.28020833333333334 0.5217592592592593 0.28515625 0.5305555555555556 0.2911458333333333 0.5310185185185186 0.296875 0.5236111111111111 0.29739583333333336 0.5115740740740741
3 0.371875 0.4671296296296296 0.3684895833333333 0.45740740740740743 0.3606770833333333 0.45555555555555555 0.35572916666666665 0.4634259259259259 0.35520833333333335 0.4736111111111111 0.35859375 0.48148148148148145 0.365625 0.4837962962962963 0.37135416666666665 0.475462962962963 0.371875 0.4671296296296296
3 0.38125 0.6060185185185185 0.37890625 0.5990740740740741 0.37265625 0.5944444444444444 0.365625 0.6023148148148149 0.3645833333333333 0.6143518518518518 0.36744791666666665 0.6212962962962963 0.3729166666666667 0.624537037037037 0.37916666666666665 0.6199074074074075 0.38125 0.6060185185185185
3 0.3572916666666667 0.7032407407407407 0.3528645833333333 0.6935185185185185 0.34765625 0.6925925925925925 0.340625 0.700462962962963 0.33958333333333335 0.711574074074074 0.3424479166666667 0.7203703703703703 0.3494791666666667 0.7236111111111111 0.35572916666666665 0.7171296296296297 0.3572916666666667 0.7032407407407407
3 0.2203125 0.6856481481481481 0.21588541666666666 0.6777777777777778 0.20807291666666666 0.6777777777777778 0.203125 0.6837962962962963 0.20208333333333334 0.6986111111111111 0.20755208333333333 0.7074074074074074 0.21354166666666666 0.7069444444444445 0.21979166666666666 0.6986111111111111 0.2203125 0.6856481481481481
0 0.25364583333333335 0.5625 0.24973958333333332 0.5518518518518518 0.24348958333333334 0.549074074074074 0.2359375 0.5569444444444445 0.23489583333333333 0.5680555555555555 0.23932291666666666 0.5787037037037037 0.24479166666666666 0.5800925925925926 0.2515625 0.5745370370370371 0.25364583333333335 0.5625