3 0.1796875 0.0587962962962963 0.17473958333333334 0.04814814814814815 0.16588541666666667 0.04814814814814815 0.16197916666666667 0.056018518518518516 0.1625 0.06805555555555555 0.16536458333333334 0.075 0.17395833333333333 0.07824074074074074 0.17916666666666667 0.07268518518518519 0.1796875 0.0587962962962963
3 0.24947916666666667 0.05787037037037037 0.24348958333333334 0.04814814814814815 0.23776041666666667 0.04814814814814815 0.2328125 0.056018518518518516 0.23333333333333334 0.0699074074074074 0.23880208333333333 0.0787037037037037 0.24479166666666666 0.07916666666666666 0.25 0.07083333333333333 0.24947916666666667 0.05787037037037037
3 0.3229166666666667 0.06435185185185185 0.3184895833333333 0.05555555555555555 0.3111979166666667 0.05462962962962963 0.30625 0.06342592592592593 0.3067708333333333 0.07546296296296297 0.3111979166666667 0.08425925925925926 0.3182291666666667 0.08564814814814815 0.3234375 0.0763888888888889 0.3229166666666667 0.06435185185185185
3 0.2765625 0.11898148148148148 0.27005208333333336 0.1111111111111111 0.26276041666666666 0.11296296296296296 0.2598958333333333 0.12175925925925926 0.2609375 0.13287037037037036 0.2669270833333333 0.14166666666666666 0.27291666666666664 0.1412037037037037 0.27760416666666665 0.13287037037037036 0.2765625 0.11898148148148148
3 0.49270833333333336 0.4041666666666667 0.48932291666666666 0.3962962962962963 0.48359375 0.39444444444444443 0.4786458333333333 0.399537037037037 0.47708333333333336 0.4125 0.48098958333333336 0.4212962962962963 0.4869791666666667 0.42268518518518516 0.4921875 0.4162037037037037 0.49270833333333336 0.4041666666666667
3 0.4583333333333333 0.3625 0.45546875 0.35648148148148145 0.44869791666666664 0.3537037037037037 0.4432291666666667 0.36157407407407405 0.4432291666666667 0.37175925925925923 0.44765625 0.3814814814814815 0.45260416666666664 0.3819444444444444 0.4578125 0.37546296296296294 0.4583333333333333 0.3625
3 0.6020833333333333 0.45416666666666666 0.6020833333333333 0.4449074074074074 0.5971354166666667 0.4361111111111111 0.58984375 0.43796296296296294 0.5864583333333333 0.44583333333333336 0.5880208333333333 0.45787037037037037 0.59375 0.4634259259259259 0.59921875 0.46111111111111114 0.6020833333333333 0.45416666666666666
3 0.5651041666666666 0.5347222222222222 0.5606770833333333 0.5259259259259259 0.55703125 0.524074074074074 0.55 0.5328703703703703 0.5494791666666666 0.5449074074074074 0.55234375 0.5518518518518518 0.5583333333333333 0.5541666666666667 0.5645833333333333 0.5467592592592593 0.5651041666666666 0.5347222222222222
3 0.22708333333333333 0.7754629629629629 0.2265625 0.763425925925926 0.22213541666666667 0.7564814814814815 0.21536458333333333 0.7564814814814815 0.20885416666666667 0.7671296296296296 0.209375 0.7810185185185186 0.2171875 0.7875 0.22317708333333333 0.7842592592592592 0.22708333333333333 0.7754629629629629
3 0.18333333333333332 0.8523148148148149 0.18177083333333333 0.8421296296296297 0.17630208333333333 0.8361111111111111 0.16848958333333333 0.8388888888888889 0.16354166666666667 0.8513888888888889 0.16588541666666667 0.8657407407407407 0.17395833333333333 0.8689814814814815 0.17890625 0.8657407407407407 0.18333333333333332 0.8523148148148149
3 0.17135416666666667 0.9152777777777777 0.1703125 0.9013888888888889 0.16536458333333334 0.8953703703703704 0.15703125 0.8981481481481481 0.15260416666666668 0.9097222222222222 0.15364583333333334 0.9226851851851852 0.15703125 0.9277777777777778 0.1625 0.9282407407407407 0.16796875 0.924074074074074 0.17135416666666667 0.9152777777777777
0 0.8036458333333333 0.7865740740740741 0.7986979166666667 0.7759259259259259 0.79140625 0.774074074074074 0.7869791666666667 0.7800925925925926 0.7859375 0.7893518518518519 0.7893229166666667 0.8 0.796875 0.8041666666666667 0.8026041666666667 0.7986111111111112 0.8036458333333333 0.7865740740740741