3 0.1796875 0.0587962962962963 0.17473958333333334 0.049074074074074076 0.16692708333333334 0.04814814814814815 0.16197916666666667 0.056018518518518516 0.16197916666666667 0.06620370370370371 0.16744791666666667 0.07777777777777778 0.1734375 0.07916666666666666 0.1796875 0.07175925925925926 0.1796875 0.0587962962962963
3 0.16927083333333334 0.9125 0.16588541666666667 0.9027777777777778 0.15755208333333334 0.9009259259259259 0.15208333333333332 0.9069444444444444 0.15 0.9217592592592593 0.15286458333333333 0.9305555555555556 0.16145833333333334 0.9319444444444445 0.1671875 0.9263888888888889 0.16927083333333334 0.9125
3 0.4609375 0.14583333333333334 0.45651041666666664 0.13703703703703704 0.45078125 0.1361111111111111 0.446875 0.1412037037037037 0.4453125 0.15324074074074073 0.45078125 0.16574074074074074 0.45625 0.16527777777777777 0.4609375 0.15694444444444444 0.4609375 0.14583333333333334
3 0.48489583333333336 0.38564814814814813 0.4825520833333333 0.3787037037037037 0.47421875 0.37592592592592594 0.46927083333333336 0.38472222222222224 0.46979166666666666 0.3958333333333333 0.47421875 0.40370370370370373 0.48020833333333335 0.40324074074074073 0.484375 0.3976851851851852 0.48489583333333336 0.38564814814814813
3 0.4583333333333333 0.4356481481481482 0.45598958333333334 0.42777777777777776 0.44765625 0.425 0.4432291666666667 0.43194444444444446 0.4427083333333333 0.44212962962962965 0.44609375 0.45092592592592595 0.4515625 0.4532407407407407 0.4578125 0.44675925925925924 0.4583333333333333 0.4356481481481482
3 0.4510416666666667 0.48564814814814816 0.4466145833333333 0.4787037037037037 0.43984375 0.47962962962962963 0.43645833333333334 0.48657407407407405 0.4359375 0.49675925925925923 0.4388020833333333 0.5037037037037037 0.44583333333333336 0.5060185185185185 0.4515625 0.49675925925925923 0.4510416666666667 0.48564814814814816
3 0.4875 0.48564814814814816 0.4830729166666667 0.4777777777777778 0.47578125 0.4787037037037037 0.47239583333333335 0.48564814814814816 0.47239583333333335 0.4976851851851852 0.47682291666666665 0.5046296296296297 0.4828125 0.5050925925925925 0.4875 0.49675925925925923 0.4875 0.48564814814814816
3 0.6927083333333334 0.300462962962963 0.6877604166666667 0.29259259259259257 0.68203125 0.29259259259259257 0.6770833333333334 0.300462962962963 0.6765625 0.31157407407407406 0.6809895833333334 0.32037037037037036 0.6869791666666667 0.32083333333333336 0.6916666666666667 0.3143518518518518 0.6927083333333334 0.300462962962963
3 0.7890625 0.14212962962962963 0.7880208333333333 0.1337962962962963 0.78359375 0.1287037037037037 0.77578125 0.13240740740740742 0.7723958333333333 0.1449074074074074 0.77578125 0.15555555555555556 0.78125 0.15694444444444444 0.7875 0.15046296296296297 0.7890625 0.14212962962962963
3 0.6072916666666667 0.6773148148148148 0.6044270833333333 0.6694444444444444 0.5971354166666667 0.6666666666666666 0.5921875 0.6736111111111112 0.5916666666666667 0.6847222222222222 0.5955729166666667 0.6935185185185185 0.6015625 0.6949074074074074 0.6057291666666667 0.6902777777777778 0.6072916666666667 0.6773148148148148
3 0.8041666666666667 0.8587962962962963 0.80078125 0.8537037037037037 0.7924479166666667 0.8546296296296296 0.7890625 0.861574074074074 0.7901041666666667 0.874537037037037 0.7955729166666666 0.8814814814814815 0.8015625 0.8810185185185185 0.8057291666666667 0.8736111111111111 0.8041666666666667 0.8587962962962963
0 0.7307291666666667 0.6199074074074075 0.7268229166666667 0.612037037037037 0.7205729166666667 0.6092592592592593 0.7145833333333333 0.6162037037037037 0.7140625 0.6273148148148148 0.71640625 0.6342592592592593 0.7229166666666667 0.638425925925926 0.7296875 0.6328703703703704 0.7307291666666667 0.6199074074074075