1 0.17682291666666666 0 0.17005208333333333 0.009259259259259259 0.16067708333333333 0.003703703703703704 0.153125 0.015277777777777777 0.14635416666666667 0.03194444444444444 0.14895833333333333 0.056018518518518516 0.13958333333333334 0.07731481481481481 0.14114583333333333 0.0875 0.15338541666666666 0.09722222222222222 0.1609375 0.11157407407407408 0.1609375 0.11898148148148148 0.16380208333333332 0.12037037037037036 0.16484375 0.1259259259259259 0.16510416666666666 0.11990740740740741 0.16796875 0.11851851851851852 0.17369791666666667 0.10555555555555556 0.18098958333333334 0.09722222222222222 0.18619791666666666 0.09814814814814815 0.18854166666666666 0.12824074074074074 0.19270833333333334 0.1476851851851852 0.21901041666666668 0.18981481481481483 0.23151041666666666 0.1962962962962963 0.24010416666666667 0.21712962962962962 0.23567708333333334 0.21944444444444444 0.23151041666666666 0.21203703703703702 0.22447916666666667 0.22453703703703703 0.22369791666666666 0.23148148148148148 0.23984375 0.2574074074074074 0.24270833333333333 0.2550925925925926 0.24322916666666666 0.23842592592592593 0.24765625 0.24074074074074073 0.25052083333333336 0.2449074074074074 0.2484375 0.2513888888888889 0.2513020833333333 0.25277777777777777 0.25807291666666665 0.26666666666666666 0.2669270833333333 0.27037037037037037 0.2747395833333333 0.2824074074074074 0.27890625 0.2824074074074074 0.28203125 0.27314814814814814 0.28619791666666666 0.27314814814814814 0.28984375 0.28703703703703703 0.29453125 0.2851851851851852 0.30052083333333335 0.29305555555555557 0.3028645833333333 0.30925925925925923 0.3059895833333333 0.3111111111111111 0.31276041666666665 0.3037037037037037 0.31744791666666666 0.30462962962962964 0.3372395833333333 0.337037037037037 0.34322916666666664 0.3384259259259259 0.3515625 0.32731481481481484 0.35520833333333335 0.31712962962962965 0.35520833333333335 0.3106481481481482 0.3333333333333333 0.27175925925925926 0.3338541666666667 0.2523148148148148 0.3299479166666667 0.2537037037037037 0.31614583333333335 0.2412037037037037 0.31354166666666666 0.22175925925925927 0.3190104166666667 0.22407407407407406 0.32395833333333335 0.2162037037037037 0.32109375 0.21388888888888888 0.31744791666666666 0.21666666666666667 0.315625 0.21342592592592594 0.30364583333333334 0.18287037037037038 0.296875 0.1726851851851852 0.29583333333333334 0.16805555555555557 0.29791666666666666 0.16064814814814815 0.2903645833333333 0.14444444444444443 0.27890625 0.12777777777777777 0.2747395833333333 0.12777777777777777 0.2669270833333333 0.14074074074074075 0.26276041666666666 0.14074074074074075 0.25833333333333336 0.12731481481481483 0.23046875 0.07685185185185185 0.20442708333333334 0.06481481481481481 0.20104166666666667 0.056018518518518516 0.20104166666666667 0.04953703703703704 0.20625 0.03564814814814815 0.20572916666666666 0.020833333333333332 0.19244791666666666 0 0.17682291666666666 0
3 0.484375 0.09861111111111111 0.48541666666666666 0.0912037037037037 0.4828125 0.08101851851851852 0.47942708333333334 0.07685185185185185 0.4747395833333333 0.07592592592592592 0.46875 0.08564814814814815 0.46875 0.09768518518518518 0.475 0.10787037037037037 0.48151041666666666 0.10555555555555556 0.484375 0.09861111111111111
3 0.4979166666666667 0.0763888888888889 0.49453125 0.06574074074074074 0.48828125 0.06388888888888888 0.48333333333333334 0.0699074074074074 0.4822916666666667 0.07824074074074074 0.484375 0.09027777777777778 0.49114583333333334 0.09490740740740741 0.49635416666666665 0.08935185185185185 0.4979166666666667 0.0763888888888889
3 0.5515625 0.300462962962963 0.5471354166666667 0.2916666666666667 0.5408854166666667 0.2916666666666667 0.5364583333333334 0.300462962962963 0.5369791666666667 0.31342592592592594 0.5408854166666667 0.3194444444444444 0.546875 0.3189814814814815 0.5510416666666667 0.31157407407407406 0.5515625 0.300462962962963
3 0.6614583333333334 0.14953703703703702 0.6575520833333334 0.14166666666666666 0.65078125 0.14166666666666666 0.6458333333333334 0.15138888888888888 0.6458333333333334 0.16157407407407406 0.6497395833333334 0.16944444444444445 0.6557291666666667 0.1699074074074074 0.6614583333333334 0.16064814814814815 0.6614583333333334 0.14953703703703702
3 0.7385416666666667 0.2412037037037037 0.73515625 0.23148148148148148 0.7294270833333333 0.22962962962962963 0.7229166666666667 0.2375 0.721875 0.24861111111111112 0.72578125 0.25833333333333336 0.7307291666666667 0.2587962962962963 0.7375 0.2513888888888889 0.7385416666666667 0.2412037037037037
3 0.7786458333333334 0.2439814814814815 0.7776041666666667 0.2310185185185185 0.7731770833333333 0.22592592592592592 0.7684895833333333 0.22592592592592592 0.7619791666666667 0.23564814814814813 0.7625 0.24861111111111112 0.7692708333333333 0.2550925925925926 0.77578125 0.2518518518518518 0.7786458333333334 0.2439814814814815
3 0.6859375 0.5180555555555556 0.6809895833333334 0.5092592592592593 0.6752604166666667 0.5092592592592593 0.6713541666666667 0.5143518518518518 0.6697916666666667 0.5236111111111111 0.67421875 0.5351851851851852 0.6796875 0.5356481481481481 0.6854166666666667 0.5291666666666667 0.6859375 0.5180555555555556
3 0.4510416666666667 0.48657407407407405 0.44817708333333334 0.4787037037037037 0.4434895833333333 0.47685185185185186 0.4375 0.48194444444444445 0.4354166666666667 0.4949074074074074 0.4393229166666667 0.5037037037037037 0.44427083333333334 0.5050925925925925 0.4510416666666667 0.49675925925925923 0.4510416666666667 0.48657407407407405
3 0.7026041666666667 0.5708333333333333 0.69921875 0.5638888888888889 0.6940104166666666 0.5611111111111111 0.6880208333333333 0.5662037037037037 0.6864583333333333 0.5782407407407407 0.6893229166666667 0.5861111111111111 0.6947916666666667 0.5893518518518519 0.7010416666666667 0.5847222222222223 0.7026041666666667 0.5708333333333333
3 0.6421875 0.7106481481481481 0.6393229166666666 0.7037037037037037 0.63203125 0.700925925925926 0.6265625 0.7106481481481481 0.6270833333333333 0.7208333333333333 0.6315104166666666 0.7287037037037037 0.6364583333333333 0.7291666666666666 0.6411458333333333 0.7245370370370371 0.6421875 0.7106481481481481
3 0.39010416666666664 0.9032407407407408 0.38958333333333334 0.8921296296296296 0.3846354166666667 0.8824074074074074 0.3763020833333333 0.8851851851851852 0.371875 0.8986111111111111 0.3723958333333333 0.9078703703703703 0.37526041666666665 0.9138888888888889 0.38177083333333334 0.9152777777777777 0.38567708333333334 0.9138888888888889 0.39010416666666664 0.9032407407407408
0 0.6635416666666667 0.6689814814814815 0.65859375 0.662962962962963 0.6518229166666667 0.6648148148148149 0.6484375 0.6763888888888889 0.65 0.6856481481481481 0.65390625 0.6916666666666667 0.6598958333333333 0.6921296296296297 0.6651041666666667 0.6819444444444445 0.6635416666666667 0.6689814814814815