3 0.41458333333333336 0.1875 0.41015625 0.17685185185185184 0.40390625 0.175 0.39895833333333336 0.18194444444444444 0.39791666666666664 0.19398148148148148 0.40078125 0.20277777777777778 0.4083333333333333 0.20601851851851852 0.41302083333333334 0.20046296296296295 0.41458333333333336 0.1875
3 0.20625 0.20972222222222223 0.19973958333333333 0.20092592592592592 0.19088541666666667 0.2037037037037037 0.1875 0.21342592592592594 0.1890625 0.22453703703703703 0.19505208333333332 0.2324074074074074 0.2015625 0.23194444444444445 0.20677083333333332 0.22361111111111112 0.20625 0.20972222222222223
3 0.34791666666666665 0.4199074074074074 0.34401041666666665 0.41203703703703703 0.3372395833333333 0.4101851851851852 0.3307291666666667 0.41805555555555557 0.3302083333333333 0.43287037037037035 0.33515625 0.44074074074074077 0.3421875 0.4412037037037037 0.34791666666666665 0.4310185185185185 0.34791666666666665 0.4199074074074074
3 0.5380208333333333 0.5930555555555556 0.5346354166666667 0.5861111111111111 0.5294270833333333 0.5833333333333334 0.5229166666666667 0.5902777777777778 0.521875 0.6013888888888889 0.5263020833333333 0.612037037037037 0.5322916666666667 0.6125 0.5369791666666667 0.6069444444444444 0.5380208333333333 0.5930555555555556
3 0.796875 0.586574074074074 0.79140625 0.5805555555555556 0.78515625 0.5824074074074074 0.7807291666666667 0.5930555555555556 0.78125 0.600462962962963 0.7861979166666667 0.6083333333333333 0.7927083333333333 0.6087962962962963 0.7979166666666667 0.600462962962963 0.796875 0.586574074074074
3 0.728125 0.8949074074074074 0.7221354166666667 0.8842592592592593 0.7158854166666667 0.8851851851851852 0.7119791666666667 0.8930555555555556 0.7119791666666667 0.9023148148148148 0.7169270833333333 0.912962962962963 0.7234375 0.9143518518518519 0.728125 0.9078703703703703 0.728125 0.8949074074074074
3 0.6416666666666667 0.8300925925925926 0.63828125 0.8212962962962963 0.6315104166666666 0.8185185185185185 0.6270833333333333 0.8236111111111111 0.6255208333333333 0.8375 0.6299479166666667 0.8472222222222222 0.6359375 0.8486111111111111 0.6401041666666667 0.8439814814814814 0.6416666666666667 0.8300925925925926
3 0.5885416666666666 0.8865740740740741 0.5841145833333333 0.8787037037037037 0.5783854166666667 0.8777777777777778 0.5734375 0.8837962962962963 0.5723958333333333 0.8976851851851851 0.5768229166666666 0.9074074074074074 0.5828125 0.9078703703703703 0.5885416666666666 0.899537037037037 0.5885416666666666 0.8865740740740741
3 0.490625 0.9125 0.48671875 0.9037037037037037 0.47890625 0.9037037037037037 0.4744791666666667 0.913425925925926 0.4744791666666667 0.924537037037037 0.4783854166666667 0.9324074074074075 0.484375 0.9328703703703703 0.4901041666666667 0.9263888888888889 0.490625 0.9125
0 0.20364583333333333 0.059722222222222225 0.19713541666666667 0.05185185185185185 0.18828125 0.053703703703703705 0.18541666666666667 0.060648148148148145 0.18645833333333334 0.0763888888888889 0.19088541666666667 0.08425925925925926 0.1984375 0.08472222222222223 0.20416666666666666 0.07731481481481481 0.20364583333333333 0.059722222222222225
1 0.6559895833333333 0.4287037037037037 0.66484375 0.42592592592592593 0.6799479166666667 0.4111111111111111 0.6817708333333333 0.4041666666666667 0.6783854166666666 0.3824074074074074 0.7169270833333333 0.35648148148148145 0.72890625 0.3194444444444444 0.7377604166666667 0.31574074074074077 0.7466145833333333 0.337037037037037 0.75234375 0.33611111111111114 0.7705729166666667 0.3212962962962963 0.7734375 0.3143518518518518 0.7697916666666667 0.30787037037037035 0.7671875 0.2865740740740741 0.771875 0.27824074074074073 0.7666666666666667 0.2513888888888889 0.7611979166666667 0.24166666666666667 0.7528645833333333 0.24166666666666667 0.7453125 0.2199074074074074 0.73984375 0.21481481481481482 0.73359375 0.22777777777777777 0.7278645833333334 0.23333333333333334 0.7135416666666666 0.23564814814814813 0.7140625 0.24305555555555555 0.7197916666666667 0.24768518518518517 0.7229166666666667 0.2652777777777778 0.71796875 0.27870370370370373 0.6966145833333334 0.2722222222222222 0.6940104166666666 0.26481481481481484 0.6903645833333333 0.26481481481481484 0.68828125 0.2712962962962963 0.6669270833333333 0.2935185185185185 0.6596354166666667 0.30648148148148147 0.6559895833333333 0.3055555555555556 0.653125 0.29305555555555557 0.6497395833333334 0.28888888888888886 0.63515625 0.29814814814814816 0.6236979166666666 0.31296296296296294 0.6075520833333333 0.31296296296296294 0.6002604166666666 0.31851851851851853 0.5888020833333333 0.33425925925925926 0.5875 0.3421296296296296 0.584375 0.3458333333333333 0.5796875 0.39675925925925926 0.5575520833333333 0.4166666666666667 0.5552083333333333 0.4236111111111111 0.5567708333333333 0.43657407407407406 0.56484375 0.4537037037037037 0.58828125 0.4351851851851852 0.6002604166666666 0.44537037037037036 0.6065104166666667 0.4324074074074074 0.61328125 0.42685185185185187 0.6158854166666666 0.4398148148148148 0.62421875 0.43796296296296294 0.6364583333333333 0.45694444444444443 0.6466145833333333 0.45092592592592595 0.6559895833333333 0.4287037037037037