3 0.2484375 0.27546296296296297 0.24036458333333333 0.2675925925925926 0.23307291666666666 0.2722222222222222 0.23125 0.28379629629629627 0.23385416666666667 0.29305555555555557 0.23828125 0.29814814814814816 0.24479166666666666 0.29768518518518516 0.25 0.2865740740740741 0.2484375 0.27546296296296297
3 0.46041666666666664 0.1439814814814815 0.45546875 0.1361111111111111 0.45078125 0.1361111111111111 0.4453125 0.14675925925925926 0.44583333333333336 0.15601851851851853 0.45078125 0.16574074074074074 0.45677083333333335 0.16527777777777777 0.4609375 0.15694444444444444 0.46041666666666664 0.1439814814814815
3 0.48489583333333336 0.38564814814814813 0.4825520833333333 0.3787037037037037 0.4747395833333333 0.37592592592592594 0.4703125 0.3819444444444444 0.46927083333333336 0.39305555555555555 0.47317708333333336 0.4027777777777778 0.4786458333333333 0.4041666666666667 0.48385416666666664 0.39861111111111114 0.48489583333333336 0.38564814814814813
3 0.4583333333333333 0.43472222222222223 0.45546875 0.42685185185185187 0.44869791666666664 0.425 0.4432291666666667 0.43287037037037035 0.4427083333333333 0.4412037037037037 0.44609375 0.45092592592592595 0.45208333333333334 0.4532407407407407 0.45729166666666665 0.4486111111111111 0.4583333333333333 0.43472222222222223
3 0.4515625 0.48842592592592593 0.4466145833333333 0.4787037037037037 0.43984375 0.47962962962962963 0.43645833333333334 0.48657407407407405 0.4359375 0.49675925925925923 0.4388020833333333 0.5037037037037037 0.44583333333333336 0.5060185185185185 0.4510416666666667 0.4986111111111111 0.4515625 0.48842592592592593
3 0.4869791666666667 0.4837962962962963 0.4825520833333333 0.4777777777777778 0.47630208333333335 0.4787037037037037 0.47239583333333335 0.48564814814814816 0.47239583333333335 0.4976851851851852 0.4778645833333333 0.5055555555555555 0.4828125 0.5050925925925925 0.4875 0.49675925925925923 0.4869791666666667 0.4837962962962963
3 0.7505208333333333 0.12546296296296297 0.74765625 0.1175925925925926 0.74140625 0.11574074074074074 0.7359375 0.12268518518518519 0.734375 0.1337962962962963 0.73828125 0.14351851851851852 0.74375 0.1439814814814815 0.7494791666666667 0.13657407407407407 0.7505208333333333 0.12546296296296297
3 0.6927083333333334 0.3013888888888889 0.6877604166666667 0.29259259259259257 0.68203125 0.29259259259259257 0.6770833333333334 0.300462962962963 0.6765625 0.31157407407407406 0.6809895833333334 0.32037037037037036 0.6869791666666667 0.32083333333333336 0.6916666666666667 0.3143518518518518 0.6927083333333334 0.3013888888888889
3 0.6072916666666667 0.6773148148148148 0.6044270833333333 0.6694444444444444 0.5971354166666667 0.6666666666666666 0.5921875 0.6736111111111112 0.5921875 0.6884259259259259 0.5966145833333333 0.6944444444444444 0.6015625 0.6949074074074074 0.6057291666666667 0.6902777777777778 0.6072916666666667 0.6773148148148148
3 0.6411458333333333 0.6282407407407408 0.63828125 0.6203703703703703 0.63046875 0.6175925925925926 0.6260416666666667 0.6236111111111111 0.625 0.6347222222222222 0.6294270833333333 0.6444444444444445 0.6348958333333333 0.6449074074074074 0.6401041666666667 0.6393518518518518 0.6411458333333333 0.6282407407407408
3 0.6578125 0.6402777777777777 0.6528645833333333 0.6287037037037037 0.6471354166666666 0.6277777777777778 0.6427083333333333 0.6328703703703704 0.640625 0.6421296296296296 0.6450520833333333 0.6546296296296297 0.6520833333333333 0.6560185185185186 0.6572916666666667 0.6486111111111111 0.6578125 0.6402777777777777
0 0.7302083333333333 0.6189814814814815 0.7236979166666667 0.6101851851851852 0.7169270833333333 0.612037037037037 0.7140625 0.6199074074074075 0.7151041666666667 0.6310185185185185 0.7200520833333334 0.637962962962963 0.7260416666666667 0.6375 0.7302083333333333 0.6310185185185185 0.7302083333333333 0.6189814814814815