1 0.6596354166666667 0.762962962962963 0.6669270833333333 0.7518518518518519 0.6783854166666666 0.7666666666666667 0.6861979166666666 0.7592592592592593 0.6895833333333333 0.7671296296296296 0.6903645833333333 0.7768518518518519 0.7065104166666667 0.775 0.7140625 0.7587962962962963 0.715625 0.7412037037037037 0.73359375 0.7231481481481481 0.7380208333333333 0.7125 0.7380208333333333 0.7041666666666667 0.7455729166666667 0.6944444444444444 0.7559895833333333 0.6888888888888889 0.7736979166666667 0.687962962962963 0.78046875 0.6842592592592592 0.7864583333333334 0.6773148148148148 0.7869791666666667 0.6652777777777777 0.79453125 0.6583333333333333 0.81171875 0.687962962962963 0.8236979166666667 0.6759259259259259 0.82734375 0.6759259259259259 0.8330729166666667 0.6694444444444444 0.8348958333333333 0.6625 0.8302083333333333 0.6486111111111111 0.8286458333333333 0.6328703703703704 0.83125 0.6208333333333333 0.8270833333333333 0.6013888888888889 0.81953125 0.587037037037037 0.8080729166666667 0.5824074074074074 0.7966145833333333 0.5574074074074075 0.7924479166666667 0.5574074074074075 0.78046875 0.5703703703703704 0.77109375 0.5648148148148148 0.7682291666666666 0.5662037037037037 0.76875 0.5800925925925926 0.7739583333333333 0.5856481481481481 0.7760416666666666 0.5976851851851852 0.7760416666666666 0.6143518518518518 0.77265625 0.6212962962962963 0.7690104166666667 0.6203703703703703 0.7658854166666667 0.6101851851851852 0.7606770833333333 0.6064814814814815 0.7330729166666666 0.6055555555555555 0.7200520833333334 0.6101851851851852 0.715625 0.624537037037037 0.7096354166666666 0.6296296296296297 0.7067708333333333 0.6106481481481482 0.7018229166666666 0.5972222222222222 0.6934895833333333 0.5953703703703703 0.6872395833333333 0.5981481481481481 0.6830729166666667 0.6018518518518519 0.6786458333333333 0.6125 0.68046875 0.6361111111111111 0.6643229166666667 0.6416666666666667 0.6661458333333333 0.6486111111111111 0.6627604166666666 0.6564814814814814 0.66015625 0.6555555555555556 0.6575520833333334 0.6472222222222223 0.6510416666666666 0.6550925925925926 0.6473958333333333 0.6884259259259259 0.6393229166666666 0.6916666666666667 0.6364583333333333 0.6967592592592593 0.6359375 0.7041666666666667 0.6401041666666667 0.7189814814814814 0.6140625 0.7421296296296296 0.6130208333333333 0.7541666666666667 0.6151041666666667 0.7652777777777777 0.6200520833333333 0.7787037037037037 0.6239583333333333 0.7800925925925926 0.6502604166666667 0.7620370370370371 0.6596354166666667 0.762962962962963
3 0.5359375 0.6097222222222223 0.5309895833333333 0.600925925925926 0.5252604166666667 0.600925925925926 0.5208333333333334 0.6087962962962963 0.5208333333333334 0.6217592592592592 0.52578125 0.6287037037037037 0.5302083333333333 0.6282407407407408 0.5354166666666667 0.6208333333333333 0.5359375 0.6097222222222223
3 0.5104166666666666 0.7263888888888889 0.5059895833333333 0.7175925925925926 0.50078125 0.7166666666666667 0.4953125 0.7236111111111111 0.4942708333333333 0.736574074074074 0.4981770833333333 0.7453703703703703 0.5036458333333333 0.7467592592592592 0.5098958333333333 0.7393518518518518 0.5104166666666666 0.7263888888888889
3 0.5083333333333333 0.7810185185185186 0.5078125 0.7680555555555556 0.5033854166666667 0.7611111111111111 0.49557291666666664 0.762962962962963 0.4921875 0.7717592592592593 0.49375 0.7865740740740741 0.49947916666666664 0.7912037037037037 0.50546875 0.7888888888888889 0.5083333333333333 0.7810185185185186
3 0.5114583333333333 0.8087962962962963 0.5114583333333333 0.7976851851851852 0.50703125 0.7888888888888889 0.4981770833333333 0.7907407407407407 0.4947916666666667 0.8023148148148148 0.496875 0.8134259259259259 0.503125 0.8189814814814815 0.50859375 0.8166666666666667 0.5114583333333333 0.8087962962962963
3 0.5395833333333333 0.888425925925926 0.53515625 0.8787037037037037 0.5299479166666666 0.8777777777777778 0.5244791666666667 0.8856481481481482 0.5239583333333333 0.8976851851851851 0.5278645833333333 0.9074074074074074 0.534375 0.9078703703703703 0.5395833333333333 0.8986111111111111 0.5395833333333333 0.888425925925926
3 0.5197916666666667 0.9087962962962963 0.51875 0.8976851851851851 0.5143229166666666 0.8907407407407407 0.5065104166666666 0.8925925925925926 0.5026041666666666 0.9041666666666667 0.5041666666666667 0.9162037037037037 0.5114583333333333 0.9226851851851852 0.5153645833333333 0.9212962962962963 0.5197916666666667 0.9087962962962963
3 0.5692708333333333 0.7791666666666667 0.56484375 0.7685185185185185 0.56015625 0.7666666666666667 0.5536458333333333 0.774537037037037 0.553125 0.7865740740740741 0.5575520833333333 0.7953703703703704 0.5635416666666667 0.7958333333333333 0.56875 0.788425925925926 0.5692708333333333 0.7791666666666667
3 0.5921875 0.7912037037037037 0.5877604166666667 0.7833333333333333 0.58046875 0.7833333333333333 0.5765625 0.7902777777777777 0.5765625 0.8041666666666667 0.5809895833333333 0.812037037037037 0.5869791666666667 0.8125 0.5916666666666667 0.8041666666666667 0.5921875 0.7912037037037037
3 0.6088541666666667 0.8921296296296296 0.6044270833333333 0.8814814814814815 0.6002604166666666 0.8787037037037037 0.5955729166666667 0.8814814814814815 0.5921875 0.8930555555555556 0.59375 0.9032407407407408 0.6005208333333333 0.9106481481481481 0.6072916666666667 0.9050925925925926 0.6088541666666667 0.8921296296296296
3 0.7317708333333334 0.4263888888888889 0.7283854166666667 0.41944444444444445 0.7221354166666667 0.41759259259259257 0.715625 0.4263888888888889 0.7151041666666667 0.4356481481481482 0.7184895833333333 0.4444444444444444 0.7260416666666667 0.44583333333333336 0.73125 0.43842592592592594 0.7317708333333334 0.4263888888888889
3 0.8177083333333334 0.13842592592592592 0.81484375 0.13333333333333333 0.8075520833333333 0.13240740740740742 0.8020833333333334 0.14027777777777778 0.8010416666666667 0.15231481481481482 0.8049479166666667 0.16018518518518518 0.8119791666666667 0.16064814814814815 0.8177083333333334 0.14953703703703702 0.8177083333333334 0.13842592592592592
0 0.5942708333333333 0.8847222222222222 0.58984375 0.8694444444444445 0.58359375 0.8666666666666667 0.5776041666666667 0.874537037037037 0.5765625 0.8837962962962963 0.5794270833333334 0.8944444444444445 0.5854166666666667 0.8986111111111111 0.5908854166666667 0.8962962962962963 0.5942708333333333 0.8847222222222222