1 0.7786458333333334 0.33101851851851855 0.7838541666666666 0.30787037037037035 0.7817708333333333 0.29953703703703705 0.7739583333333333 0.2865740740740741 0.7791666666666667 0.2652777777777778 0.78125 0.2449074074074074 0.7864583333333334 0.2375 0.79609375 0.2101851851851852 0.8 0.2162037037037037 0.8002604166666667 0.22962962962962963 0.8052083333333333 0.22453703703703703 0.8067708333333333 0.2013888888888889 0.80390625 0.19814814814814816 0.8002604166666667 0.2 0.7979166666666667 0.19027777777777777 0.8005208333333333 0.14675925925925926 0.7963541666666667 0.14027777777777778 0.803125 0.11064814814814815 0.8036458333333333 0.09583333333333334 0.8020833333333334 0.08935185185185185 0.7966145833333333 0.08333333333333333 0.78515625 0.08518518518518518 0.7705729166666667 0.12962962962962962 0.7643229166666666 0.13055555555555556 0.7450520833333333 0.11851851851851852 0.74296875 0.12685185185185185 0.75234375 0.1287037037037037 0.7552083333333334 0.13287037037037036 0.7526041666666666 0.14583333333333334 0.7442708333333333 0.15601851851851853 0.72578125 0.20092592592592592 0.7200520833333334 0.1935185185185185 0.71484375 0.19444444444444445 0.7083333333333334 0.20416666666666666 0.7015625 0.22268518518518518 0.7020833333333333 0.22916666666666666 0.7065104166666667 0.23703703703703705 0.71015625 0.23981481481481481 0.71796875 0.2351851851851852 0.7203125 0.23935185185185184 0.71953125 0.24537037037037038 0.7130208333333333 0.2513888888888889 0.7166666666666667 0.2689814814814815 0.7109375 0.28564814814814815 0.7104166666666667 0.300462962962963 0.7169270833333333 0.3037037037037037 0.73359375 0.33611111111111114 0.7455729166666667 0.3416666666666667 0.7625 0.3560185185185185 0.7643229166666666 0.3490740740740741 0.7786458333333334 0.33101851851851855
0 0.7869791666666667 0.7578703703703704 0.7815104166666667 0.75 0.7731770833333333 0.7518518518518519 0.7708333333333334 0.7587962962962963 0.771875 0.7708333333333334 0.77734375 0.7787037037037037 0.7822916666666667 0.7791666666666667 0.7880208333333333 0.7689814814814815 0.7869791666666667 0.7578703703703704
3 0.6463541666666667 0.10787037037037037 0.64296875 0.09814814814814815 0.6388020833333333 0.0962962962962963 0.6328125 0.10231481481481482 0.6307291666666667 0.1125 0.63125 0.11898148148148148 0.63515625 0.1259259259259259 0.6401041666666667 0.12638888888888888 0.6453125 0.11990740740740741 0.6463541666666667 0.10787037037037037
3 0.5130208333333334 0.35694444444444445 0.5075520833333333 0.34814814814814815 0.5018229166666667 0.3490740740740741 0.4979166666666667 0.35694444444444445 0.4979166666666667 0.36898148148148147 0.5018229166666667 0.37592592592592594 0.5078125 0.3763888888888889 0.5130208333333334 0.3680555555555556 0.5130208333333334 0.35694444444444445
3 0.4583333333333333 0.3625 0.4544270833333333 0.3537037037037037 0.44869791666666664 0.35185185185185186 0.4432291666666667 0.3587962962962963 0.4427083333333333 0.36712962962962964 0.4471354166666667 0.37962962962962965 0.45260416666666664 0.3800925925925926 0.4578125 0.3726851851851852 0.4583333333333333 0.3625
3 0.5395833333333333 0.5782407407407407 0.53671875 0.5712962962962963 0.5299479166666666 0.5685185185185185 0.525 0.5745370370370371 0.5239583333333333 0.5875 0.5268229166666667 0.5944444444444444 0.5338541666666666 0.5967592592592592 0.5390625 0.5893518518518519 0.5395833333333333 0.5782407407407407
3 0.659375 0.47824074074074074 0.65703125 0.46944444444444444 0.6497395833333334 0.46574074074074073 0.6442708333333333 0.47175925925925927 0.6432291666666666 0.4847222222222222 0.6471354166666666 0.4935185185185185 0.6526041666666667 0.49398148148148147 0.6583333333333333 0.4875 0.659375 0.47824074074074074
3 0.6098958333333333 0.5856481481481481 0.6065104166666667 0.5777777777777777 0.6002604166666666 0.575 0.5947916666666667 0.5819444444444445 0.5942708333333333 0.5939814814814814 0.5986979166666667 0.6037037037037037 0.6041666666666666 0.6041666666666666 0.6088541666666667 0.5986111111111111 0.6098958333333333 0.5856481481481481
3 0.5989583333333334 0.6208333333333333 0.59453125 0.6129629629629629 0.5877604166666667 0.6129629629629629 0.5838541666666667 0.6208333333333333 0.584375 0.6337962962962963 0.58828125 0.6398148148148148 0.59375 0.6402777777777777 0.5984375 0.6328703703703704 0.5989583333333334 0.6208333333333333
3 0.7130208333333333 0.8430555555555556 0.7096354166666666 0.8342592592592593 0.7013020833333333 0.8314814814814815 0.6973958333333333 0.8375 0.696875 0.8486111111111111 0.70078125 0.8583333333333333 0.70625 0.8606481481481482 0.7119791666666667 0.8550925925925926 0.7130208333333333 0.8430555555555556
3 0.17135416666666667 0.9152777777777777 0.17135416666666667 0.9041666666666667 0.16588541666666667 0.8953703703703704 0.15755208333333334 0.8972222222222223 0.15260416666666668 0.9106481481481481 0.15416666666666667 0.9236111111111112 0.16145833333333334 0.9282407407407407 0.16848958333333333 0.9231481481481482 0.17135416666666667 0.9152777777777777
3 0.18333333333333332 0.8523148148148149 0.18229166666666666 0.8430555555555556 0.17734375 0.8361111111111111 0.16901041666666666 0.8379629629629629 0.16354166666666667 0.850462962962963 0.16458333333333333 0.8625 0.16901041666666666 0.8685185185185185 0.17291666666666666 0.8689814814814815 0.17890625 0.8657407407407407 0.18333333333333332 0.8523148148148149
3 0.22708333333333333 0.774537037037037 0.22604166666666667 0.7615740740740741 0.22005208333333334 0.7555555555555555 0.21171875 0.7601851851851852 0.20833333333333334 0.7726851851851851 0.21223958333333334 0.7851851851851852 0.21927083333333333 0.7865740740740741 0.22369791666666666 0.7833333333333333 0.22708333333333333 0.774537037037037