3 0.5052083333333334 0.10972222222222222 0.5018229166666667 0.1 0.49713541666666666 0.09722222222222222 0.49114583333333334 0.10324074074074074 0.4895833333333333 0.11898148148148148 0.49296875 0.12685185185185185 0.4984375 0.12916666666666668 0.5052083333333334 0.11898148148148148 0.5052083333333334 0.10972222222222222
3 0.6713541666666667 0.14212962962962963 0.6669270833333333 0.13703703703703704 0.6596354166666667 0.1388888888888889 0.6557291666666667 0.1486111111111111 0.65625 0.16064814814814815 0.6611979166666667 0.16666666666666666 0.6666666666666666 0.16620370370370371 0.6708333333333333 0.16064814814814815 0.6713541666666667 0.14212962962962963
3 0.8182291666666667 0.14027777777777778 0.8153645833333333 0.13333333333333333 0.80703125 0.13240740740740742 0.8026041666666667 0.13935185185185187 0.8015625 0.15046296296296297 0.8044270833333333 0.15833333333333333 0.8119791666666667 0.1597222222222222 0.8171875 0.15138888888888888 0.8182291666666667 0.14027777777777778
3 0.7979166666666667 0.16805555555555557 0.7950520833333333 0.16296296296296298 0.78828125 0.16203703703703703 0.7828125 0.1699074074074074 0.7817708333333333 0.18101851851851852 0.78515625 0.18888888888888888 0.7927083333333333 0.18935185185185185 0.7979166666666667 0.18009259259259258 0.7979166666666667 0.16805555555555557
3 0.8098958333333334 0.23472222222222222 0.8083333333333333 0.22361111111111112 0.8049479166666667 0.22037037037037038 0.79921875 0.22037037037037038 0.7932291666666667 0.2300925925925926 0.7942708333333334 0.24305555555555555 0.8015625 0.24768518518518517 0.80703125 0.24444444444444444 0.8098958333333334 0.23472222222222222
3 0.821875 0.38657407407407407 0.81796875 0.37777777777777777 0.81171875 0.3768518518518518 0.8057291666666667 0.38472222222222224 0.8052083333333333 0.3958333333333333 0.8091145833333333 0.4027777777777778 0.8161458333333333 0.4041666666666667 0.8203125 0.39861111111111114 0.821875 0.38657407407407407
3 0.7265625 0.44305555555555554 0.7221354166666667 0.4324074074074074 0.7169270833333333 0.43148148148148147 0.7109375 0.43842592592592594 0.7098958333333333 0.4476851851851852 0.7138020833333333 0.45740740740740743 0.71875 0.4587962962962963 0.7260416666666667 0.4513888888888889 0.7265625 0.44305555555555554
3 0.5354166666666667 0.6078703703703704 0.5315104166666667 0.600925925925926 0.52578125 0.6 0.5213541666666667 0.6069444444444444 0.5208333333333334 0.6208333333333333 0.5252604166666667 0.6277777777777778 0.5307291666666667 0.6273148148148148 0.5354166666666667 0.6189814814814815 0.5354166666666667 0.6078703703703704
3 0.5125 0.9060185185185186 0.50859375 0.8962962962962963 0.50234375 0.8944444444444445 0.49635416666666665 0.9032407407407408 0.49583333333333335 0.9143518518518519 0.49921875 0.924074074074074 0.50625 0.9263888888888889 0.5109375 0.9199074074074074 0.5125 0.9060185185185186
3 0.7973958333333333 0.7569444444444444 0.7924479166666667 0.7481481481481481 0.7846354166666667 0.7481481481481481 0.7802083333333333 0.7597222222222222 0.78125 0.7680555555555556 0.7856770833333333 0.775 0.7921875 0.7754629629629629 0.7973958333333333 0.7689814814814815 0.7973958333333333 0.7569444444444444
3 0.8161458333333333 0.8023148148148148 0.8111979166666666 0.7962962962962963 0.8044270833333333 0.7962962962962963 0.8005208333333333 0.8023148148148148 0.8005208333333333 0.8152777777777778 0.8059895833333334 0.8240740740740741 0.8119791666666667 0.8245370370370371 0.8166666666666667 0.8180555555555555 0.8161458333333333 0.8023148148148148
0 0.8203125 0.9023148148148148 0.8158854166666667 0.8962962962962963 0.8080729166666667 0.8972222222222223 0.8036458333333333 0.9069444444444444 0.8046875 0.9189814814814815 0.80859375 0.925 0.8166666666666667 0.9263888888888889 0.8213541666666667 0.9199074074074074 0.8203125 0.9023148148148148
1 0.7869791666666667 0.8439814814814814 0.7765625 0.8097222222222222 0.7807291666666667 0.7939814814814815 0.7776041666666667 0.7773148148148148 0.7791666666666667 0.7662037037037037 0.7755208333333333 0.7523148148148148 0.78125 0.7328703703703704 0.7807291666666667 0.7273148148148149 0.77734375 0.7231481481481481 0.7684895833333333 0.725 0.7661458333333333 0.7208333333333333 0.7520833333333333 0.6875 0.7473958333333334 0.663425925925926 0.7369791666666666 0.6458333333333334 0.7364583333333333 0.6412037037037037 0.7416666666666667 0.6375 0.7489583333333333 0.6152777777777778 0.7442708333333333 0.6078703703703704 0.7390625 0.586574074074074 0.72265625 0.5722222222222222 0.7143229166666667 0.575 0.7096354166666666 0.5851851851851851 0.70078125 0.5898148148148148 0.6932291666666667 0.5995370370370371 0.6890625 0.6199074074074075 0.6744791666666666 0.6486111111111111 0.6770833333333334 0.6578703703703703 0.6744791666666666 0.6717592592592593 0.6830729166666667 0.6722222222222223 0.6901041666666666 0.6837962962962963 0.6859375 0.7041666666666667 0.690625 0.711574074074074 0.6807291666666667 0.7189814814814814 0.6760416666666667 0.7319444444444444 0.6770833333333334 0.7393518518518518 0.6807291666666667 0.749537037037037 0.6903645833333333 0.7638888888888888 0.6966145833333334 0.762962962962963 0.70234375 0.7546296296296297 0.7041666666666667 0.7569444444444444 0.7072916666666667 0.7736111111111111 0.7203125 0.7949074074074074 0.7130208333333333 0.8087962962962963 0.7239583333333334 0.8263888888888888 0.72421875 0.8305555555555556 0.7276041666666667 0.8300925925925926 0.725 0.8226851851851852 0.7299479166666667 0.8101851851851852 0.7388020833333333 0.8351851851851851 0.74765625 0.8333333333333334 0.7533854166666667 0.825925925925926 0.7690104166666667 0.8638888888888889 0.7791666666666667 0.8662037037037037 0.7875 0.8523148148148149 0.7869791666666667 0.8439814814814814