3 0.1796875 0.0587962962962963 0.17473958333333334 0.049074074074074076 0.16588541666666667 0.049074074074074076 0.16197916666666667 0.056018518518518516 0.16197916666666667 0.06620370370370371 0.16744791666666667 0.07777777777777778 0.1734375 0.07916666666666666 0.1796875 0.07175925925925926 0.1796875 0.0587962962962963
3 0.459375 0.07361111111111111 0.45651041666666664 0.06574074074074074 0.45078125 0.06296296296296296 0.44427083333333334 0.0699074074074074 0.44375 0.08287037037037037 0.4471354166666667 0.09166666666666666 0.453125 0.09398148148148149 0.4588541666666667 0.08657407407407407 0.459375 0.07361111111111111
3 0.5723958333333333 0.09490740740740741 0.5690104166666666 0.08518518518518518 0.5638020833333334 0.08333333333333333 0.5578125 0.0912037037037037 0.5567708333333333 0.1050925925925926 0.5606770833333333 0.11388888888888889 0.5666666666666667 0.11435185185185186 0.571875 0.10694444444444444 0.5723958333333333 0.09490740740740741
3 0.5822916666666667 0.48842592592592593 0.57734375 0.4787037037037037 0.5705729166666667 0.4787037037037037 0.5666666666666667 0.48657407407407405 0.5666666666666667 0.49675925925925923 0.5721354166666667 0.5064814814814815 0.5776041666666667 0.5060185185185185 0.5817708333333333 0.4986111111111111 0.5822916666666667 0.48842592592592593
3 0.48489583333333336 0.3837962962962963 0.48046875 0.37592592592592594 0.4747395833333333 0.375 0.46927083333333336 0.3837962962962963 0.46927083333333336 0.3958333333333333 0.47317708333333336 0.40370370370370373 0.4791666666666667 0.4041666666666667 0.48385416666666664 0.399537037037037 0.48489583333333336 0.3837962962962963
3 0.4869791666666667 0.4828703703703704 0.4825520833333333 0.4777777777777778 0.47421875 0.48055555555555557 0.47239583333333335 0.48657407407407405 0.4734375 0.500462962962963 0.4783854166666667 0.5055555555555555 0.4828125 0.5050925925925925 0.4875 0.49675925925925923 0.4869791666666667 0.4828703703703704
3 0.4515625 0.48842592592592593 0.44765625 0.47962962962962963 0.44140625 0.4787037037037037 0.43697916666666664 0.4847222222222222 0.4359375 0.49675925925925923 0.43984375 0.5046296296296297 0.4453125 0.5060185185185185 0.45 0.5013888888888889 0.4515625 0.48842592592592593
3 0.5932291666666667 0.600462962962963 0.5893229166666667 0.5898148148148148 0.5825520833333333 0.5879629629629629 0.5776041666666667 0.5949074074074074 0.5770833333333333 0.6078703703703704 0.5799479166666667 0.6148148148148148 0.5864583333333333 0.6171296296296296 0.5911458333333334 0.6134259259259259 0.5932291666666667 0.600462962962963
3 0.6072916666666667 0.6773148148148148 0.60390625 0.6694444444444444 0.5966145833333333 0.6675925925925926 0.5921875 0.674537037037037 0.5921875 0.6884259259259259 0.5966145833333333 0.6953703703703704 0.6010416666666667 0.6958333333333333 0.60625 0.6893518518518519 0.6072916666666667 0.6773148148148148
3 0.16927083333333334 0.9115740740740741 0.16484375 0.9018518518518519 0.15598958333333332 0.9018518518518519 0.1515625 0.9087962962962963 0.15 0.9217592592592593 0.15286458333333333 0.9305555555555556 0.16145833333333334 0.9319444444444445 0.16770833333333332 0.9254629629629629 0.16927083333333334 0.9115740740740741
3 0.8041666666666667 0.8587962962962963 0.8002604166666667 0.8537037037037037 0.7924479166666667 0.8546296296296296 0.7890625 0.861574074074074 0.7895833333333333 0.8736111111111111 0.7940104166666667 0.8805555555555555 0.8015625 0.8810185185185185 0.8057291666666667 0.874537037037037 0.8041666666666667 0.8587962962962963
0 0.79375 0.09212962962962963 0.7893229166666667 0.08518518518518518 0.78359375 0.08518518518518518 0.778125 0.09305555555555556 0.7776041666666667 0.1050925925925926 0.7809895833333333 0.11296296296296296 0.7885416666666667 0.11342592592592593 0.79375 0.10324074074074074 0.79375 0.09212962962962963