3 0.7322916666666667 0.4273148148148148 0.72890625 0.41944444444444445 0.7221354166666667 0.41759259259259257 0.7177083333333333 0.42083333333333334 0.7145833333333333 0.4337962962962963 0.71796875 0.4444444444444444 0.725 0.44675925925925924 0.7307291666666667 0.44027777777777777 0.7322916666666667 0.4273148148148148
3 0.8182291666666667 0.14027777777777778 0.8153645833333333 0.13333333333333333 0.8075520833333333 0.13240740740740742 0.8020833333333334 0.14027777777777778 0.8010416666666667 0.15231481481481482 0.8044270833333333 0.16018518518518518 0.8125 0.16064814814814815 0.815625 0.15694444444444444 0.8182291666666667 0.14027777777777778
3 0.5354166666666667 0.6072280037037037 0.5315104166666667 0.6012094851851851 0.5252604166666667 0.6012094851851851 0.5208333333333334 0.6090798555555555 0.5208333333333334 0.6211168925925926 0.52578125 0.6289872629629629 0.5307291666666667 0.6285243 0.5354166666666667 0.6211168925925926 0.5354166666666667 0.6072280037037037
3 0.5109375 0.7322277212962963 0.5075520833333333 0.7197277212962963 0.50078125 0.7169499435185185 0.4953125 0.7238943879629629 0.4942708333333333 0.735931425 0.4981770833333333 0.7456536472222222 0.503125 0.747042536111111 0.5098958333333333 0.7396351287037036 0.5109375 0.7322277212962963
3 0.5088541666666667 0.7763888888888889 0.5067708333333333 0.7652777777777777 0.5018229166666667 0.7601851851851852 0.49557291666666664 0.762962962962963 0.4921875 0.7717592592592593 0.49322916666666666 0.7847222222222222 0.49947916666666664 0.7912037037037037 0.50546875 0.7888888888888889 0.5088541666666667 0.7763888888888889
3 0.5114583333333333 0.8087962962962963 0.5114583333333333 0.7976851851851852 0.50703125 0.7888888888888889 0.4981770833333333 0.7907407407407407 0.4947916666666667 0.8023148148148148 0.496875 0.8134259259259259 0.5026041666666666 0.8189814814814815 0.50859375 0.8166666666666667 0.5114583333333333 0.8087962962962963
3 0.5692708333333333 0.7782407407407408 0.5658854166666667 0.7694444444444445 0.5606770833333333 0.7666666666666667 0.5536458333333333 0.774537037037037 0.553125 0.7856481481481481 0.5575520833333333 0.7953703703703704 0.5630208333333333 0.7958333333333333 0.56875 0.788425925925926 0.5692708333333333 0.7782407407407408
3 0.5920160770833333 0.7912037037037037 0.58758899375 0.7833333333333333 0.5802973270833333 0.7833333333333333 0.5763910770833333 0.7902777777777777 0.5763910770833333 0.8032407407407407 0.5808181604166667 0.812037037037037 0.5862869104166666 0.8125 0.5920160770833333 0.8023148148148148 0.5920160770833333 0.7912037037037037
3 0.5375 0.8902777777777777 0.5330729166666667 0.8805555555555555 0.52578125 0.8805555555555555 0.5223958333333333 0.8865740740740741 0.521875 0.9004629629629629 0.5263020833333333 0.9092592592592592 0.5317708333333333 0.9097222222222222 0.5369791666666667 0.9023148148148148 0.5375 0.8902777777777777
3 0.5199448109375 0.9013888888888889 0.5165593942708333 0.8925925925925926 0.5103093942708333 0.8898148148148148 0.5037989776041667 0.8976851851851851 0.5027573109375 0.9087962962962963 0.5061427276041667 0.9203703703703704 0.5121323109375 0.9226851851851852 0.5183823109375 0.9162037037037037 0.5199448109375 0.9013888888888889
3 0.6088541666666667 0.8921296296296296 0.60390625 0.8805555555555555 0.6002604166666666 0.8787037037037037 0.5955729166666667 0.8814814814814815 0.5921875 0.8930555555555556 0.59375 0.9032407407407408 0.6010416666666667 0.9106481481481481 0.6072916666666667 0.9050925925925926 0.6088541666666667 0.8921296296296296
0 0.5942708333333333 0.8856481481481482 0.5916666666666667 0.8726851851851852 0.5841145833333333 0.8666666666666667 0.5776041666666667 0.874537037037037 0.5765625 0.8810185185185185 0.5786458333333333 0.8930555555555556 0.5854166666666667 0.8986111111111111 0.5908854166666667 0.8962962962962963 0.5942708333333333 0.8856481481481482
1 0.6591145833333333 0.7620370370370371 0.6669270833333333 0.7490740740740741 0.6783854166666666 0.7648148148148148 0.6888020833333334 0.7518518518518519 0.69453125 0.7546296296296297 0.71015625 0.7425925925925926 0.7138020833333333 0.7555555555555555 0.7145833333333333 0.7393518518518518 0.73359375 0.7212962962962963 0.7380208333333333 0.7125 0.73828125 0.700925925925926 0.7544270833333333 0.687037037037037 0.7736979166666667 0.6861111111111111 0.78515625 0.6787037037037037 0.7854166666666667 0.663425925925926 0.7934895833333333 0.6555555555555556 0.7966145833333333 0.6546296296296297 0.8 0.6662037037037037 0.8111979166666666 0.6842592592592592 0.8315104166666667 0.6703703703703704 0.834375 0.6625 0.8291666666666667 0.6486111111111111 0.8270833333333333 0.6347222222222222 0.8307291666666666 0.6180555555555556 0.8200520833333333 0.5888888888888889 0.81171875 0.5898148148148148 0.7966145833333333 0.5583333333333333 0.78046875 0.5712962962962963 0.76875 0.5671296296296297 0.76875 0.5736111111111111 0.7744791666666667 0.5837962962962963 0.7776041666666667 0.6032407407407407 0.7817708333333333 0.6134259259259259 0.77265625 0.6240740740740741 0.7684895833333333 0.625 0.76484375 0.6101851851851852 0.7440104166666667 0.6046296296296296 0.7216145833333333 0.6092592592592593 0.71875 0.6134259259259259 0.7166666666666667 0.625462962962963 0.7091145833333333 0.6324074074074074 0.7052083333333333 0.6282407407407408 0.7072916666666667 0.6134259259259259 0.7018229166666666 0.5990740740740741 0.68671875 0.5990740740740741 0.68125 0.6060185185185185 0.6786458333333333 0.6143518518518518 0.6815104166666667 0.6370370370370371 0.6638020833333333 0.6416666666666667 0.6671875 0.6486111111111111 0.6666666666666666 0.6550925925925926 0.66015625 0.6620370370370371 0.65546875 0.6731481481481482 0.6546875 0.6662037037037037 0.6578125 0.6643518518518519 0.6572916666666667 0.6486111111111111 0.65546875 0.6472222222222223 0.6510416666666666 0.6550925925925926 0.65 0.6902777777777778 0.6388020833333333 0.6916666666666667 0.6359375 0.6976851851851852 0.6359375 0.7050925925925926 0.6411458333333333 0.7180555555555556 0.6135416666666667 0.7430555555555556 0.6130208333333333 0.7550925925925925 0.6171875 0.7726851851851851 0.6200520833333333 0.7787037037037037 0.6244791666666667 0.7800925925925926 0.6513020833333333 0.7611111111111111 0.6591145833333333 0.7620370370370371