1 0.80625 0.8541666666666666 0.8072916666666666 0.8476851851851852 0.8057291666666667 0.8356481481481481 0.7942708333333334 0.8078703703703703 0.7942708333333334 0.7912037037037037 0.7911458333333333 0.7810185185185186 0.7901041666666667 0.7662037037037037 0.7916666666666666 0.7597222222222222 0.7901041666666667 0.7532407407407408 0.79375 0.7439814814814815 0.7963541666666667 0.7226851851851852 0.79296875 0.7166666666666667 0.7809895833333333 0.7240740740740741 0.7736979166666667 0.7212962962962963 0.76015625 0.7027777777777777 0.7557291666666667 0.6912037037037037 0.7578125 0.6856481481481481 0.75625 0.6763888888888889 0.7442708333333333 0.6560185185185186 0.7494791666666667 0.6439814814814815 0.7505208333333333 0.6347222222222222 0.7442708333333333 0.625462962962963 0.7377604166666667 0.6074074074074074 0.7221354166666667 0.5935185185185186 0.7143229166666667 0.5962962962962963 0.7106770833333333 0.6111111111111112 0.69921875 0.6175925925925926 0.6932291666666667 0.6282407407407408 0.690625 0.6449074074074074 0.6776041666666667 0.6763888888888889 0.6817708333333333 0.6958333333333333 0.6872395833333333 0.6944444444444444 0.6963541666666667 0.711574074074074 0.6947916666666667 0.7171296296296297 0.6958333333333333 0.7236111111111111 0.7046875 0.725462962962963 0.70390625 0.7351851851851852 0.6901041666666666 0.7439814814814815 0.6885416666666667 0.750462962962963 0.6901041666666666 0.7606481481481482 0.7018229166666666 0.7777777777777778 0.7059895833333333 0.7796296296296297 0.71015625 0.775 0.71796875 0.774074074074074 0.72265625 0.7907407407407407 0.7299479166666667 0.8 0.73359375 0.799074074074074 0.7354166666666667 0.8115740740740741 0.7291666666666666 0.8208333333333333 0.7291666666666666 0.825462962962963 0.7377604166666667 0.8398148148148148 0.7455729166666667 0.8453703703703703 0.7479166666666667 0.8430555555555556 0.74921875 0.8342592592592593 0.7638020833333333 0.837037037037037 0.759375 0.8439814814814814 0.78046875 0.8462962962962963 0.7841145833333333 0.8583333333333333 0.79375 0.8625 0.80234375 0.8592592592592593 0.80625 0.8541666666666666
0 0.496875 0.20787037037037037 0.49296875 0.19722222222222222 0.48671875 0.19537037037037036 0.4822916666666667 0.2013888888888889 0.48125 0.21342592592592594 0.48515625 0.22407407407407406 0.49166666666666664 0.22453703703703703 0.49583333333333335 0.21805555555555556 0.496875 0.20787037037037037
3 0.828125 0.16805555555555557 0.82421875 0.16018518518518518 0.8200520833333333 0.15925925925925927 0.8166666666666667 0.16342592592592592 0.8166666666666667 0.18287037037037038 0.81796875 0.18703703703703703 0.8213541666666667 0.1865740740740741 0.828125 0.1763888888888889 0.828125 0.16805555555555557
3 0.6463541666666667 0.1050925925925926 0.64296875 0.09722222222222222 0.6377604166666667 0.0962962962962963 0.6322916666666667 0.10324074074074074 0.63125 0.1162037037037037 0.6346354166666667 0.12407407407407407 0.6401041666666667 0.12546296296296297 0.6453125 0.11898148148148148 0.6463541666666667 0.1050925925925926
3 0.45729166666666665 0.15601851851851853 0.45338541666666665 0.14629629629629629 0.4471354166666667 0.14444444444444443 0.44166666666666665 0.15324074074074073 0.44114583333333335 0.16157407407407406 0.44505208333333335 0.17222222222222222 0.4515625 0.17453703703703705 0.45625 0.16805555555555557 0.45729166666666665 0.15601851851851853
3 0.3026041666666667 0.11898148148148148 0.2981770833333333 0.10833333333333334 0.28984375 0.10648148148148148 0.28489583333333335 0.1162037037037037 0.28541666666666665 0.12638888888888888 0.28984375 0.13518518518518519 0.296875 0.1375 0.3015625 0.13287037037037036 0.3026041666666667 0.11898148148148148
3 0.46197916666666666 0.36435185185185187 0.45859375 0.35555555555555557 0.45234375 0.3537037037037037 0.4473958333333333 0.3587962962962963 0.44583333333333336 0.3699074074074074 0.44921875 0.37962962962962965 0.4552083333333333 0.3819444444444444 0.4609375 0.37546296296296294 0.46197916666666666 0.36435185185185187
3 0.5135416666666667 0.3726851851851852 0.5096354166666667 0.3638888888888889 0.50390625 0.362962962962963 0.4984375 0.3699074074074074 0.4979166666666667 0.3819444444444444 0.50234375 0.3907407407407407 0.5078125 0.3912037037037037 0.5130208333333334 0.3837962962962963 0.5135416666666667 0.3726851851851852
3 0.5817708333333333 0.39675925925925926 0.57890625 0.38981481481481484 0.57265625 0.387037037037037 0.5666666666666667 0.3939814814814815 0.5661458333333333 0.4060185185185185 0.56953125 0.41388888888888886 0.575 0.4152777777777778 0.5807291666666666 0.4097222222222222 0.5817708333333333 0.39675925925925926
3 0.20885416666666667 0.7171296296296297 0.20546875 0.7092592592592593 0.19973958333333333 0.7064814814814815 0.19166666666666668 0.7134259259259259 0.18958333333333333 0.725462962962963 0.19296875 0.7351851851851852 0.20104166666666667 0.7375 0.20677083333333332 0.7319444444444444 0.20885416666666667 0.7171296296296297
3 0.17916666666666667 0.8949074074074074 0.178125 0.8856481481481482 0.17265625 0.8787037037037037 0.16484375 0.8814814814814815 0.159375 0.8967592592592593 0.16223958333333333 0.9083333333333333 0.16927083333333334 0.9115740740740741 0.17526041666666667 0.9074074074074074 0.17916666666666667 0.8949074074074074
3 0.2484375 0.7967592592592593 0.24791666666666667 0.7847222222222222 0.24088541666666666 0.7777777777777778 0.23359375 0.7814814814814814 0.2296875 0.7930555555555555 0.23359375 0.8074074074074075 0.23958333333333334 0.8097222222222222 0.24609375 0.8037037037037037 0.2484375 0.7967592592592593
3 0.39010416666666664 0.8976851851851851 0.38671875 0.8851851851851852 0.37890625 0.8833333333333333 0.3729166666666667 0.8921296296296296 0.3723958333333333 0.9087962962962963 0.3763020833333333 0.9148148148148149 0.38229166666666664 0.9152777777777777 0.3890625 0.9087962962962963 0.39010416666666664 0.8976851851851851