3 0.17135416666666667 0.9162037037037037 0.17135416666666667 0.9041666666666667 0.16588541666666667 0.8953703703703704 0.15703125 0.8981481481481481 0.15260416666666668 0.9106481481481481 0.153125 0.9208333333333333 0.15651041666666668 0.9268518518518518 0.16145833333333334 0.9282407407407407 0.16796875 0.924074074074074 0.17135416666666667 0.9162037037037037
3 0.18333333333333332 0.8495370370370371 0.17994791666666668 0.8379629629629629 0.17213541666666668 0.8361111111111111 0.16510416666666666 0.8449074074074074 0.16354166666666667 0.8578703703703704 0.16901041666666666 0.8685185185185185 0.17552083333333332 0.8680555555555556 0.18125 0.861574074074074 0.18333333333333332 0.8495370370370371
3 0.22708333333333333 0.7652777777777777 0.22317708333333333 0.7574074074074074 0.21848958333333332 0.7555555555555555 0.2109375 0.7615740740740741 0.20833333333333334 0.774537037037037 0.21223958333333334 0.7851851851851852 0.21979166666666666 0.7865740740740741 0.22604166666666667 0.7791666666666667 0.22708333333333333 0.7652777777777777
3 0.4578125 0.3597222222222222 0.45338541666666665 0.3527777777777778 0.4471354166666667 0.3527777777777778 0.4432291666666667 0.3587962962962963 0.4432291666666667 0.37083333333333335 0.4471354166666667 0.37962962962962965 0.45260416666666664 0.3800925925925926 0.4583333333333333 0.37083333333333335 0.4578125 0.3597222222222222
3 0.5130208333333334 0.3578703703703704 0.5075520833333333 0.34814814814814815 0.5018229166666667 0.3490740740740741 0.4979166666666667 0.35694444444444445 0.4979166666666667 0.36898148148148147 0.5018229166666667 0.37592592592592594 0.5078125 0.3763888888888889 0.5125 0.3699074074074074 0.5130208333333334 0.3578703703703704
3 0.6463541666666667 0.10787037037037037 0.64296875 0.09814814814814815 0.6393229166666666 0.0962962962962963 0.6322916666666667 0.10324074074074074 0.6307291666666667 0.11342592592592593 0.6330729166666667 0.12314814814814815 0.6401041666666667 0.12638888888888888 0.6453125 0.11990740740740741 0.6463541666666667 0.10787037037037037
3 0.659375 0.47824074074074074 0.6565104166666667 0.4685185185185185 0.6497395833333334 0.46574074074074073 0.6442708333333333 0.47175925925925927 0.6432291666666666 0.4847222222222222 0.6471354166666666 0.4935185185185185 0.6526041666666667 0.49398148148148147 0.6583333333333333 0.4875 0.659375 0.47824074074074074
3 0.6098958333333333 0.5856481481481481 0.6065104166666667 0.5777777777777777 0.6002604166666666 0.575 0.5947916666666667 0.5819444444444445 0.5942708333333333 0.5939814814814814 0.5981770833333333 0.6027777777777777 0.6036458333333333 0.6041666666666666 0.609375 0.5967592592592592 0.6098958333333333 0.5856481481481481
3 0.5989583333333334 0.6208333333333333 0.59453125 0.6129629629629629 0.5877604166666667 0.6129629629629629 0.5838541666666667 0.6208333333333333 0.584375 0.6337962962962963 0.58828125 0.6398148148148148 0.5932291666666667 0.6402777777777777 0.5979166666666667 0.6337962962962963 0.5989583333333334 0.6208333333333333
3 0.5395833333333333 0.5782407407407407 0.53515625 0.5694444444444444 0.5299479166666666 0.5685185185185185 0.525 0.5745370370370371 0.5239583333333333 0.5875 0.5268229166666667 0.5944444444444444 0.5338541666666666 0.5967592592592592 0.5390625 0.5893518518518519 0.5395833333333333 0.5782407407407407
3 0.7130208333333333 0.8430555555555556 0.7096354166666666 0.8342592592592593 0.7013020833333333 0.8314814814814815 0.696875 0.8393518518518519 0.696875 0.8486111111111111 0.70078125 0.8583333333333333 0.70625 0.8606481481481482 0.7114583333333333 0.8560185185185185 0.7130208333333333 0.8430555555555556
0 0.7875 0.7597222222222222 0.7815104166666667 0.75 0.7752604166666667 0.75 0.7708333333333334 0.7578703703703704 0.7708333333333334 0.7671296296296296 0.7752604166666667 0.7768518518518519 0.7817708333333333 0.7791666666666667 0.7869791666666667 0.7726851851851851 0.7875 0.7597222222222222
1 0.778125 0.33194444444444443 0.78125 0.32083333333333336 0.7833333333333333 0.30787037037037035 0.7822916666666667 0.300462962962963 0.7739583333333333 0.2865740740740741 0.778125 0.2726851851851852 0.7802083333333333 0.24953703703703703 0.7869791666666667 0.2375 0.7950520833333333 0.21296296296296297 0.7989583333333333 0.2162037037037037 0.7979166666666667 0.22453703703703703 0.8002604166666667 0.23055555555555557 0.80390625 0.22777777777777777 0.80625 0.22083333333333333 0.8057291666666667 0.20972222222222223 0.8078125 0.2023148148148148 0.8044270833333333 0.19722222222222222 0.8002604166666667 0.2 0.7984375 0.19305555555555556 0.7979166666666667 0.17083333333333334 0.8005208333333333 0.14675925925925926 0.7963541666666667 0.14027777777777778 0.803125 0.1125 0.8036458333333333 0.09583333333333334 0.8015625 0.08842592592592592 0.7966145833333333 0.08333333333333333 0.7841145833333333 0.08611111111111111 0.77109375 0.12777777777777777 0.7643229166666666 0.12962962962962962 0.7606770833333333 0.125 0.7455729166666667 0.11944444444444445 0.74140625 0.125 0.7552083333333334 0.13287037037037036 0.7526041666666666 0.14583333333333334 0.74375 0.15787037037037038 0.7278645833333334 0.19814814814814816 0.7252604166666666 0.2 0.71796875 0.1925925925925926 0.7143229166666667 0.19444444444444445 0.7057291666666666 0.20972222222222223 0.7020833333333333 0.22268518518518518 0.7020833333333333 0.22824074074074074 0.70859375 0.23796296296296296 0.71796875 0.2361111111111111 0.721875 0.24305555555555555 0.7135416666666666 0.25046296296296294 0.7166666666666667 0.26805555555555555 0.7088541666666667 0.300462962962963 0.7174479166666666 0.3055555555555556 0.72265625 0.31296296296296294 0.7330729166666666 0.3351851851851852 0.7466145833333333 0.3416666666666667 0.7614583333333333 0.35694444444444445 0.77265625 0.337037037037037 0.778125 0.33194444444444443