3 0.6463541666666667 0.10694444444444444 0.64296875 0.09814814814814815 0.6388020833333333 0.0962962962962963 0.6322916666666667 0.10324074074074074 0.6307291666666667 0.11342592592592593 0.63515625 0.1259259259259259 0.6401041666666667 0.12638888888888888 0.6458333333333334 0.11898148148148148 0.6463541666666667 0.10694444444444444
3 0.5130208333333334 0.35694444444444445 0.5091145833333334 0.3490740740740741 0.5018229166666667 0.3490740740740741 0.4979166666666667 0.35694444444444445 0.4979166666666667 0.36898148148148147 0.5018229166666667 0.37592592592592594 0.5078125 0.3763888888888889 0.5130208333333334 0.3680555555555556 0.5130208333333334 0.35694444444444445
3 0.4583333333333333 0.36157407407407405 0.4544270833333333 0.3537037037037037 0.44869791666666664 0.35185185185185186 0.4432291666666667 0.3587962962962963 0.4432291666666667 0.37083333333333335 0.4471354166666667 0.37962962962962965 0.45260416666666664 0.3800925925925926 0.45729166666666665 0.37453703703703706 0.4583333333333333 0.36157407407407405
3 0.42864583333333334 0.4041666666666667 0.42421875 0.39166666666666666 0.4200520833333333 0.38981481481481484 0.4125 0.3976851851851852 0.4119791666666667 0.4078703703703704 0.4158854166666667 0.4185185185185185 0.4203125 0.4199074074074074 0.4276041666666667 0.4134259259259259 0.42864583333333334 0.4041666666666667
3 0.5395833333333333 0.5782407407407407 0.5361979166666667 0.5703703703703704 0.5294270833333333 0.5685185185185185 0.525 0.5745370370370371 0.5239583333333333 0.586574074074074 0.5278645833333333 0.5953703703703703 0.5338541666666666 0.5967592592592592 0.5390625 0.5893518518518519 0.5395833333333333 0.5782407407407407
3 0.5984375 0.6208333333333333 0.5940104166666667 0.6129629629629629 0.5877604166666667 0.6129629629629629 0.5833333333333334 0.6217592592592592 0.5838541666666667 0.6337962962962963 0.58828125 0.6407407407407407 0.59375 0.6402777777777777 0.5979166666666667 0.6337962962962963 0.5984375 0.6208333333333333
3 0.6098958333333333 0.5856481481481481 0.6065104166666667 0.5777777777777777 0.6002604166666666 0.575 0.5947916666666667 0.5819444444444445 0.59375 0.5930555555555556 0.5971354166666667 0.6018518518518519 0.6026041666666667 0.6041666666666666 0.6083333333333333 0.5995370370370371 0.6098958333333333 0.5856481481481481
3 0.65625 0.48657407407407405 0.65234375 0.48055555555555557 0.6434895833333333 0.48333333333333334 0.6411458333333333 0.49212962962962964 0.6421875 0.5023148148148148 0.6466145833333333 0.5083333333333333 0.6526041666666667 0.5078703703703704 0.6572916666666667 0.4976851851851852 0.65625 0.48657407407407405
3 0.6776041666666667 0.42453703703703705 0.6700520833333333 0.412962962962963 0.6625 0.41898148148148145 0.6609375 0.43287037037037035 0.6638020833333333 0.4398148148148148 0.6708333333333333 0.44212962962962965 0.6760416666666667 0.43657407407407406 0.6776041666666667 0.42453703703703705
3 0.6375 0.41064814814814815 0.6330729166666667 0.40185185185185185 0.6268229166666667 0.40185185185185185 0.6234375 0.4060185185185185 0.621875 0.41898148148148145 0.62578125 0.42777777777777776 0.6322916666666667 0.42824074074074076 0.6364583333333333 0.42268518518518516 0.6375 0.41064814814814815
3 0.7130208333333333 0.8430555555555556 0.7080729166666667 0.8324074074074074 0.70234375 0.8305555555555556 0.6979166666666666 0.8356481481481481 0.696875 0.8486111111111111 0.70078125 0.8583333333333333 0.7067708333333333 0.8606481481481482 0.7119791666666667 0.8550925925925926 0.7130208333333333 0.8430555555555556
0 0.7875 0.7587962962962963 0.7815104166666667 0.75 0.7752604166666667 0.75 0.7708333333333334 0.7587962962962963 0.7708333333333334 0.7671296296296296 0.7763020833333333 0.7777777777777778 0.7817708333333333 0.7791666666666667 0.7869791666666667 0.7726851851851851 0.7875 0.7587962962962963
1 0.23203125 0.9592592592592593 0.23776041666666667 0.9537037037037037 0.23958333333333334 0.9495370370370371 0.240625 0.9273148148148148 0.24505208333333334 0.9194444444444444 0.25286458333333334 0.9203703703703704 0.25703125 0.9277777777777778 0.2638020833333333 0.9305555555555556 0.2747395833333333 0.9185185185185185 0.29453125 0.912962962962963 0.3028645833333333 0.9166666666666666 0.31171875 0.9305555555555556 0.3341145833333333 0.9287037037037037 0.3372395833333333 0.9314814814814815 0.3385416666666667 0.9208333333333333 0.34088541666666666 0.9185185185185185 0.3611979166666667 0.9148148148148149 0.36484375 0.9083333333333333 0.37265625 0.9046296296296297 0.3768229166666667 0.9120370370370371 0.37994791666666666 0.9037037037037037 0.3880208333333333 0.899537037037037 0.38697916666666665 0.8930555555555556 0.3888020833333333 0.8888888888888888 0.39609375 0.8888888888888888 0.4049479166666667 0.875 0.43828125 0.8657407407407407 0.4421875 0.8523148148148149 0.44166666666666665 0.8300925925925926 0.43723958333333335 0.8222222222222222 0.40598958333333335 0.8268518518518518 0.4036458333333333 0.8236111111111111 0.4041666666666667 0.8078703703703703 0.4002604166666667 0.8 0.39088541666666665 0.8027777777777778 0.38515625 0.799074074074074 0.37994791666666666 0.8009259259259259 0.3768229166666667 0.7925925925925926 0.36484375 0.7972222222222223 0.3611979166666667 0.7898148148148149 0.3575520833333333 0.7953703703703704 0.3450520833333333 0.7944444444444444 0.34088541666666666 0.799074074074074 0.334375 0.7902777777777777 0.334375 0.7810185185185186 0.3375 0.774537037037037 0.33515625 0.7675925925925926 0.33151041666666664 0.7657407407407407 0.3138020833333333 0.7666666666666667 0.30885416666666665 0.774537037037037 0.31015625 0.7916666666666666 0.31692708333333336 0.7805555555555556 0.3221354166666667 0.7824074074074074 0.32526041666666666 0.7796296296296297 0.33151041666666664 0.7833333333333333 0.33151041666666664 0.7907407407407407 0.32578125 0.7962962962962963 0.32317708333333334 0.7916666666666666 0.31796875 0.7925925925925926 0.31354166666666666 0.7986111111111112 0.3145833333333333 0.8106481481481481 0.3111979166666667 0.8148148148148148 0.30130208333333336 0.812037037037037 0.29401041666666666 0.8037037037037037 0.26796875 0.8231481481481482 0.2557291666666667 0.8439814814814814 0.2552083333333333 0.8578703703703704 0.25286458333333334 0.862037037037037 0.24166666666666667 0.8597222222222223 0.240625 0.8310185185185185 0.23671875 0.8222222222222222 0.21744791666666666 0.8268518518518518 0.20807291666666666 0.8231481481481482 0.2046875 0.8300925925925926 0.20572916666666666 0.8662037037037037 0.20390625 0.8722222222222222 0.19739583333333333 0.8782407407407408 0.196875 0.9004629629629629 0.1984375 0.9199074074074074 0.20026041666666666 0.925 0.20572916666666666 0.9282407407407407 0.20833333333333334 0.9412037037037037 0.20520833333333333 0.9486111111111111 0.20833333333333334 0.950462962962963 0.21145833333333333 0.9662037037037037 0.21302083333333333 0.9662037037037037 0.22057291666666667 0.9601851851851851 0.23203125 0.9592592592592593