3 0.20364583333333333 0.21064814814814814 0.19713541666666667 0.20185185185185187 0.18828125 0.20462962962962963 0.18489583333333334 0.2152777777777778 0.1859375 0.22361111111111112 0.19140625 0.2324074074074074 0.1984375 0.23287037037037037 0.20416666666666666 0.22453703703703703 0.20364583333333333 0.21064814814814814
3 0.4119791666666667 0.18472222222222223 0.4080729166666667 0.175 0.40130208333333334 0.17314814814814813 0.3953125 0.18194444444444444 0.39479166666666665 0.1912037037037037 0.3997395833333333 0.2037037037037037 0.4046875 0.2050925925925926 0.4109375 0.1986111111111111 0.4119791666666667 0.18472222222222223
3 0.6385416666666667 0.1375 0.63515625 0.12962962962962962 0.6299479166666667 0.12777777777777777 0.6234375 0.13564814814814816 0.6223958333333334 0.1476851851851852 0.6268229166666667 0.1574074074074074 0.6317708333333333 0.15787037037037038 0.6380208333333334 0.1486111111111111 0.6385416666666667 0.1375
3 0.7088541666666667 0.31712962962962965 0.70546875 0.30925925925925923 0.69921875 0.3074074074074074 0.69375 0.31342592592592594 0.6912626385416666 0.3239176731481482 0.6944075182291667 0.3352516296296296 0.7026041666666667 0.33564814814814814 0.7078125 0.3282407407407407 0.7088541666666667 0.31712962962962965
3 0.7557291666666667 0.399537037037037 0.7513020833333334 0.39166666666666666 0.7450520833333333 0.3907407407407407 0.7395833333333334 0.399537037037037 0.7395833333333334 0.41064814814814815 0.7434895833333334 0.4185185185185185 0.7494791666666667 0.41898148148148145 0.7552083333333334 0.41064814814814815 0.7557291666666667 0.399537037037037
3 0.5369791666666667 0.5921296296296297 0.53359375 0.5833333333333334 0.5263020833333333 0.5814814814814815 0.5213541666666667 0.5893518518518519 0.5213541666666667 0.600462962962963 0.5247395833333334 0.6083333333333333 0.5307291666666667 0.6097222222222223 0.5354166666666667 0.6041666666666666 0.5369791666666667 0.5921296296296297
3 0.5026041666666666 0.9115740740740741 0.4981770833333333 0.9037037037037037 0.49244791666666665 0.9027777777777778 0.48854166666666665 0.9069444444444444 0.4864583333333333 0.9208333333333333 0.4903645833333333 0.9314814814814815 0.4953125 0.9328703703703703 0.5020833333333333 0.9263888888888889 0.5026041666666666 0.9115740740740741
3 0.46875 0.9236111111111112 0.4671875 0.9078703703703703 0.4627604166666667 0.9027777777777778 0.45598958333333334 0.9055555555555556 0.45208333333333334 0.9162037037037037 0.45364583333333336 0.9291666666666667 0.46041666666666664 0.9347222222222222 0.46588541666666666 0.9314814814814815 0.46875 0.9236111111111112
3 0.1984375 0.9013888888888889 0.19505208333333332 0.8925925925925926 0.18828125 0.8898148148148148 0.18020833333333333 0.8986111111111111 0.17864583333333334 0.913425925925926 0.18203125 0.9212962962962963 0.1890625 0.9236111111111112 0.19791666666666666 0.913425925925926 0.1984375 0.9013888888888889
3 0.20989583333333334 0.9282407407407407 0.20833333333333334 0.9180555555555555 0.20338541666666668 0.9120370370370371 0.19557291666666668 0.9148148148148149 0.19010416666666666 0.9273148148148148 0.19296875 0.9416666666666667 0.20104166666666667 0.9430555555555555 0.20755208333333333 0.937962962962963 0.20989583333333334 0.9282407407407407
1 0.41770833333333335 0.5254629629629629 0.4200520833333333 0.5175925925925926 0.4244791666666667 0.5171296296296296 0.425 0.5097222222222222 0.41822916666666665 0.5041666666666667 0.41770833333333335 0.48657407407407405 0.4205729166666667 0.48333333333333334 0.4231770833333333 0.49074074074074076 0.42604166666666665 0.48842592592592593 0.4192708333333333 0.4736111111111111 0.4278645833333333 0.462037037037037 0.4356770833333333 0.4601851851851852 0.4393229166666667 0.4638888888888889 0.4401041666666667 0.44675925925925924 0.42994791666666665 0.43796296296296294 0.42916666666666664 0.44027777777777777 0.4328125 0.44583333333333336 0.4328125 0.4532407407407407 0.4234375 0.4550925925925926 0.42083333333333334 0.43842592592592594 0.4244791666666667 0.43287037037037035 0.4192708333333333 0.4273148148148148 0.4161458333333333 0.4125 0.4270833333333333 0.39861111111111114 0.42135416666666664 0.36342592592592593 0.4200520833333333 0.3592592592592593 0.4075520833333333 0.3611111111111111 0.40572916666666664 0.3578703703703704 0.3963541666666667 0.30324074074074076 0.38828125 0.2916666666666667 0.3846354166666667 0.28888888888888886 0.38046875 0.29074074074074074 0.3770833333333333 0.2791666666666667 0.37604166666666666 0.27175925925925926 0.37838541666666664 0.26481481481481484 0.3924479166666667 0.2574074074074074 0.3958333333333333 0.2513888888888889 0.39166666666666666 0.24212962962962964 0.3880208333333333 0.22361111111111112 0.3890625 0.20972222222222223 0.38046875 0.20462962962962963 0.3684895833333333 0.2111111111111111 0.3606770833333333 0.19814814814814816 0.34453125 0.2037037037037037 0.3380208333333333 0.20972222222222223 0.33619791666666665 0.22685185185185186 0.31744791666666666 0.23703703703703705 0.31666666666666665 0.2449074074074074 0.32083333333333336 0.2513888888888889 0.32395833333333335 0.26342592592592595 0.321875 0.2791666666666667 0.32421875 0.28703703703703703 0.3294270833333333 0.28888888888888886 0.34401041666666665 0.2814814814814815 0.3494791666666667 0.2847222222222222 0.35052083333333334 0.300462962962963 0.3458333333333333 0.30694444444444446 0.34322916666666664 0.3199074074074074 0.34322916666666664 0.32916666666666666 0.35260416666666666 0.3699074074074074 0.35208333333333336 0.38101851851851853 0.34322916666666664 0.3912037037037037 0.346875 0.425462962962963 0.34921875 0.43333333333333335 0.3572916666666667 0.43194444444444446 0.35833333333333334 0.44675925925925924 0.35520833333333335 0.4550925925925926 0.3614583333333333 0.4625 0.36770833333333336 0.4875 0.3731770833333333 0.48703703703703705 0.37447916666666664 0.49027777777777776 0.3731770833333333 0.5018518518518519 0.36666666666666664 0.5023148148148148 0.3807291666666667 0.5097222222222222 0.38177083333333334 0.5162037037037037 0.37916666666666665 0.5300925925925926 0.3841145833333333 0.537962962962963 0.38828125 0.5342592592592592 0.3927083333333333 0.5412037037037037 0.4 0.5884259259259259 0.40390625 0.5944444444444444 0.4140625 0.5949074074074074 0.4239583333333333 0.5856481481481481 0.41770833333333335 0.5254629629629629
0 0.8197916666666667 0.1337962962962963 0.81484375 0.1287037037037037 0.8059895833333334 0.13240740740740742 0.8026041666666667 0.1439814814814815 0.8059895833333334 0.15648148148148147 0.8119791666666667 0.1587962962962963 0.8197916666666667 0.14675925925925926 0.8197916666666667 0.1337962962962963