3 0.19739583333333333 0.05694444444444444 0.19088541666666667 0.04814814814814815 0.18359375 0.049074074074074076 0.18020833333333333 0.056018518518518516 0.18125 0.0699074074074074 0.18671875 0.07777777777777778 0.19270833333333334 0.07824074074074074 0.19791666666666666 0.0699074074074074 0.19739583333333333 0.05694444444444444
3 0.19583333333333333 0.13287037037037036 0.18880208333333334 0.1259259259259259 0.18359375 0.12777777777777777 0.17916666666666667 0.13842592592592592 0.18072916666666666 0.14953703703703702 0.18567708333333333 0.15648148148148147 0.19270833333333334 0.15694444444444444 0.19791666666666666 0.1476851851851852 0.19583333333333333 0.13287037037037036
3 0.2484375 0.2763888888888889 0.24140625 0.26851851851851855 0.23411458333333332 0.2712962962962963 0.23125 0.27824074074074073 0.23177083333333334 0.28935185185185186 0.23723958333333334 0.29814814814814816 0.24427083333333333 0.2986111111111111 0.24947916666666667 0.28935185185185186 0.2484375 0.2763888888888889
3 0.46979166666666666 0.10972222222222222 0.46536458333333336 0.09907407407407408 0.45859375 0.09814814814814815 0.45416666666666666 0.1050925925925926 0.45416666666666666 0.11898148148148148 0.4591145833333333 0.12777777777777777 0.46458333333333335 0.12731481481481483 0.46822916666666664 0.12268518518518519 0.46979166666666666 0.10972222222222222
3 0.40625 0.48842592592592593 0.40338541666666666 0.4777777777777778 0.3966145833333333 0.4740740740740741 0.39010416666666664 0.4810185185185185 0.3890625 0.48842592592592593 0.3924479166666667 0.5009259259259259 0.3984375 0.5032407407407408 0.40520833333333334 0.49675925925925923 0.40625 0.48842592592592593
3 0.4328125 0.5236111111111111 0.4283854166666667 0.5148148148148148 0.4205729166666667 0.5157407407407407 0.4171875 0.5226851851851851 0.4171875 0.5337962962962963 0.42265625 0.5425925925925926 0.4276041666666667 0.5421296296296296 0.4317708333333333 0.5365740740740741 0.4328125 0.5236111111111111
3 0.5234375 0.3773148148148148 0.5190104166666667 0.37037037037037035 0.51328125 0.37037037037037035 0.5088541666666667 0.37824074074074077 0.5088541666666667 0.38842592592592595 0.5127604166666667 0.3962962962962963 0.51875 0.3976851851851852 0.5234375 0.3902777777777778 0.5234375 0.3773148148148148
3 0.6489583333333333 0.11342592592592593 0.6466145833333333 0.10740740740740741 0.6388020833333333 0.10648148148148148 0.6338541666666667 0.1162037037037037 0.634375 0.12824074074074074 0.63828125 0.13425925925925927 0.6442708333333333 0.1337962962962963 0.6489583333333333 0.12546296296296297 0.6489583333333333 0.11342592592592593
3 0.6541666666666667 0.3087962962962963 0.6502604166666667 0.30092592592592593 0.64296875 0.30092592592592593 0.6385416666666667 0.30972222222222223 0.6385416666666667 0.3199074074074074 0.64296875 0.3287037037037037 0.6494791666666667 0.3282407407407407 0.6541666666666667 0.3189814814814815 0.6541666666666667 0.3087962962962963
3 0.540625 0.8300925925925926 0.53671875 0.8185185185185185 0.5299479166666666 0.8157407407407408 0.5244791666666667 0.825462962962963 0.5244791666666667 0.836574074074074 0.5278645833333333 0.8444444444444444 0.534375 0.8458333333333333 0.5390625 0.8402777777777778 0.540625 0.8300925925925926
3 0.7473958333333334 0.7662037037037037 0.7440104166666667 0.7592592592592593 0.7372395833333333 0.7564814814814815 0.7317708333333334 0.7643518518518518 0.7317708333333334 0.774537037037037 0.73671875 0.7842592592592592 0.7427083333333333 0.7847222222222222 0.7473958333333334 0.7773148148148148 0.7473958333333334 0.7662037037037037
0 0.5015625 0.16342592592592592 0.49765625 0.1537037037037037 0.49244791666666665 0.15185185185185185 0.4869791666666667 0.15787037037037038 0.48541666666666666 0.16805555555555557 0.48984375 0.18055555555555555 0.4953125 0.18194444444444444 0.5005208333333333 0.17546296296296296 0.5015625 0.16342592592592592