3 0.24791666666666667 0.274537037037037 0.24036458333333333 0.2675925925925926 0.23307291666666666 0.2722222222222222 0.23125 0.28379629629629627 0.23333333333333334 0.29212962962962963 0.23828125 0.29814814814814816 0.24479166666666666 0.29768518518518516 0.25 0.2865740740740741 0.24791666666666667 0.274537037037037
3 0.4609375 0.14583333333333334 0.45807291666666666 0.1388888888888889 0.45078125 0.1361111111111111 0.446875 0.1412037037037037 0.4453125 0.15416666666666667 0.44973958333333336 0.1648148148148148 0.4552083333333333 0.16620370370370371 0.45989583333333334 0.16064814814814815 0.4609375 0.14583333333333334
3 0.55625 0.13935185185185187 0.5528645833333333 0.13055555555555556 0.54765625 0.1287037037037037 0.5416666666666666 0.13564814814814816 0.540625 0.1476851851851852 0.5450520833333333 0.15833333333333333 0.55 0.1587962962962963 0.5552083333333333 0.15231481481481482 0.55625 0.13935185185185187
3 0.7505208333333333 0.12638888888888888 0.7466145833333333 0.11666666666666667 0.74140625 0.11574074074074074 0.7359375 0.12268518518518519 0.734375 0.13472222222222222 0.7372395833333333 0.1425925925925926 0.74375 0.1439814814814815 0.7484375 0.13935185185185187 0.7505208333333333 0.12638888888888888
3 0.6864583333333333 0.29953703703703705 0.6825520833333333 0.28703703703703703 0.6768229166666667 0.2861111111111111 0.6713541666666667 0.29305555555555557 0.6697916666666667 0.3013888888888889 0.6736979166666667 0.31296296296296294 0.6796875 0.3143518518518518 0.6854166666666667 0.30694444444444446 0.6864583333333333 0.29953703703703705
3 0.6427083333333333 0.43472222222222223 0.6393229166666666 0.42685185185185187 0.6325520833333333 0.425 0.6270833333333333 0.43287037037037035 0.6265625 0.44305555555555554 0.6299479166666667 0.45092592592592595 0.6364583333333333 0.45231481481481484 0.6421875 0.44583333333333336 0.6427083333333333 0.43472222222222223
3 0.6682291666666667 0.5847222222222223 0.6653645833333334 0.5777777777777777 0.65859375 0.575 0.653125 0.5810185185185185 0.6520833333333333 0.5939814814814814 0.6559895833333333 0.6027777777777777 0.6614583333333334 0.6041666666666666 0.6671875 0.5986111111111111 0.6682291666666667 0.5847222222222223
3 0.43854166666666666 0.5087962962962963 0.43359375 0.5 0.4278645833333333 0.5 0.4234375 0.5060185185185185 0.42239583333333336 0.5171296296296296 0.42630208333333336 0.5268518518518519 0.4328125 0.5282407407407408 0.4375 0.5226851851851851 0.43854166666666666 0.5087962962962963
3 0.45989583333333334 0.3837962962962963 0.4549479166666667 0.37407407407407406 0.44921875 0.37407407407407406 0.44375 0.3837962962962963 0.44427083333333334 0.3921296296296296 0.44765625 0.4 0.453125 0.4013888888888889 0.4588541666666667 0.3958333333333333 0.45989583333333334 0.3837962962962963
3 0.6385416666666667 0.6393518518518518 0.63359375 0.6305555555555555 0.6278645833333333 0.6305555555555555 0.6234375 0.638425925925926 0.6234375 0.649537037037037 0.6278645833333333 0.6574074074074074 0.6333333333333333 0.6578703703703703 0.6385416666666667 0.6504629629629629 0.6385416666666667 0.6393518518518518
3 0.6072916666666667 0.6763888888888889 0.60234375 0.6666666666666666 0.59609375 0.6666666666666666 0.5921875 0.6736111111111112 0.5921875 0.6865740740740741 0.5966145833333333 0.6935185185185185 0.6020833333333333 0.6939814814814815 0.60625 0.6884259259259259 0.6072916666666667 0.6763888888888889
0 0.7645833333333333 0.7208333333333333 0.7606770833333333 0.7111111111111111 0.75234375 0.7092592592592593 0.7484375 0.7152777777777778 0.7479166666666667 0.7273148148148149 0.75234375 0.7361111111111112 0.7588541666666667 0.7375 0.7635416666666667 0.7328703703703704 0.7645833333333333 0.7208333333333333