3 0.6463541666666667 0.10787037037037037 0.64296875 0.09814814814814815 0.6393229166666666 0.0962962962962963 0.6322916666666667 0.10324074074074074 0.6307291666666667 0.11342592592592593 0.63515625 0.1259259259259259 0.6395833333333333 0.12638888888888888 0.6458333333333334 0.11805555555555555 0.6463541666666667 0.10787037037037037
3 0.5130208333333334 0.3578703703703704 0.5075520833333333 0.34814814814814815 0.50234375 0.3490740740740741 0.4979166666666667 0.3560185185185185 0.4979166666666667 0.36898148148148147 0.5018229166666667 0.37592592592592594 0.5078125 0.3763888888888889 0.5125 0.3699074074074074 0.5130208333333334 0.3578703703703704
3 0.4583333333333333 0.3625 0.45338541666666665 0.3527777777777778 0.4471354166666667 0.3527777777777778 0.4432291666666667 0.3587962962962963 0.4432291666666667 0.37083333333333335 0.4471354166666667 0.37962962962962965 0.45260416666666664 0.3800925925925926 0.4578125 0.3726851851851852 0.4583333333333333 0.3625
3 0.22708333333333333 0.7652777777777777 0.22317708333333333 0.7574074074074074 0.21848958333333332 0.7555555555555555 0.2109375 0.7615740740740741 0.20833333333333334 0.7754629629629629 0.21223958333333334 0.7851851851851852 0.21979166666666666 0.7865740740740741 0.22604166666666667 0.7791666666666667 0.22708333333333333 0.7652777777777777
3 0.1828125 0.8569444444444444 0.1828125 0.8449074074074074 0.17734375 0.8361111111111111 0.16901041666666666 0.8379629629629629 0.16354166666666667 0.850462962962963 0.16458333333333333 0.8625 0.16901041666666666 0.8685185185185185 0.1734375 0.8689814814814815 0.17890625 0.8657407407407407 0.1828125 0.8569444444444444
3 0.17135416666666667 0.9152777777777777 0.17135416666666667 0.9041666666666667 0.16588541666666667 0.8953703703703704 0.15703125 0.8981481481481481 0.153125 0.9069444444444444 0.15416666666666667 0.9236111111111112 0.16145833333333334 0.9282407407407407 0.16796875 0.924074074074074 0.17135416666666667 0.9152777777777777
3 0.5395833333333333 0.5791666666666667 0.53671875 0.5712962962962963 0.5299479166666666 0.5685185185185185 0.525 0.5745370370370371 0.5239583333333333 0.5875 0.5268229166666667 0.5944444444444444 0.5338541666666666 0.5967592592592592 0.5380208333333333 0.5921296296296297 0.5395833333333333 0.5791666666666667
3 0.659375 0.4791666666666667 0.65703125 0.46944444444444444 0.6497395833333334 0.46574074074074073 0.6442708333333333 0.47175925925925927 0.6432291666666666 0.4847222222222222 0.6471354166666666 0.4935185185185185 0.6526041666666667 0.49398148148148147 0.6583333333333333 0.48842592592592593 0.659375 0.4791666666666667
3 0.6098958333333333 0.5856481481481481 0.6065104166666667 0.5777777777777777 0.6002604166666666 0.575 0.5947916666666667 0.5819444444444445 0.5942708333333333 0.5939814814814814 0.5986979166666667 0.6037037037037037 0.6041666666666666 0.6041666666666666 0.6088541666666667 0.5986111111111111 0.6098958333333333 0.5856481481481481
3 0.5989583333333334 0.6208333333333333 0.59453125 0.6129629629629629 0.5877604166666667 0.6129629629629629 0.5838541666666667 0.6208333333333333 0.584375 0.6337962962962963 0.58828125 0.6398148148148148 0.59375 0.6402777777777777 0.5984375 0.6328703703703704 0.5989583333333334 0.6208333333333333
3 0.7130208333333333 0.8430555555555556 0.7096354166666666 0.8342592592592593 0.7013020833333333 0.8314814814814815 0.696875 0.8393518518518519 0.696875 0.8486111111111111 0.70078125 0.8583333333333333 0.7067708333333333 0.8606481481481482 0.7125 0.8532407407407407 0.7130208333333333 0.8430555555555556
0 0.7875 0.7587962962962963 0.7815104166666667 0.75 0.7752604166666667 0.75 0.7708333333333334 0.7578703703703704 0.7708333333333334 0.7671296296296296 0.7752604166666667 0.7768518518518519 0.7817708333333333 0.7791666666666667 0.7875 0.7717592592592593 0.7875 0.7587962962962963
1 0.7200520833333334 0.45092592592592595 0.7278645833333334 0.4583333333333333 0.7403645833333333 0.4546296296296296 0.7528645833333333 0.43703703703703706 0.7622395833333333 0.42962962962962964 0.7697916666666667 0.4050925925925926 0.7661458333333333 0.40046296296296297 0.75859375 0.3731481481481482 0.7369791666666666 0.37546296296296294 0.7359375 0.3699074074074074 0.7395833333333334 0.35694444444444445 0.7385416666666667 0.34953703703703703 0.7346354166666667 0.3435185185185185 0.7299479166666667 0.3435185185185185 0.7270833333333333 0.3375 0.7203125 0.2967592592592593 0.721875 0.27824074074074073 0.7166666666666667 0.25046296296296294 0.7265625 0.2375 0.7192708333333333 0.2273148148148148 0.7166666666666667 0.20972222222222223 0.7106770833333333 0.20277777777777778 0.6981770833333333 0.2064814814814815 0.6888020833333334 0.2 0.6729166666666667 0.1375 0.6690104166666667 0.13240740740740742 0.66328125 0.13240740740740742 0.6565104166666667 0.13796296296296295 0.6520833333333333 0.14675925925925926 0.6515625 0.15324074074074073 0.6609375 0.19490740740740742 0.6604166666666667 0.2023148148148148 0.6513020833333333 0.2074074074074074 0.6489583333333333 0.2162037037037037 0.6572916666666667 0.2513888888888889 0.6424479166666667 0.25555555555555554 0.6356770833333333 0.2462962962962963 0.6348958333333333 0.2513888888888889 0.64140625 0.2611111111111111 0.653125 0.2662037037037037 0.653125 0.29953703703703705 0.659375 0.31342592592592594 0.6481770833333333 0.3175925925925926 0.6447916666666667 0.3226851851851852 0.6427083333333333 0.33287037037037037 0.6432291666666666 0.34675925925925927 0.6471354166666666 0.3592592592592593 0.6518229166666667 0.3611111111111111 0.66171875 0.3574074074074074 0.6645833333333333 0.3476851851851852 0.66796875 0.3453703703703704 0.6723958333333333 0.3578703703703704 0.6697916666666667 0.37083333333333335 0.6736979166666667 0.37777777777777777 0.6924479166666667 0.3851851851851852 0.6963541666666667 0.3902777777777778 0.6973958333333333 0.4041666666666667 0.6927083333333334 0.4199074074074074 0.7 0.4449074074074074 0.6994791666666667 0.46064814814814814 0.703125 0.4634259259259259 0.71015625 0.45555555555555555 0.7200520833333334 0.45092592592592595