3 0.6463541666666667 0.10694444444444444 0.64296875 0.09814814814814815 0.6388020833333333 0.0962962962962963 0.6322916666666667 0.10324074074074074 0.6307291666666667 0.1125 0.63515625 0.1259259259259259 0.6401041666666667 0.12638888888888888 0.6453125 0.11990740740740741 0.6463541666666667 0.10694444444444444
3 0.5130208333333334 0.35694444444444445 0.5091145833333334 0.3490740740740741 0.5018229166666667 0.3490740740740741 0.4979166666666667 0.35694444444444445 0.4979166666666667 0.36898148148148147 0.5018229166666667 0.37592592592592594 0.5078125 0.3763888888888889 0.5130208333333334 0.3680555555555556 0.5130208333333334 0.35694444444444445
3 0.4583333333333333 0.36157407407407405 0.4544270833333333 0.3537037037037037 0.44869791666666664 0.35185185185185186 0.4432291666666667 0.3587962962962963 0.4427083333333333 0.36712962962962964 0.4471354166666667 0.37962962962962965 0.45260416666666664 0.3800925925925926 0.4578125 0.3726851851851852 0.4583333333333333 0.36157407407407405
3 0.42864583333333334 0.4041666666666667 0.42421875 0.39166666666666666 0.41744791666666664 0.3907407407407407 0.4125 0.3976851851851852 0.4119791666666667 0.40879629629629627 0.4158854166666667 0.4185185185185185 0.4203125 0.4199074074074074 0.4276041666666667 0.4134259259259259 0.42864583333333334 0.4041666666666667
3 0.6375 0.41064814814814815 0.6330729166666667 0.40185185185185185 0.6268229166666667 0.40185185185185185 0.621875 0.41064814814814815 0.621875 0.4199074074074074 0.6268229166666667 0.4287037037037037 0.6322916666666667 0.42824074074074076 0.6369791666666667 0.42083333333333334 0.6375 0.41064814814814815
3 0.6770833333333334 0.4236111111111111 0.6716145833333333 0.41388888888888886 0.66640625 0.4148148148148148 0.6609375 0.425462962962963 0.6614583333333334 0.43287037037037035 0.66484375 0.44074074074074077 0.671875 0.4412037037037037 0.6770833333333334 0.43287037037037035 0.6770833333333334 0.4236111111111111
3 0.65625 0.48657407407407405 0.6518229166666667 0.48055555555555557 0.6434895833333333 0.48333333333333334 0.6411458333333333 0.49212962962962964 0.6427083333333333 0.5041666666666667 0.6466145833333333 0.5083333333333333 0.6526041666666667 0.5078703703703704 0.6572916666666667 0.4976851851851852 0.65625 0.48657407407407405
3 0.6098958333333333 0.586574074074074 0.6065104166666667 0.5777777777777777 0.6002604166666666 0.575 0.5947916666666667 0.5819444444444445 0.59375 0.5921296296296297 0.5986979166666667 0.6037037037037037 0.603125 0.6041666666666666 0.6083333333333333 0.5995370370370371 0.6098958333333333 0.586574074074074
3 0.5395833333333333 0.5782407407407407 0.5361979166666667 0.5703703703703704 0.5294270833333333 0.5685185185185185 0.525 0.5745370370370371 0.5239583333333333 0.586574074074074 0.5278645833333333 0.5953703703703703 0.5338541666666666 0.5967592592592592 0.5390625 0.5893518518518519 0.5395833333333333 0.5782407407407407
3 0.5984375 0.6208333333333333 0.5940104166666667 0.6129629629629629 0.5877604166666667 0.6129629629629629 0.5833333333333334 0.6217592592592592 0.5838541666666667 0.6337962962962963 0.58828125 0.6407407407407407 0.59375 0.6402777777777777 0.5984375 0.6310185185185185 0.5984375 0.6208333333333333
3 0.7125 0.8412037037037037 0.7080729166666667 0.8324074074074074 0.7013020833333333 0.8314814814814815 0.6973958333333333 0.8375 0.6973958333333333 0.8513888888888889 0.7018229166666666 0.8592592592592593 0.7078125 0.8597222222222223 0.7130208333333333 0.8513888888888889 0.7125 0.8412037037037037
0 0.7875 0.7587962962962963 0.7815104166666667 0.75 0.7752604166666667 0.75 0.7708333333333334 0.7587962962962963 0.7708333333333334 0.7671296296296296 0.7763020833333333 0.7777777777777778 0.78125 0.7791666666666667 0.7864583333333334 0.774537037037037 0.7875 0.7587962962962963
1 0.26145833333333335 0.9087962962962963 0.26145833333333335 0.899537037037037 0.246875 0.8523148148148149 0.24869791666666666 0.8481481481481481 0.25494791666666666 0.8453703703703703 0.2578125 0.836574074074074 0.25364583333333335 0.8236111111111111 0.2546875 0.8152777777777778 0.2513020833333333 0.8055555555555556 0.234375 0.8023148148148148 0.2677083333333333 0.7921296296296296 0.2669270833333333 0.7861111111111111 0.25494791666666666 0.787962962962963 0.25052083333333336 0.7847222222222222 0.24739583333333334 0.7754629629629629 0.2453125 0.7458333333333333 0.23802083333333332 0.7328703703703704 0.23645833333333333 0.7180555555555556 0.23333333333333334 0.711574074074074 0.234375 0.7032407407407407 0.23229166666666667 0.6976851851851852 0.23567708333333334 0.6898148148148148 0.23932291666666666 0.712037037037037 0.24557291666666667 0.7083333333333334 0.24713541666666666 0.7037037037037037 0.24791666666666667 0.711574074074074 0.2513020833333333 0.7138888888888889 0.25364583333333335 0.7060185185185185 0.2515625 0.6875 0.24713541666666666 0.6759259259259259 0.24088541666666666 0.6759259259259259 0.23619791666666667 0.6824074074074075 0.23098958333333333 0.6833333333333333 0.228125 0.6912037037037037 0.23072916666666668 0.6976851851851852 0.22369791666666666 0.7046296296296296 0.2203125 0.6921296296296297 0.21588541666666666 0.6898148148148148 0.21354166666666666 0.6837962962962963 0.2203125 0.6717592592592593 0.21953125 0.6666666666666666 0.20390625 0.6555555555555556 0.19088541666666667 0.6537037037037037 0.18151041666666667 0.6435185185185185 0.17265625 0.6481481481481481 0.16901041666666666 0.6425925925925926 0.18645833333333334 0.6143518518518518 0.18645833333333334 0.6069444444444444 0.17760416666666667 0.5800925925925926 0.17526041666666667 0.5648148148148148 0.17265625 0.5638888888888889 0.15390625 0.5824074074074074 0.14921875 0.5824074074074074 0.14609375 0.575925925925926 0.14036458333333332 0.575 0.12578125 0.5861111111111111 0.11770833333333333 0.5976851851851852 0.11666666666666667 0.6087962962962963 0.11067708333333333 0.6138888888888889 0.1 0.6337962962962963 0.1 0.6421296296296296 0.11145833333333334 0.6689814814814815 0.11145833333333334 0.6763888888888889 0.11536458333333334 0.6787037037037037 0.13307291666666668 0.6657407407407407 0.13802083333333334 0.6708333333333333 0.14166666666666666 0.6847222222222222 0.1375 0.6976851851851852 0.14192708333333334 0.7083333333333334 0.14505208333333333 0.7111111111111111 0.15338541666666666 0.7083333333333334 0.1578125 0.7189814814814814 0.16666666666666666 0.7671296296296296 0.1671875 0.7810185185185186 0.17239583333333333 0.7949074074074074 0.17135416666666667 0.8050925925925926 0.16588541666666667 0.8083333333333333 0.1625 0.8162037037037037 0.16302083333333334 0.8226851851851852 0.16692708333333334 0.825925925925926 0.16666666666666666 0.8143518518518519 0.17317708333333334 0.8074074074074075 0.18385416666666668 0.8375 0.18255208333333334 0.8425925925925926 0.17552083333333332 0.8430555555555556 0.1765625 0.8578703703703704 0.18072916666666666 0.8569444444444444 0.18307291666666667 0.8444444444444444 0.18828125 0.8462962962962963 0.19192708333333333 0.8407407407407408 0.19609375 0.8435185185185186 0.1953125 0.8532407407407407 0.19765625 0.8583333333333333 0.21119791666666668 0.8694444444444445 0.21614583333333334 0.8680555555555556 0.2359375 0.9254629629629629 0.24479166666666666 0.9328703703703703 0.2518229166666667 0.9296296296296296 0.26145833333333335 0.9087962962962963