3 0.8171875 0.15138888888888888 0.8177083333333334 0.1412037037037037 0.81484375 0.13425925925925927 0.80703125 0.13333333333333333 0.8020833333333334 0.14027777777777778 0.8010416666666667 0.15324074074074073 0.8083333333333333 0.16157407407407406 0.8138020833333334 0.15925925925925927 0.8171875 0.15138888888888888
1 0.7614583333333333 0.3560185185185185 0.7598958333333333 0.3421296296296296 0.7651041666666667 0.32916666666666666 0.7635416666666667 0.32083333333333336 0.765625 0.31342592592592594 0.7846354166666667 0.28425925925925927 0.7895833333333333 0.28564814814814815 0.7864583333333334 0.29305555555555557 0.78828125 0.2972222222222222 0.796875 0.2800925925925926 0.7979166666666667 0.26805555555555555 0.7932291666666667 0.2375 0.8020833333333334 0.22361111111111112 0.8005208333333333 0.2013888888888889 0.809375 0.17731481481481481 0.8046439671875 0.1621941712962963 0.7996686104166667 0.15699038611111113 0.7919270833333333 0.15648148148148147 0.784375 0.16898148148148148 0.7815104166666667 0.18055555555555555 0.76953125 0.1925925925925926 0.7653645833333333 0.1824074074074074 0.7611979166666667 0.1824074074074074 0.75703125 0.1935185185185185 0.75234375 0.1935185185185185 0.74140625 0.1787037037037037 0.7369791666666666 0.19398148148148148 0.7421875 0.20787037037037037 0.740625 0.21712962962962962 0.7276041666666667 0.2375 0.72578125 0.24444444444444444 0.71796875 0.2351851851851852 0.7106770833333333 0.2351851851851852 0.6979166666666666 0.25972222222222224 0.6973958333333333 0.2662037037037037 0.7083333333333334 0.2791666666666667 0.7046875 0.29212962962962963 0.7057291666666666 0.300462962962963 0.70234375 0.30277777777777776 0.6927083333333334 0.32175925925925924 0.6901041666666666 0.33564814814814814 0.69453125 0.337037037037037 0.7046875 0.35509259259259257 0.7057291666666666 0.36527777777777776 0.71015625 0.375 0.7231770833333333 0.38333333333333336 0.7330729166666666 0.3990740740740741 0.7390625 0.4013888888888889 0.7572916666666667 0.37546296296296294 0.7614583333333333 0.3560185185185185
3 0.5184012255208333 0.1091021787037037 0.5155366421875 0.10030588240740741 0.5087658088541667 0.09752810462962963 0.5032970588541666 0.105398475 0.5027762255208333 0.11743551203703705 0.5072033088541666 0.12715773425925928 0.5121512255208333 0.12762069722222222 0.5173595588541666 0.12113921574074074 0.5184012255208333 0.1091021787037037
3 0.50625 0.17759795 0.5057291666666667 0.16463498703703705 0.5002604166666667 0.1576905425925926 0.49505208333333334 0.15861646851851852 0.490625 0.16833869074074076 0.4921875 0.18222757962962963 0.4984375 0.1877831351851852 0.50234375 0.1863942462962963 0.50625 0.17759795
3 0.20885416666666667 0.32851667037037036 0.20442708333333334 0.31972037407407405 0.19557291666666668 0.3187944481481481 0.19010416666666666 0.3275907444444444 0.19010416666666666 0.3368500037037037 0.19661458333333334 0.3484240777777778 0.20052083333333334 0.34888704074074073 0.20833333333333334 0.3414796333333333 0.20885416666666667 0.32851667037037036
3 0.19635416666666666 0.3486111111111111 0.19036458333333334 0.33796296296296297 0.18307291666666667 0.33796296296296297 0.17760416666666667 0.3486111111111111 0.178125 0.35694444444444445 0.18307291666666667 0.36666666666666664 0.18958333333333333 0.36712962962962964 0.19583333333333333 0.36064814814814816 0.19635416666666666 0.3486111111111111
3 0.24322916666666666 0.7526168824074074 0.23932291666666666 0.7419687342592592 0.23359375 0.7401168824074074 0.225 0.7489131787037037 0.22395833333333334 0.7609502157407407 0.22682291666666668 0.7688205861111111 0.23541666666666666 0.7711354009259259 0.240625 0.7655798453703704 0.24322916666666666 0.7526168824074074
3 0.3609375 0.7810185185185186 0.35651041666666666 0.7703703703703704 0.3497395833333333 0.7694444444444445 0.34427083333333336 0.7773148148148148 0.34322916666666664 0.788425925925926 0.34661458333333334 0.7981481481481482 0.353125 0.799537037037037 0.35885416666666664 0.7921296296296296 0.3609375 0.7810185185185186
3 0.565625 0.9078703703703703 0.5611979166666666 0.9009259259259259 0.5549479166666667 0.9018518518518519 0.5510416666666667 0.9097222222222222 0.5510416666666667 0.9226851851851852 0.5559895833333334 0.9314814814814815 0.5619791666666667 0.9310185185185185 0.5666666666666667 0.9208333333333333 0.565625 0.9078703703703703
3 0.6083333333333333 0.8921296296296296 0.6044270833333333 0.8824074074074074 0.5981770833333333 0.8805555555555555 0.5932291666666667 0.8865740740740741 0.5921875 0.899537037037037 0.5966145833333333 0.9092592592592592 0.6026041666666667 0.9106481481481481 0.6072916666666667 0.9050925925925926 0.6083333333333333 0.8921296296296296
3 0.7494791666666667 0.8844198722222222 0.7455729166666667 0.8774754277777778 0.7393229166666667 0.8765495018518519 0.7348958333333333 0.8825680203703703 0.7338541666666667 0.8927532055555555 0.7377604166666667 0.9024754277777778 0.7458333333333333 0.9047902425925926 0.75 0.8973828351851851 0.7494791666666667 0.8844198722222222
3 0.5171875 0.48935185185185187 0.51328125 0.48148148148148145 0.50703125 0.48055555555555557 0.5026041666666666 0.48842592592592593 0.503125 0.49953703703703706 0.5059895833333333 0.5074074074074074 0.5114583333333333 0.5078703703703704 0.5161458333333333 0.5032407407407408 0.5171875 0.48935185185185187
0 0.6526041666666667 0.7199074074074074 0.6486979166666667 0.7111111111111111 0.64296875 0.7092592592592593 0.6375 0.7162037037037037 0.6364583333333333 0.7273148148148149 0.6403645833333333 0.737037037037037 0.6473958333333333 0.7384259259259259 0.6515625 0.7337962962962963 0.6526041666666667 0.7199074074074074