3 0.5182291666666666 0.1087962962962963 0.5138020833333333 0.09814814814814815 0.5091145833333334 0.09722222222222222 0.503125 0.1050925925925926 0.5026041666666666 0.11712962962962963 0.50703125 0.12685185185185185 0.5119791666666667 0.12731481481481483 0.5171875 0.12083333333333333 0.5182291666666666 0.1087962962962963
3 0.50625 0.17731481481481481 0.5057291666666667 0.16435185185185186 0.5002604166666667 0.1574074074074074 0.49453125 0.15925925925925927 0.490625 0.16805555555555557 0.4921875 0.18194444444444444 0.4984375 0.1875 0.50234375 0.18611111111111112 0.50625 0.17731481481481481
3 0.20885416666666667 0.3282407407407407 0.20286458333333332 0.31851851851851853 0.19557291666666668 0.31851851851851853 0.190625 0.32546296296296295 0.19010416666666666 0.3365740740740741 0.19661458333333334 0.34814814814814815 0.20052083333333334 0.3486111111111111 0.20833333333333334 0.34120370370370373 0.20885416666666667 0.3282407407407407
3 0.19635416666666666 0.3486111111111111 0.19140625 0.3388888888888889 0.18203125 0.3388888888888889 0.17760416666666667 0.3486111111111111 0.178125 0.35694444444444445 0.18307291666666667 0.36666666666666664 0.18958333333333333 0.36712962962962964 0.19583333333333333 0.36064814814814816 0.19635416666666666 0.3486111111111111
3 0.24322916666666666 0.7513888888888889 0.23932291666666666 0.7416666666666667 0.23255208333333333 0.7398148148148148 0.225 0.7486111111111111 0.22395833333333334 0.7606481481481482 0.22838541666666667 0.7703703703703704 0.23541666666666666 0.7708333333333334 0.2421875 0.7615740740740741 0.24322916666666666 0.7513888888888889
3 0.3614583333333333 0.7763888888888889 0.35911458333333335 0.7694444444444445 0.3528645833333333 0.7657407407407407 0.3453125 0.774537037037037 0.34427083333333336 0.7856481481481481 0.34713541666666664 0.7944444444444444 0.3536458333333333 0.7967592592592593 0.36041666666666666 0.7875 0.3614583333333333 0.7763888888888889
3 0.6083333333333333 0.8921296296296296 0.6044270833333333 0.8824074074074074 0.5981770833333333 0.8805555555555555 0.5932291666666667 0.8865740740740741 0.5921875 0.8986111111111111 0.5966145833333333 0.9092592592592592 0.6026041666666667 0.9106481481481481 0.6078125 0.9032407407407408 0.6083333333333333 0.8921296296296296
3 0.5666666666666667 0.9125 0.5622395833333333 0.9018518518518519 0.5565104166666667 0.9009259259259259 0.5515625 0.9078703703703703 0.5505208333333333 0.9199074074074074 0.55390625 0.9296296296296296 0.5614583333333333 0.9310185185185185 0.565625 0.9263888888888889 0.5666666666666667 0.9125
3 0.7494791666666667 0.8847222222222222 0.7455729166666667 0.8777777777777778 0.7393229166666667 0.8768518518518519 0.734375 0.8847222222222222 0.7348958333333333 0.8967592592592593 0.7408854166666666 0.9055555555555556 0.7458333333333333 0.9050925925925926 0.75 0.8986111111111111 0.7494791666666667 0.8847222222222222
0 0.6526041666666667 0.7199074074074074 0.6486979166666667 0.7111111111111111 0.64296875 0.7092592592592593 0.6369791666666667 0.7171296296296297 0.6364583333333333 0.7273148148148149 0.63984375 0.7361111111111112 0.6473958333333333 0.7384259259259259 0.6515625 0.7337962962962963 0.6526041666666667 0.7199074074074074
3 0.5177083333333333 0.49583333333333335 0.5166666666666667 0.4875 0.5096354166666667 0.47962962962962963 0.503125 0.48657407407407405 0.5026041666666666 0.4949074074074074 0.5059895833333333 0.5074074074074074 0.5109375 0.5078703703703704 0.5153645833333333 0.5046296296296297 0.5177083333333333 0.49583333333333335
3 0.81328125 0.16018518518518518 0.8161458333333333 0.1550925925925926 0.8182291666666667 0.14675925925925926 0.8177083333333334 0.14583333333333334 0.8177083333333334 0.14027777777777778 0.8166666666666667 0.13657407407407407 0.8158854166666667 0.13518518518518519 0.81328125 0.13333333333333333 0.80703125 0.13333333333333333 0.8049479166666667 0.13518518518518519 0.8020833333333334 0.14027777777777778 0.8010416666666667 0.1449074074074074 0.8010416666666667 0.15416666666666667 0.8018229166666667 0.15462962962962962 0.8044270833333333 0.15925925925925927 0.8080729166666667 0.16203703703703703 0.809375 0.16157407407407406 0.8122395833333333 0.16111111111111112 0.81328125 0.16018518518518518
1 0.7635416666666667 0.3560185185185185 0.7609375 0.3421296296296296 0.765625 0.3300925925925926 0.7661458333333333 0.31342592592592594 0.7846354166666667 0.2851851851851852 0.7890625 0.28564814814814815 0.7864583333333334 0.2912037037037037 0.7888020833333333 0.29814814814814816 0.796875 0.2800925925925926 0.7984375 0.2689814814814815 0.7958333333333333 0.26064814814814813 0.7942708333333334 0.2375 0.8020833333333334 0.22453703703703703 0.8005208333333333 0.2023148148148148 0.809375 0.17824074074074073 0.809375 0.16342592592592592 0.80546875 0.1537037037037037 0.7924479166666667 0.15555555555555556 0.784375 0.16805555555555557 0.7783854166666667 0.18518518518518517 0.7731770833333333 0.18888888888888888 0.7690104166666667 0.18981481481481483 0.7638020833333333 0.1824074074074074 0.7611979166666667 0.18333333333333332 0.75703125 0.19444444444444445 0.7533854166666667 0.1935185185185185 0.7408854166666666 0.17962962962962964 0.7369791666666666 0.19212962962962962 0.7375 0.2023148148148148 0.7416666666666667 0.20787037037037037 0.740625 0.21805555555555556 0.73359375 0.22592592592592592 0.72578125 0.24444444444444444 0.7216145833333333 0.24259259259259258 0.71796875 0.2351851851851852 0.7096354166666666 0.2361111111111111 0.696875 0.2587962962962963 0.696875 0.2662037037037037 0.6997395833333333 0.2722222222222222 0.7088541666666667 0.2791666666666667 0.7057291666666666 0.28379629629629627 0.7041666666666667 0.29953703703703705 0.6921875 0.32175925925925924 0.6916666666666667 0.3347222222222222 0.7041666666666667 0.3541666666666667 0.7067708333333333 0.3699074074074074 0.71015625 0.375 0.72578125 0.3861111111111111 0.7385416666666667 0.4013888888888889 0.7572916666666667 0.3773148148148148 0.7635416666666667 0.3560185185185185