3 0.3026041666666667 0.11990740740740741 0.29765625 0.10833333333333334 0.2903645833333333 0.10648148148148148 0.2859375 0.1125 0.28489583333333335 0.12268518518518519 0.28932291666666665 0.13518518518518519 0.2947916666666667 0.13842592592592592 0.3015625 0.13287037037037036 0.3026041666666667 0.11990740740740741
3 0.45677083333333335 0.15416666666666667 0.4513020833333333 0.14537037037037037 0.4466145833333333 0.14537037037037037 0.44166666666666665 0.15416666666666667 0.44166666666666665 0.16435185185185186 0.44609375 0.17407407407407408 0.45260416666666664 0.17453703703703705 0.45677083333333335 0.16620370370370371 0.45677083333333335 0.15416666666666667
3 0.6463541666666667 0.10601851851851851 0.64296875 0.09814814814814815 0.6388020833333333 0.0962962962962963 0.6317708333333333 0.1050925925925926 0.63125 0.11712962962962963 0.6346354166666667 0.125 0.6395833333333333 0.12638888888888888 0.6458333333333334 0.11898148148148148 0.6463541666666667 0.10601851851851851
3 0.3953125 0.34953703703703703 0.39140625 0.3416666666666667 0.38255208333333335 0.3416666666666667 0.37916666666666665 0.3486111111111111 0.3796875 0.36157407407407405 0.38359375 0.3685185185185185 0.38958333333333334 0.36898148148148147 0.39479166666666665 0.36342592592592593 0.3953125 0.34953703703703703
3 0.46197916666666666 0.36342592592592593 0.45859375 0.35462962962962963 0.45078125 0.3527777777777778 0.4473958333333333 0.35694444444444445 0.44583333333333336 0.3699074074074074 0.45026041666666666 0.37962962962962965 0.4557291666666667 0.3800925925925926 0.4609375 0.3736111111111111 0.46197916666666666 0.36342592592592593
3 0.5817708333333333 0.4060185185185185 0.58125 0.39490740740740743 0.5763020833333333 0.38796296296296295 0.5700520833333333 0.3888888888888889 0.565625 0.40046296296296297 0.5671875 0.41064814814814815 0.5739583333333333 0.4162037037037037 0.5794270833333334 0.412962962962963 0.5817708333333333 0.4060185185185185
3 0.20833333333333334 0.7152777777777778 0.20234375 0.7074074074074074 0.19609375 0.7083333333333334 0.19010416666666666 0.7180555555555556 0.19010416666666666 0.7291666666666666 0.19401041666666666 0.737037037037037 0.20208333333333334 0.7375 0.20833333333333334 0.7282407407407407 0.20833333333333334 0.7152777777777778
3 0.246875 0.774537037037037 0.24401041666666667 0.7657407407407407 0.23567708333333334 0.762962962962963 0.22916666666666666 0.7717592592592593 0.22760416666666666 0.7828703703703703 0.23203125 0.7935185185185185 0.23958333333333334 0.7939814814814815 0.2453125 0.7856481481481481 0.246875 0.774537037037037
3 0.18333333333333332 0.8939814814814815 0.18229166666666666 0.8856481481481482 0.17682291666666666 0.8787037037037037 0.16901041666666666 0.8814814814814815 0.1640625 0.8930555555555556 0.16510416666666666 0.9050925925925926 0.17395833333333333 0.9106481481481481 0.17890625 0.9074074074074074 0.18333333333333332 0.8939814814814815
3 0.3927083333333333 0.8976851851851851 0.3893229166666667 0.8851851851851852 0.38307291666666665 0.8824074074074074 0.3765625 0.8893518518518518 0.37447916666666664 0.9013888888888889 0.37786458333333334 0.9138888888888889 0.3848958333333333 0.9152777777777777 0.39114583333333336 0.9087962962962963 0.3927083333333333 0.8976851851851851
1 0.8067708333333333 0.8467592592592592 0.8026041666666667 0.8291666666666667 0.79375 0.8078703703703703 0.79375 0.7893518518518519 0.7901041666666667 0.774537037037037 0.7901041666666667 0.7523148148148148 0.79375 0.7421296296296296 0.7958333333333333 0.7245370370370371 0.7919270833333333 0.7194444444444444 0.78046875 0.725925925925926 0.7763020833333333 0.725 0.7690104166666667 0.7129629629629629 0.7596354166666667 0.7083333333333334 0.7557291666666667 0.6949074074074074 0.7578125 0.6837962962962963 0.7557291666666667 0.6754629629629629 0.74375 0.6560185185185186 0.7494791666666667 0.6430555555555556 0.7505208333333333 0.6347222222222222 0.7453125 0.6300925925925925 0.7372395833333333 0.6064814814814815 0.73359375 0.6064814814814815 0.7221354166666667 0.5935185185185186 0.7143229166666667 0.5944444444444444 0.7091145833333333 0.6101851851851852 0.6986979166666667 0.6175925925925926 0.69375 0.625462962962963 0.6880208333333333 0.6504629629629629 0.6770833333333334 0.6763888888888889 0.6825520833333333 0.6972222222222222 0.68671875 0.6944444444444444 0.6973958333333333 0.711574074074074 0.6947916666666667 0.7208333333333333 0.7 0.7328703703703704 0.6901041666666666 0.7430555555555556 0.6880208333333333 0.7523148148148148 0.6895833333333333 0.7606481481481482 0.6971354166666667 0.774074074074074 0.7059895833333333 0.7824074074074074 0.7122395833333334 0.775 0.71796875 0.7759259259259259 0.7236979166666667 0.7907407407407407 0.7354166666666667 0.8050925925925926 0.7359375 0.8125 0.7296875 0.8236111111111111 0.7419270833333333 0.8435185185185186 0.7466145833333333 0.8444444444444444 0.74921875 0.8324074074074074 0.7565104166666666 0.8361111111111111 0.7658854166666667 0.8333333333333334 0.7708333333333334 0.8375 0.7622395833333333 0.8444444444444444 0.7799479166666666 0.8462962962962963 0.7841145833333333 0.8583333333333333 0.7927083333333333 0.8634259259259259 0.8018229166666667 0.8601851851851852 0.8067708333333333 0.8467592592592592
0 0.496875 0.20879629629629629 0.49244791666666665 0.19722222222222222 0.4861979166666667 0.1962962962962963 0.48125 0.2050925925925926 0.48125 0.2152777777777778 0.48463541666666665 0.22407407407407406 0.49114583333333334 0.22546296296296298 0.4953125 0.2199074074074074 0.496875 0.20879629629629629