3 0.4703125 0.11157407407407408 0.46588541666666666 0.09907407407407408 0.4591145833333333 0.09722222222222222 0.45416666666666666 0.10601851851851851 0.45416666666666666 0.11712962962962963 0.45859375 0.12685185185185185 0.46458333333333335 0.12731481481481483 0.46927083333333336 0.12083333333333333 0.4703125 0.11157407407407408
3 0.24947916666666667 0.2791666666666667 0.24296875 0.26851851851851855 0.23567708333333334 0.26944444444444443 0.23125 0.27824074074074073 0.23177083333333334 0.2875 0.23567708333333334 0.2962962962962963 0.24375 0.2986111111111111 0.2484375 0.29305555555555557 0.24947916666666667 0.2791666666666667
3 0.19635416666666666 0.13287037037037036 0.19192708333333333 0.12685185185185185 0.18411458333333333 0.12685185185185185 0.1796875 0.13564814814814816 0.18072916666666666 0.1486111111111111 0.18619791666666666 0.15648148148148147 0.19270833333333334 0.15694444444444444 0.19791666666666666 0.1486111111111111 0.19635416666666666 0.13287037037037036
3 0.20416666666666666 0.059722222222222225 0.19765625 0.05277777777777778 0.19036458333333334 0.05462962962962963 0.18802083333333333 0.0625 0.1890625 0.07731481481481481 0.19401041666666666 0.08425925925925926 0.20052083333333334 0.08472222222222223 0.20572916666666666 0.07546296296296297 0.20416666666666666 0.059722222222222225
3 0.18802083333333333 0.05416666666666667 0.18046875 0.046296296296296294 0.17421875 0.049074074074074076 0.171875 0.05416666666666667 0.1734375 0.07083333333333333 0.17942708333333332 0.07777777777777778 0.18541666666666667 0.07731481481481481 0.18854166666666666 0.07175925925925926 0.18802083333333333 0.05416666666666667
3 0.17395833333333333 0.5087962962962963 0.16901041666666666 0.5 0.16015625 0.5 0.15572916666666667 0.5060185185185185 0.1546875 0.5171296296296296 0.16015625 0.5287037037037037 0.16666666666666666 0.5291666666666667 0.17291666666666666 0.5226851851851851 0.17395833333333333 0.5087962962962963
3 0.2203125 0.6865740740740741 0.21588541666666666 0.6768518518518518 0.20911458333333333 0.6759259259259259 0.20208333333333334 0.6837962962962963 0.2015625 0.6967592592592593 0.20598958333333334 0.7055555555555556 0.21302083333333333 0.7060185185185185 0.21875 0.6995370370370371 0.2203125 0.6865740740740741
3 0.3567708333333333 0.700462962962963 0.3528645833333333 0.6935185185185185 0.3450520833333333 0.6935185185185185 0.33958333333333335 0.7041666666666667 0.34010416666666665 0.7143518518518519 0.3455729166666667 0.7231481481481481 0.35104166666666664 0.7226851851851852 0.3572916666666667 0.7125 0.3567708333333333 0.700462962962963
3 0.38125 0.6050925925925926 0.37734375 0.5962962962962963 0.37265625 0.5944444444444444 0.36614583333333334 0.6013888888888889 0.3645833333333333 0.611574074074074 0.3684895833333333 0.6222222222222222 0.375 0.6236111111111111 0.3807291666666667 0.6162037037037037 0.38125 0.6050925925925926
3 0.296875 0.5097222222222222 0.29192708333333334 0.5018518518518519 0.28463541666666664 0.5027777777777778 0.28020833333333334 0.5106481481481482 0.28072916666666664 0.5236111111111111 0.28515625 0.5305555555555556 0.2911458333333333 0.5310185185185186 0.296875 0.5236111111111111 0.296875 0.5097222222222222
3 0.371875 0.46620370370370373 0.3684895833333333 0.45740740740740743 0.3606770833333333 0.45555555555555555 0.35572916666666665 0.4634259259259259 0.35520833333333335 0.47175925925925927 0.35859375 0.48148148148148145 0.3651041666666667 0.4837962962962963 0.3703125 0.47824074074074074 0.371875 0.46620370370370373
0 0.25364583333333335 0.5615740740740741 0.24973958333333332 0.5518518518518518 0.24348958333333334 0.549074074074074 0.23645833333333333 0.5560185185185185 0.23489583333333333 0.5680555555555555 0.23880208333333333 0.5777777777777777 0.24427083333333333 0.5800925925925926 0.2515625 0.5745370370370371 0.25364583333333335 0.5615740740740741