1 0.2669270833333333 0.4861111111111111 0.28203125 0.4888888888888889 0.284375 0.48194444444444445 0.2833333333333333 0.47453703703703703 0.2903645833333333 0.47129629629629627 0.2981770833333333 0.44907407407407407 0.30390625 0.45185185185185184 0.32473958333333336 0.4074074074074074 0.3294270833333333 0.4083333333333333 0.3377604166666667 0.4185185185185185 0.35 0.39861111111111114 0.3515625 0.3837962962962963 0.34921875 0.37777777777777777 0.34140625 0.3675925925925926 0.33828125 0.3675925925925926 0.33359375 0.3787037037037037 0.3307291666666667 0.3699074074074074 0.33151041666666664 0.3611111111111111 0.33671875 0.3527777777777778 0.34401041666666665 0.35 0.3463541666666667 0.34305555555555556 0.346875 0.3087962962962963 0.34140625 0.30092592592592593 0.33697916666666666 0.300462962962963 0.340625 0.29398148148148145 0.3385416666666667 0.2865740740740741 0.34140625 0.2722222222222222 0.34348958333333335 0.27870370370370373 0.3533854166666667 0.28703703703703703 0.36276041666666664 0.2851851851851852 0.378125 0.2439814814814815 0.3736979166666667 0.2351851851851852 0.36171875 0.22407407407407406 0.3578125 0.2023148148148148 0.34609375 0.18796296296296297 0.33880208333333334 0.18425925925925926 0.33307291666666666 0.18796296296296297 0.31796875 0.17222222222222222 0.3138020833333333 0.17314814814814813 0.3078125 0.17824074074074073 0.29635416666666664 0.2125 0.29583333333333334 0.21712962962962962 0.30130208333333336 0.22685185185185186 0.31197916666666664 0.23842592592592593 0.31197916666666664 0.24675925925925926 0.30755208333333334 0.2537037037037037 0.30234375 0.25462962962962965 0.29791666666666666 0.26435185185185184 0.29791666666666666 0.2726851851851852 0.30104166666666665 0.2800925925925926 0.29661458333333335 0.29074074074074074 0.2903645833333333 0.29814814814814816 0.28515625 0.29444444444444445 0.2765625 0.30694444444444446 0.26458333333333334 0.34675925925925927 0.2526041666666667 0.3736111111111111 0.25052083333333336 0.3819444444444444 0.2526041666666667 0.39305555555555555 0.25 0.4050925925925926 0.2453125 0.41064814814814815 0.24791666666666667 0.4263888888888889 0.24270833333333333 0.4393518518518518 0.24270833333333333 0.46064814814814814 0.23958333333333334 0.47453703703703703 0.228125 0.5041666666666667 0.2265625 0.5162037037037037 0.22994791666666667 0.524074074074074 0.23567708333333334 0.5324074074074074 0.24739583333333334 0.5347222222222222 0.253125 0.5254629629629629 0.2669270833333333 0.4861111111111111
3 0.18229166666666666 0.0625 0.17630208333333333 0.05185185185185185 0.16901041666666666 0.05092592592592592 0.16458333333333333 0.0587962962962963 0.16458333333333333 0.07083333333333333 0.16901041666666666 0.07962962962962963 0.17552083333333332 0.08194444444444444 0.18177083333333333 0.07546296296296297 0.18229166666666666 0.0625
3 0.24895833333333334 0.056018518518518516 0.24296875 0.04814814814814815 0.23515625 0.05 0.23229166666666667 0.06157407407407407 0.23333333333333334 0.0699074074074074 0.23776041666666667 0.07777777777777778 0.24479166666666666 0.07916666666666666 0.25 0.07083333333333333 0.24895833333333334 0.056018518518518516
3 0.2786458333333333 0.11527777777777778 0.27369791666666665 0.10648148148148148 0.26640625 0.10555555555555556 0.26197916666666665 0.1125 0.26197916666666665 0.12546296296296297 0.2669270833333333 0.13518518518518519 0.27239583333333334 0.13657407407407407 0.2786458333333333 0.1300925925925926 0.2786458333333333 0.11527777777777778
3 0.3229166666666667 0.06342592592592593 0.31796875 0.05462962962962963 0.3106770833333333 0.05462962962962963 0.30625 0.06342592592592593 0.3067708333333333 0.07546296296296297 0.3106770833333333 0.08333333333333333 0.3177083333333333 0.08564814814814815 0.3234375 0.07731481481481481 0.3229166666666667 0.06342592592592593
3 0.22708333333333333 0.7652777777777777 0.22213541666666667 0.7564814814814815 0.21536458333333333 0.7564814814814815 0.20885416666666667 0.7671296296296296 0.20833333333333334 0.7754629629629629 0.21223958333333334 0.7851851851851852 0.21979166666666666 0.7865740740740741 0.2265625 0.7773148148148148 0.22708333333333333 0.7652777777777777
3 0.18333333333333332 0.8523148148148149 0.18125 0.8402777777777778 0.17682291666666666 0.8361111111111111 0.16901041666666666 0.8379629629629629 0.1640625 0.8486111111111111 0.16458333333333333 0.8625 0.16901041666666666 0.8685185185185185 0.17291666666666666 0.8689814814814815 0.17890625 0.8657407407407407 0.18333333333333332 0.8523148148148149
3 0.17135416666666667 0.9162037037037037 0.17135416666666667 0.9041666666666667 0.16588541666666667 0.8953703703703704 0.15755208333333334 0.8972222222222223 0.15260416666666668 0.9106481481481481 0.15364583333333334 0.9226851851851852 0.15755208333333334 0.9277777777777778 0.16197916666666667 0.9282407407407407 0.16848958333333333 0.9231481481481482 0.17135416666666667 0.9162037037037037
3 0.4583333333333333 0.3625 0.45338541666666665 0.3527777777777778 0.4471354166666667 0.3527777777777778 0.4432291666666667 0.3587962962962963 0.4432291666666667 0.37175925925925923 0.4471354166666667 0.37962962962962965 0.45260416666666664 0.3800925925925926 0.4578125 0.3726851851851852 0.4583333333333333 0.3625
3 0.5130208333333334 0.3578703703703704 0.50859375 0.3490740740740741 0.50234375 0.3490740740740741 0.4979166666666667 0.35694444444444445 0.4979166666666667 0.36898148148148147 0.5018229166666667 0.37592592592592594 0.5078125 0.3763888888888889 0.5125 0.3699074074074074 0.5130208333333334 0.3578703703703704
3 0.5645833333333333 0.5365740740740741 0.55703125 0.5259259259259259 0.55 0.5328703703703703 0.5489583333333333 0.5449074074074074 0.5528645833333333 0.5537037037037037 0.5583333333333333 0.5550925925925926 0.5640625 0.5476851851851852 0.5645833333333333 0.5365740740740741
3 0.6057291666666667 0.4393518518518518 0.6013020833333333 0.42685185185185187 0.5966145833333333 0.425 0.5911458333333334 0.4310185185185185 0.5895833333333333 0.44027777777777777 0.59296875 0.45092592592592595 0.5984375 0.4532407407407407 0.6041666666666666 0.4476851851851852 0.6057291666666667 0.4393518518518518
0 0.7875 0.7597222222222222 0.7809895833333333 0.75 0.77421875 0.7509259259259259 0.7708333333333334 0.7578703703703704 0.7708333333333334 0.7671296296296296 0.7763020833333333 0.7777777777777778 0.7817708333333333 0.7791666666666667 0.7869791666666667 0.7726851851851851 0.7875 0.7597222222222222