3 0.2484375 0.27546296296296297 0.24088541666666666 0.26296296296296295 0.23255208333333333 0.26296296296296295 0.2265625 0.27175925925925926 0.22604166666666667 0.2865740740740741 0.23151041666666666 0.29907407407407405 0.24114583333333334 0.3013888888888889 0.24791666666666667 0.29212962962962963 0.2484375 0.27546296296296297
3 0.46197916666666666 0.1439814814814815 0.45703125 0.13148148148148148 0.44921875 0.12962962962962962 0.4432291666666667 0.1375 0.44166666666666665 0.1486111111111111 0.4466145833333333 0.1648148148148148 0.45260416666666664 0.16712962962962963 0.4609375 0.1587962962962963 0.46197916666666666 0.1439814814814815
3 0.7541666666666667 0.12083333333333333 0.7513020833333334 0.11203703703703703 0.7450520833333333 0.10648148148148148 0.7377604166666667 0.11203703703703703 0.7338541666666667 0.12638888888888888 0.7354166666666667 0.1375 0.7388020833333333 0.14351851851851852 0.7463541666666667 0.1449074074074074 0.7536458333333333 0.1337962962962963 0.7541666666666667 0.12083333333333333
3 0.6958333333333333 0.3023148148148148 0.6919270833333333 0.2898148148148148 0.6861979166666666 0.2861111111111111 0.6786458333333333 0.29212962962962963 0.6755208333333333 0.30972222222222223 0.6799479166666667 0.32222222222222224 0.6875 0.324537037037037 0.6942708333333333 0.3162037037037037 0.6958333333333333 0.3023148148148148
3 0.4859375 0.3837962962962963 0.47942708333333334 0.37222222222222223 0.47109375 0.3731481481481482 0.4666666666666667 0.38101851851851853 0.4661458333333333 0.39305555555555555 0.47109375 0.4046296296296296 0.4791666666666667 0.4060185185185185 0.48489583333333336 0.39861111111111114 0.4859375 0.3837962962962963
3 0.45677083333333335 0.4273148148148148 0.45390625 0.4212962962962963 0.44609375 0.4212962962962963 0.4395833333333333 0.43287037037037035 0.440625 0.4476851851851852 0.44609375 0.4546296296296296 0.45260416666666664 0.45416666666666666 0.4578125 0.4449074074074074 0.45677083333333335 0.4273148148148148
3 0.4515625 0.48657407407407405 0.44817708333333334 0.4787037037037037 0.43776041666666665 0.4777777777777778 0.43333333333333335 0.48564814814814816 0.43333333333333335 0.500462962962963 0.4393229166666667 0.5101851851851852 0.4453125 0.5097222222222222 0.4510416666666667 0.500462962962963 0.4515625 0.48657407407407405
3 0.48802083333333335 0.48657407407407405 0.48359375 0.4787037037037037 0.4747395833333333 0.47685185185185186 0.4703125 0.48564814814814816 0.471875 0.5032407407407408 0.47682291666666665 0.5092592592592593 0.4817708333333333 0.5087962962962963 0.4875 0.5013888888888889 0.48802083333333335 0.48657407407407405
3 0.6427083333333333 0.6273148148148148 0.6388020833333333 0.6185185185185185 0.6315104166666666 0.6157407407407407 0.625 0.624537037037037 0.6234375 0.6356481481481482 0.6278645833333333 0.6481481481481481 0.6348958333333333 0.649537037037037 0.6416666666666667 0.6402777777777777 0.6427083333333333 0.6273148148148148
3 0.609375 0.6837962962962963 0.6083333333333333 0.674537037037037 0.6044270833333333 0.6675925925925926 0.59765625 0.6657407407407407 0.5921875 0.6717592592592593 0.5895833333333333 0.6837962962962963 0.5940104166666667 0.6990740740740741 0.6005208333333333 0.7013888888888888 0.6078125 0.6930555555555555 0.609375 0.6837962962962963
3 0.6598958333333333 0.6393518518518518 0.6549479166666666 0.6277777777777778 0.6466145833333333 0.6268518518518519 0.6427083333333333 0.6337962962962963 0.640625 0.6486111111111111 0.6450520833333333 0.6601851851851852 0.6526041666666667 0.6615740740740741 0.659375 0.6523148148148148 0.6598958333333333 0.6393518518518518
0 0.7338541666666667 0.6208333333333333 0.7283854166666667 0.6092592592592593 0.72109375 0.6074074074074074 0.7140625 0.6189814814814815 0.7140625 0.6347222222222222 0.7205729166666667 0.6444444444444445 0.7270833333333333 0.6439814814814815 0.7328125 0.6356481481481482 0.7338541666666667 0.6208333333333333