0 0.6428229166666667 0.8170740740740742 0.015796874999999964 0.02941666666666665
3 0.602109375 0.6833611111111111 0.014880208333333419 0.028314814814814748
3 0.5384895833333334 0.4515185185185185 0.02201041666666672 0.03728703703703702
3 0.4520885416666667 0.38890740740740737 0.015927083333333297 0.030620370370370416
3 0.453265625 0.1537037037037037 0.014218749999999976 0.030111111111111095
3 0.548453125 0.1464074074074074 0.01509895833333322 0.02851851851851853
3 0.7390625 0.1312962962962963 0.015718749999999913 0.028657407407407395
3 0.24125 0.2850833333333333 0.01736458333333335 0.02921296296296292
3 0.3730572916666667 0.6086481481481482 0.016223958333333382 0.031074074074074025
3 0.34956770833333334 0.708212962962963 0.01647395833333339 0.03353703703703706
3 0.211109375 0.6921944444444444 0.017989583333333316 0.030222222222222313
3 0.16636458333333334 0.51925 0.01800000000000003 0.0312685185185185