1 0.22760416666666666 0.9060185185185186 0.23411458333333332 0.8888888888888888 0.24505208333333334 0.8805555555555555 0.26223958333333336 0.8574074074074074 0.2752604166666667 0.8657407407407407 0.31223958333333335 0.8212962962962963 0.3221354166666667 0.8175925925925925 0.3268229166666667 0.8055555555555556 0.3375 0.8004629629629629 0.340625 0.7875 0.33177083333333335 0.7652777777777777 0.33177083333333335 0.7486111111111111 0.32864583333333336 0.7328703703703704 0.31666666666666665 0.7171296296296297 0.3059895833333333 0.6907407407407408 0.30234375 0.687962962962963 0.2986979166666667 0.6944444444444444 0.2903645833333333 0.6962962962962963 0.27734375 0.7166666666666667 0.27109375 0.7212962962962963 0.25442708333333336 0.7148148148148148 0.23177083333333334 0.7393518518518518 0.23385416666666667 0.7532407407407408 0.23151041666666666 0.7611111111111111 0.22005208333333334 0.7657407407407407 0.20703125 0.7861111111111111 0.20208333333333334 0.7837962962962963 0.20026041666666666 0.7722222222222223 0.196875 0.8023148148148148 0.18932291666666667 0.8046296296296296 0.18072916666666666 0.8162037037037037 0.17552083333333332 0.8578703703703704 0.15755208333333334 0.8694444444444445 0.146875 0.8930555555555556 0.14895833333333333 0.9050925925925926 0.15651041666666668 0.9148148148148149 0.16536458333333334 0.9138888888888889 0.18515625 0.8981481481481481 0.20130208333333333 0.8981481481481481 0.21171875 0.9055555555555556 0.21953125 0.9055555555555556 0.228125 0.9254629629629629 0.23385416666666667 0.9208333333333333 0.22760416666666666 0.9060185185185186
0 0.7875 0.7587962962962963 0.7815104166666667 0.75 0.7752604166666667 0.75 0.7713541666666667 0.7560185185185185 0.7708333333333334 0.7671296296296296 0.7763020833333333 0.7777777777777778 0.78125 0.7791666666666667 0.7864583333333334 0.774537037037037 0.7875 0.7587962962962963
3 0.6463541666666667 0.10694444444444444 0.64296875 0.09814814814814815 0.6388020833333333 0.0962962962962963 0.6322916666666667 0.10324074074074074 0.6307291666666667 0.1125 0.63359375 0.12407407407407407 0.6401041666666667 0.12638888888888888 0.6458333333333334 0.11898148148148148 0.6463541666666667 0.10694444444444444
3 0.5135416666666667 0.36064814814814816 0.5091145833333334 0.3490740740740741 0.50390625 0.34814814814814815 0.4984375 0.35509259259259257 0.4973958333333333 0.36527777777777776 0.5018229166666667 0.37592592592592594 0.5078125 0.3763888888888889 0.5125 0.3699074074074074 0.5135416666666667 0.36064814814814816
3 0.4583333333333333 0.3625 0.4544270833333333 0.3537037037037037 0.44869791666666664 0.35185185185185186 0.4432291666666667 0.3587962962962963 0.4427083333333333 0.36712962962962964 0.4471354166666667 0.37962962962962965 0.45260416666666664 0.3800925925925926 0.45729166666666665 0.37453703703703706 0.4583333333333333 0.3625
3 0.43072916666666666 0.4041666666666667 0.42682291666666666 0.39537037037037037 0.42109375 0.39351851851851855 0.415625 0.399537037037037 0.41458333333333336 0.4115740740740741 0.41848958333333336 0.4212962962962963 0.425 0.42268518518518516 0.43020833333333336 0.4162037037037037 0.43072916666666666 0.4041666666666667
3 0.5963541666666666 0.4597222222222222 0.5947916666666667 0.449537037037037 0.58828125 0.44351851851851853 0.5817708333333333 0.449537037037037 0.5802083333333333 0.4615740740740741 0.5830729166666667 0.46944444444444444 0.5890625 0.4726851851851852 0.5919270833333333 0.47129629629629627 0.5963541666666666 0.4597222222222222
3 0.5395833333333333 0.5782407407407407 0.5361979166666667 0.5703703703703704 0.5294270833333333 0.5685185185185185 0.525 0.5745370370370371 0.5239583333333333 0.586574074074074 0.5278645833333333 0.5953703703703703 0.5338541666666666 0.5967592592592592 0.5380208333333333 0.5921296296296297 0.5395833333333333 0.5782407407407407
3 0.5989583333333334 0.6208333333333333 0.59453125 0.6129629629629629 0.5877604166666667 0.6129629629629629 0.5838541666666667 0.6208333333333333 0.5838541666666667 0.6310185185185185 0.58828125 0.6398148148148148 0.5932291666666667 0.6402777777777777 0.5984375 0.6328703703703704 0.5989583333333334 0.6208333333333333
3 0.6098958333333333 0.5856481481481481 0.6065104166666667 0.5777777777777777 0.6002604166666666 0.575 0.5947916666666667 0.5819444444444445 0.5942708333333333 0.5939814814814814 0.5981770833333333 0.6027777777777777 0.6041666666666666 0.6041666666666666 0.6088541666666667 0.5986111111111111 0.6098958333333333 0.5856481481481481
3 0.6546875 0.49027777777777776 0.6513020833333333 0.4824074074074074 0.64453125 0.48055555555555557 0.6395833333333333 0.48657407407407405 0.6385416666666667 0.49675925925925923 0.6424479166666667 0.5074074074074074 0.6484375 0.5087962962962963 0.6541666666666667 0.5023148148148148 0.6546875 0.49027777777777776
3 0.675 0.45694444444444443 0.67109375 0.44814814814814813 0.6669270833333333 0.4462962962962963 0.6598958333333333 0.4532407407407407 0.6588541666666666 0.4652777777777778 0.66171875 0.4722222222222222 0.6671875 0.475462962962963 0.6739583333333333 0.4689814814814815 0.675 0.45694444444444443
3 0.7130208333333333 0.8439814814814814 0.7096354166666666 0.8342592592592593 0.70234375 0.8305555555555556 0.6979166666666666 0.8356481481481481 0.6963541666666667 0.8449074074074074 0.70078125 0.8583333333333333 0.70625 0.8606481481481482 0.7114583333333333 0.8560185185185185 0.7130208333333333 0.8439814814814814