0 0.528125 0.5393518518518519 0.52421875 0.5305555555555556 0.5169270833333334 0.5287037037037037 0.5135416666666667 0.5347222222222222 0.5125 0.5486111111111112 0.5153645833333333 0.5555555555555556 0.5203125 0.5569444444444445 0.5260416666666666 0.5532407407407407 0.528125 0.5393518518518519
1 0.8140625 0.5319444444444444 0.8145833333333333 0.5254629629629629 0.8026041666666667 0.47453703703703703 0.8057291666666667 0.4625 0.8052083333333333 0.4532407407407407 0.8020833333333334 0.4393518518518518 0.7963541666666667 0.43287037037037035 0.7953125 0.4263888888888889 0.7984375 0.4199074074074074 0.8015625 0.39675925925925926 0.7924479166666667 0.39351851851851855 0.7856770833333333 0.375 0.7794270833333333 0.37407407407407406 0.7739583333333333 0.3680555555555556 0.765625 0.33564814814814814 0.7708333333333334 0.32175925925925924 0.7692708333333333 0.31527777777777777 0.7653645833333333 0.30833333333333335 0.7580729166666667 0.3101851851851852 0.7541666666666667 0.30324074074074076 0.7541666666666667 0.29305555555555557 0.7671875 0.2652777777777778 0.7572916666666667 0.22916666666666666 0.73828125 0.22962962962962963 0.7216145833333333 0.24444444444444444 0.7130208333333333 0.2569444444444444 0.7114583333333333 0.27546296296296297 0.696875 0.30694444444444446 0.7005208333333334 0.3189814814814815 0.6981770833333333 0.3435185185185185 0.7018229166666666 0.3425925925925926 0.7049479166666667 0.3351851851851852 0.71015625 0.3416666666666667 0.7169270833333333 0.3388888888888889 0.721875 0.3421296296296296 0.7208333333333333 0.35694444444444445 0.7083333333333334 0.3912037037037037 0.7182291666666667 0.4050925925925926 0.7096354166666666 0.40925925925925927 0.703125 0.41898148148148145 0.7005208333333334 0.425462962962963 0.7005208333333334 0.4375 0.7065104166666667 0.45092592592592595 0.7138020833333333 0.4564814814814815 0.7221354166666667 0.4527777777777778 0.7299479166666667 0.44166666666666665 0.7328125 0.45787037037037037 0.74375 0.47453703703703703 0.7395833333333334 0.48935185185185187 0.7401041666666667 0.49583333333333335 0.7450520833333333 0.5046296296296297 0.7596354166666667 0.5166666666666667 0.78359375 0.5101851851851852 0.79453125 0.5388888888888889 0.8041666666666667 0.5412037037037037 0.8106770833333333 0.537962962962963 0.8140625 0.5319444444444444
3 0.5182291666666666 0.10787037037037037 0.5138020833333333 0.09814814814814815 0.50859375 0.09722222222222222 0.503125 0.1050925925925926 0.5026041666666666 0.1162037037037037 0.5065104166666666 0.1259259259259259 0.5119791666666667 0.12731481481481483 0.5171875 0.12083333333333333 0.5182291666666666 0.10787037037037037
3 0.50625 0.16620370370370371 0.50390625 0.16018518518518518 0.4981770833333333 0.15648148148148147 0.4921875 0.1625 0.490625 0.17546296296296296 0.4940104166666667 0.18518518518518517 0.5010416666666667 0.1865740740740741 0.50625 0.17731481481481481 0.50625 0.16620370370370371
3 0.8177083333333334 0.13842592592592592 0.81484375 0.13333333333333333 0.8075520833333333 0.13240740740740742 0.8020833333333334 0.13935185185185187 0.8010416666666667 0.15324074074074073 0.8044270833333333 0.16018518518518518 0.8125 0.16064814814814815 0.8177083333333334 0.15046296296296297 0.8177083333333334 0.13842592592592592
3 0.20885416666666667 0.3282407407407407 0.20442708333333334 0.3194444444444444 0.19557291666666668 0.31851851851851853 0.19114583333333332 0.324537037037037 0.19010416666666666 0.33564814814814814 0.19661458333333334 0.34814814814814815 0.20052083333333334 0.3486111111111111 0.20833333333333334 0.34120370370370373 0.20885416666666667 0.3282407407407407
3 0.19635416666666666 0.3486111111111111 0.19140625 0.3388888888888889 0.18307291666666667 0.33796296296296297 0.17760416666666667 0.3486111111111111 0.178125 0.35694444444444445 0.18151041666666667 0.3648148148148148 0.1890625 0.36712962962962964 0.19583333333333333 0.36064814814814816 0.19635416666666666 0.3486111111111111
3 0.24322916666666666 0.7550925925925925 0.2421875 0.7467592592592592 0.23671875 0.7398148148148148 0.22838541666666667 0.7425925925925926 0.22395833333333334 0.7532407407407408 0.22682291666666668 0.7685185185185185 0.234375 0.7708333333333334 0.23932291666666666 0.7675925925925926 0.24322916666666666 0.7550925925925925
3 0.35989583333333336 0.7782407407407408 0.35442708333333334 0.7712962962962963 0.34713541666666664 0.774074074074074 0.34322916666666664 0.7856481481481481 0.34479166666666666 0.7976851851851852 0.34921875 0.8027777777777778 0.35260416666666666 0.8023148148148148 0.36041666666666666 0.7902777777777777 0.35989583333333336 0.7782407407407408
3 0.5421875 0.5504629629629629 0.53828125 0.5398148148148149 0.5315104166666667 0.5388888888888889 0.5276041666666667 0.5449074074074074 0.5260416666666666 0.5578703703703703 0.5299479166666666 0.5657407407407408 0.5354166666666667 0.5671296296296297 0.540625 0.5615740740740741 0.5421875 0.5504629629629629
3 0.5317708333333333 0.4912037037037037 0.5268229166666667 0.48148148148148145 0.5216145833333333 0.48148148148148145 0.5177083333333333 0.4875 0.5171875 0.5023148148148148 0.51953125 0.5064814814814815 0.5265625 0.5078703703703704 0.53125 0.500462962962963 0.5317708333333333 0.4912037037037037
3 0.6083333333333333 0.8912037037037037 0.6033854166666667 0.8814814814814815 0.59609375 0.8814814814814815 0.5921875 0.8902777777777777 0.5927083333333333 0.9004629629629629 0.5966145833333333 0.9092592592592592 0.6026041666666667 0.9106481481481481 0.6072916666666667 0.9050925925925926 0.6083333333333333 0.8912037037037037
3 0.75 0.8865740740740741 0.7466145833333333 0.8787037037037037 0.7393229166666667 0.8768518518518519 0.734375 0.8847222222222222 0.734375 0.8949074074074074 0.7377604166666667 0.9027777777777778 0.7458333333333333 0.9050925925925926 0.7494791666666667 0.9004629629629629 0.75 0.8865740740740741