3 0.19895833333333332 0.323824112962963 0.19505208333333332 0.3150278166666667 0.18671875 0.3122500388888889 0.18177083333333333 0.31826855740740745 0.18020833333333333 0.32845374259259263 0.18307291666666667 0.3381759648148148 0.190625 0.34234263148148153 0.19791666666666666 0.33586115 0.19895833333333332 0.323824112962963
3 0.5183475494791667 0.10787037037037037 0.5149621328125 0.09907407407407408 0.5087121328125 0.09722222222222222 0.5037642161458333 0.10324074074074074 0.5027225494791667 0.11805555555555555 0.5071496328125 0.12685185185185185 0.5126183828125 0.12731481481481483 0.5173058828125 0.12083333333333333 0.5183475494791667 0.10787037037037037
3 0.5619791666666667 0.23031989166666667 0.5580729166666667 0.21689396574074074 0.5528645833333333 0.21504211388888889 0.5473958333333333 0.22106063240740742 0.5458333333333333 0.23309766944444446 0.5497395833333333 0.24281989166666665 0.5546875 0.24420878055555553 0.5604166666666667 0.23772729907407406 0.5619791666666667 0.23031989166666667
3 0.559375 0.3680555555555556 0.5549479166666667 0.3592592592592593 0.54921875 0.35833333333333334 0.54375 0.36712962962962964 0.54375 0.37824074074074077 0.5471354166666667 0.3851851851851852 0.5541666666666667 0.38564814814814813 0.5588541666666667 0.37824074074074077 0.559375 0.3680555555555556
3 0.6161458333333333 0.47453703703703703 0.61328125 0.4675925925925926 0.60703125 0.4648148148148148 0.6015625 0.4708333333333333 0.6 0.4828703703703704 0.60390625 0.4925925925925926 0.6083333333333333 0.49398148148148147 0.6145833333333334 0.48842592592592593 0.6161458333333333 0.47453703703703703
3 0.521875 0.4625 0.5184895833333333 0.4546296296296296 0.5127604166666667 0.4527777777777778 0.5067708333333333 0.46064814814814814 0.50625 0.46805555555555556 0.5078125 0.47638888888888886 0.5140625 0.48194444444444445 0.5208333333333334 0.475462962962963 0.521875 0.4625
3 0.5296875 0.48657407407407405 0.5263020833333333 0.47962962962962963 0.52109375 0.47685185185185186 0.5145833333333333 0.4847222222222222 0.5140625 0.49583333333333335 0.51796875 0.5046296296296297 0.5234375 0.5050925925925925 0.5291666666666667 0.4986111111111111 0.5296875 0.48657407407407405
3 0.5 0.5652777777777778 0.49713541666666666 0.5583333333333333 0.4908854166666667 0.5574074074074075 0.48541666666666666 0.5652777777777778 0.48489583333333336 0.5745370370370371 0.48984375 0.5851851851851851 0.4953125 0.5847222222222223 0.5005208333333333 0.5782407407407407 0.5 0.5652777777777778
3 0.49947916666666664 0.6386695018518519 0.49557291666666664 0.6289472796296296 0.4903645833333333 0.6270954277777777 0.484375 0.6349657981481481 0.48333333333333334 0.6442250574074074 0.48671875 0.6539472796296296 0.49166666666666664 0.6562620944444444 0.4984375 0.649780612962963 0.49947916666666664 0.6386695018518519
3 0.7505208333333333 0.6273148148148148 0.74765625 0.6194444444444445 0.74140625 0.6157407407407407 0.7354166666666667 0.6208333333333333 0.7338541666666667 0.6337962962962963 0.7377604166666667 0.6425925925925926 0.74375 0.6439814814814815 0.7494791666666667 0.6375 0.7505208333333333 0.6273148148148148
3 0.5666666666666667 0.9217592592592593 0.565625 0.9078703703703703 0.5611979166666666 0.9009259259259259 0.5549479166666667 0.9018518518518519 0.5505208333333333 0.9115740740740741 0.5526041666666667 0.9282407407407407 0.5583333333333333 0.9319444444444445 0.5638020833333334 0.9296296296296296 0.5666666666666667 0.9217592592592593
1 0.26276041666666666 0.6583333333333333 0.26848958333333334 0.6638888888888889 0.2747395833333333 0.6574074074074074 0.27708333333333335 0.649537037037037 0.275 0.6208333333333333 0.28151041666666665 0.6148148148148148 0.2877604166666667 0.6148148148148148 0.2903645833333333 0.6203703703703703 0.29453125 0.6203703703703703 0.2981770833333333 0.6361111111111111 0.31536458333333334 0.6305555555555555 0.3372395833333333 0.6305555555555555 0.3377604166666667 0.6453703703703704 0.3611979166666667 0.6435185185185185 0.3684895833333333 0.6324074074074074 0.3734375 0.6356481481481482 0.37265625 0.6203703703703703 0.3736979166666667 0.625 0.3815104166666667 0.6259259259259259 0.39401041666666664 0.6175925925925926 0.4002604166666667 0.6064814814814815 0.41119791666666666 0.6092592592592593 0.41302083333333334 0.6069444444444444 0.4125 0.5995370370370371 0.4158854166666667 0.5962962962962963 0.4200520833333333 0.5972222222222222 0.4236979166666667 0.6055555555555555 0.4276041666666667 0.5995370370370371 0.4276041666666667 0.5930555555555556 0.4315104166666667 0.5833333333333334 0.4627604166666667 0.575 0.4671875 0.5615740740740741 0.4661458333333333 0.5458333333333333 0.4627604166666667 0.5361111111111111 0.4356770833333333 0.5388888888888889 0.42994791666666665 0.5361111111111111 0.4236979166666667 0.5259259259259259 0.41171875 0.5342592592592592 0.40703125 0.5314814814814814 0.4049479166666667 0.5231481481481481 0.39817708333333335 0.5259259259259259 0.3888020833333333 0.5111111111111111 0.3841145833333333 0.5120370370370371 0.37942708333333336 0.5194444444444445 0.3768229166666667 0.5074074074074074 0.37526041666666665 0.5148148148148148 0.3690104166666667 0.5212962962962963 0.36484375 0.5212962962962963 0.3625 0.5097222222222222 0.35703125 0.5037037037037037 0.3377604166666667 0.5046296296296297 0.3299479166666667 0.5092592592592593 0.3338541666666667 0.5217592592592593 0.33151041666666664 0.5305555555555556 0.29765625 0.5361111111111111 0.28828125 0.5583333333333333 0.2794270833333333 0.5648148148148148 0.2747395833333333 0.5657407407407408 0.2703125 0.5606481481481481 0.2669270833333333 0.5296296296296297 0.24401041666666667 0.5351851851851852 0.23932291666666666 0.5305555555555556 0.23385416666666667 0.5430555555555555 0.23489583333333333 0.5708333333333333 0.22760416666666666 0.5782407407407407 0.22708333333333333 0.6032407407407407 0.23151041666666666 0.6231481481481481 0.23958333333333334 0.624537037037037 0.24322916666666666 0.6541666666666667 0.2453125 0.6625 0.24791666666666667 0.6643518518518519 0.25807291666666665 0.6583333333333333 0.26276041666666666 0.6583333333333333
0 0.596875 0.1449074074074074 0.5963541666666666 0.13287037037037036 0.59140625 0.1259259259259259 0.5846354166666666 0.12777777777777777 0.5807291666666666 0.13935185185185187 0.5822916666666667 0.15046296296296297 0.5890625 0.15601851851851853 0.5924479166666666 0.15462962962962962 0.596875 0.1449074074074074