3 0.4703125 0.11157407407407408 0.46588541666666666 0.09907407407407408 0.4596354166666667 0.09722222222222222 0.4546875 0.10416666666666667 0.45364583333333336 0.11342592592592593 0.45755208333333336 0.1259259259259259 0.4635416666666667 0.12824074074074074 0.46822916666666664 0.12361111111111112 0.4703125 0.11157407407407408
3 0.19635416666666666 0.13287037037037036 0.18984375 0.1259259259259259 0.18307291666666667 0.12777777777777777 0.17916666666666667 0.13935185185185187 0.18072916666666666 0.1486111111111111 0.18723958333333332 0.1574074074074074 0.19322916666666667 0.15694444444444444 0.19791666666666666 0.1486111111111111 0.19635416666666666 0.13287037037037036
3 0.24895833333333334 0.2773148148148148 0.24296875 0.26851851851851855 0.23567708333333334 0.26944444444444443 0.23125 0.27824074074074073 0.2328125 0.2912037037037037 0.23776041666666667 0.29814814814814816 0.24427083333333333 0.2986111111111111 0.24947916666666667 0.2902777777777778 0.24895833333333334 0.2773148148148148
3 0.371875 0.46620370370370373 0.3684895833333333 0.45740740740740743 0.3606770833333333 0.45555555555555555 0.35625 0.4625 0.35520833333333335 0.4736111111111111 0.35859375 0.48148148148148145 0.3651041666666667 0.4837962962962963 0.3703125 0.47824074074074074 0.371875 0.46620370370370373
3 0.296875 0.5087962962962963 0.29192708333333334 0.5018518518518519 0.28463541666666664 0.5027777777777778 0.28020833333333334 0.5106481481481482 0.28020833333333334 0.5217592592592593 0.28515625 0.5305555555555556 0.2911458333333333 0.5310185185185186 0.296875 0.5236111111111111 0.296875 0.5087962962962963
3 0.38125 0.6050925925925926 0.3763020833333333 0.5953703703703703 0.3690104166666667 0.5962962962962963 0.3645833333333333 0.6060185185185185 0.3651041666666667 0.6152777777777778 0.36953125 0.6231481481481481 0.37552083333333336 0.6236111111111111 0.3802083333333333 0.6180555555555556 0.38125 0.6050925925925926
3 0.3572916666666667 0.7032407407407407 0.3528645833333333 0.6935185185185185 0.34713541666666664 0.6925925925925925 0.3416666666666667 0.6976851851851852 0.33958333333333335 0.711574074074074 0.3424479166666667 0.7203703703703703 0.3494791666666667 0.7236111111111111 0.35520833333333335 0.7180555555555556 0.3572916666666667 0.7032407407407407
3 0.2203125 0.6865740740740741 0.21588541666666666 0.6768518518518518 0.20911458333333333 0.6759259259259259 0.20260416666666667 0.6828703703703703 0.2015625 0.6949074074074074 0.20494791666666667 0.7046296296296296 0.21302083333333333 0.7060185185185185 0.21875 0.6995370370370371 0.2203125 0.6865740740740741
3 0.17395833333333333 0.5090974453703704 0.16901041666666666 0.5003011490740741 0.16015625 0.5003011490740741 0.1546875 0.5100233712962963 0.15520833333333334 0.5192826305555556 0.16015625 0.5290048527777778 0.16666666666666666 0.5294678157407408 0.17291666666666666 0.5229863342592592 0.17395833333333333 0.5090974453703704
3 0.2046875 0.06157407407407407 0.19921875 0.053703703703703705 0.19036458333333334 0.05462962962962963 0.18802083333333333 0.0625 0.1890625 0.07731481481481481 0.19401041666666666 0.08425925925925926 0.20052083333333334 0.08472222222222223 0.20520833333333333 0.07824074074074074 0.2046875 0.06157407407407407
3 0.18802083333333333 0.05416666666666667 0.18255208333333334 0.04722222222222222 0.17526041666666667 0.04814814814814815 0.171875 0.055092592592592596 0.1734375 0.07083333333333333 0.17890625 0.07777777777777778 0.18541666666666667 0.07731481481481481 0.18854166666666666 0.07268518518518519 0.18802083333333333 0.05416666666666667
0 0.25364583333333335 0.5627834888888888 0.24973958333333332 0.5521353407407407 0.24348958333333334 0.5493575629629629 0.23645833333333333 0.5563020074074073 0.23489583333333333 0.5683390444444444 0.23880208333333333 0.5780612666666666 0.24479166666666666 0.5803760814814815 0.2515625 0.5748205259259259 0.25364583333333335 0.5627834888888888