3 0.1796875 0.05787037037037037 0.17473958333333334 0.04814814814814815 0.16692708333333334 0.04722222222222222 0.16197916666666667 0.056018518518518516 0.1625 0.06805555555555555 0.16692708333333334 0.07685185185185185 0.17395833333333333 0.07824074074074074 0.1796875 0.07175925925925926 0.1796875 0.05787037037037037
3 0.24895833333333334 0.056018518518518516 0.24296875 0.04814814814814815 0.23619791666666667 0.049074074074074076 0.2328125 0.056018518518518516 0.23333333333333334 0.0699074074074074 0.23880208333333333 0.0787037037037037 0.24479166666666666 0.07916666666666666 0.25 0.07083333333333333 0.24895833333333334 0.056018518518518516
3 0.2791666666666667 0.11712962962962963 0.2747395833333333 0.10740740740740741 0.26640625 0.10555555555555556 0.26197916666666665 0.1125 0.2625 0.12824074074074074 0.2669270833333333 0.13518518518518519 0.27239583333333334 0.13657407407407407 0.2786458333333333 0.1300925925925926 0.2791666666666667 0.11712962962962963
3 0.3223958333333333 0.06157407407407407 0.31744791666666666 0.05462962962962963 0.30859375 0.05648148148148148 0.30625 0.0625 0.3067708333333333 0.0763888888888889 0.31223958333333335 0.08518518518518518 0.3182291666666667 0.08564814814814815 0.3234375 0.07731481481481481 0.3223958333333333 0.06157407407407407
3 0.22708333333333333 0.7652777777777777 0.22213541666666667 0.7564814814814815 0.21536458333333333 0.7564814814814815 0.209375 0.7652777777777777 0.20833333333333334 0.7754629629629629 0.21171875 0.7851851851851852 0.2203125 0.7865740740740741 0.22604166666666667 0.7791666666666667 0.22708333333333333 0.7652777777777777
3 0.18333333333333332 0.8513888888888889 0.18229166666666666 0.8430555555555556 0.17630208333333333 0.8361111111111111 0.16796875 0.8398148148148148 0.16354166666666667 0.8532407407407407 0.16588541666666667 0.8657407407407407 0.1734375 0.8689814814814815 0.17890625 0.8657407407407407 0.18333333333333332 0.8513888888888889
3 0.17135416666666667 0.9152777777777777 0.1703125 0.9013888888888889 0.16536458333333334 0.8953703703703704 0.15703125 0.8981481481481481 0.15260416666666668 0.9097222222222222 0.15364583333333334 0.9226851851851852 0.15755208333333334 0.9277777777777778 0.1625 0.9282407407407407 0.16796875 0.924074074074074 0.17135416666666667 0.9152777777777777
3 0.4583333333333333 0.36342592592592593 0.4549479166666667 0.35462962962962963 0.44765625 0.3527777777777778 0.4432291666666667 0.3587962962962963 0.4432291666666667 0.37175925925925923 0.4471354166666667 0.37962962962962965 0.45260416666666664 0.3800925925925926 0.4578125 0.3726851851851852 0.4583333333333333 0.36342592592592593
3 0.5135416666666667 0.36064814814814816 0.5096354166666667 0.35 0.50390625 0.34814814814814815 0.49895833333333334 0.35324074074074074 0.4973958333333333 0.3662037037037037 0.5013020833333334 0.37592592592592594 0.50625 0.3773148148148148 0.5125 0.37083333333333335 0.5135416666666667 0.36064814814814816
3 0.6052083333333333 0.4368447759259259 0.6002604166666666 0.4261966277777778 0.5950520833333334 0.4261966277777778 0.5901041666666667 0.43406699814814814 0.5901041666666667 0.4451781092592592 0.5924479166666666 0.45119662777777775 0.5989583333333334 0.4535114425925926 0.6041666666666666 0.44795588703703704 0.6052083333333333 0.4368447759259259
3 0.5645833333333333 0.5365740740740741 0.5611979166666666 0.5287037037037037 0.55703125 0.5259259259259259 0.55 0.5328703703703703 0.5489583333333333 0.5458333333333333 0.5533854166666666 0.5546296296296296 0.5583333333333333 0.5550925925925926 0.5640625 0.5476851851851852 0.5645833333333333 0.5365740740740741
1 0.22760416666666666 0.5023148148148148 0.22604166666666667 0.4726851851851852 0.2234375 0.4615740740740741 0.22630208333333332 0.4537037037037037 0.24348958333333334 0.462037037037037 0.26328125 0.45740740740740743 0.26848958333333334 0.4537037037037037 0.2671875 0.44675925925925924 0.2825520833333333 0.42407407407407405 0.28854166666666664 0.43194444444444446 0.2859375 0.4393518518518518 0.2859375 0.4476851851851852 0.2908854166666667 0.4601851851851852 0.30546875 0.4546296296296296 0.3104166666666667 0.44675925925925924 0.3109375 0.43194444444444446 0.30416666666666664 0.41898148148148145 0.3184895833333333 0.4083333333333333 0.3260416666666667 0.3902777777777778 0.33177083333333335 0.38287037037037036 0.33229166666666665 0.3773148148148148 0.32760416666666664 0.37083333333333335 0.3294270833333333 0.3611111111111111 0.33255208333333336 0.3638888888888889 0.3419270833333333 0.3611111111111111 0.34713541666666664 0.35185185185185186 0.3541666666666667 0.34675925925925927 0.35572916666666665 0.3421296296296296 0.35208333333333336 0.32083333333333336 0.3684895833333333 0.30277777777777776 0.3731770833333333 0.3055555555555556 0.3765625 0.29953703703703705 0.37864583333333335 0.2865740740740741 0.3776041666666667 0.26990740740740743 0.37109375 0.2574074074074074 0.36640625 0.25555555555555554 0.34348958333333335 0.27685185185185185 0.3372395833333333 0.27870370370370373 0.33359375 0.2861111111111111 0.32838541666666665 0.2833333333333333 0.32005208333333335 0.29074074074074074 0.30807291666666664 0.29074074074074074 0.3059895833333333 0.2861111111111111 0.2986979166666667 0.30185185185185187 0.2903645833333333 0.2935185185185185 0.28671875 0.29444444444444445 0.27369791666666665 0.31203703703703706 0.25338541666666664 0.3277777777777778 0.25234375 0.33425925925925926 0.24609375 0.3351851851851852 0.24114583333333334 0.34675925925925927 0.240625 0.36157407407407405 0.23359375 0.37222222222222223 0.22317708333333333 0.3787037037037037 0.21536458333333333 0.3768518518518518 0.20807291666666666 0.38333333333333336 0.20520833333333333 0.3902777777777778 0.20572916666666666 0.3976851851851852 0.20026041666666666 0.4046296296296296 0.19661458333333334 0.40555555555555556 0.18359375 0.3814814814814815 0.17734375 0.375 0.17265625 0.3861111111111111 0.15755208333333334 0.3972222222222222 0.15520833333333334 0.40324074074074073 0.15520833333333334 0.4115740740740741 0.15989583333333332 0.43287037037037035 0.159375 0.45231481481481484 0.16354166666666667 0.4634259259259259 0.17369791666666667 0.4842592592592593 0.18723958333333332 0.487962962962963 0.19869791666666667 0.5101851851851852 0.2046875 0.5143518518518518 0.21588541666666666 0.4981481481481482 0.22760416666666666 0.5023148148148148
0 0.7869791666666667 0.7578703703703704 0.7809895833333333 0.75 0.77421875 0.7509259259259259 0.7708333333333334 0.7587962962962963 0.771875 0.7708333333333334 0.77734375 0.7787037037037037 0.7822916666666667 0.7791666666666667 0.7875 0.7708333333333334 0.7869791666666667 0.7578703703703704