3 0.5041666666666667 0.10905357685185185 0.5002604166666667 0.10025728055555555 0.4940104166666667 0.0984054287037037 0.4895833333333333 0.10442394722222222 0.48854166666666665 0.12016468796296297 0.4934895833333333 0.12896098425925925 0.49895833333333334 0.12849802129629628 0.5036458333333333 0.12016468796296297 0.5041666666666667 0.10905357685185185
3 0.6652639072916667 0.14148768703703704 0.6637014072916667 0.13130250185185185 0.6592743239583334 0.12620990925925926 0.652503490625 0.12991361296296297 0.648597240625 0.1396358351851852 0.650159740625 0.15259879814814814 0.6574514072916667 0.1572284277777778 0.6637014072916667 0.14982102037037037 0.6652639072916667 0.14148768703703704
3 0.7994791666666666 0.16805555555555557 0.7955729166666666 0.16111111111111112 0.7903645833333334 0.16018518518518518 0.784375 0.16712962962962963 0.7833333333333333 0.18194444444444444 0.7872395833333333 0.18888888888888888 0.79375 0.1884259259259259 0.7984375 0.18194444444444444 0.7994791666666666 0.16805555555555557
3 0.8177083333333334 0.1375 0.8138020833333334 0.13240740740740742 0.80703125 0.13240740740740742 0.8020833333333334 0.14027777777777778 0.8020833333333334 0.15324074074074073 0.80546875 0.15925925925925927 0.8125 0.1597222222222222 0.8171875 0.15138888888888888 0.8177083333333334 0.1375
3 0.8161458333333333 0.25074758148148146 0.8143229166666667 0.24380313703703704 0.8075520833333333 0.24009943333333333 0.8 0.24704387777777778 0.7984375 0.2581549888888889 0.80078125 0.26602535925925924 0.809375 0.26834017407407407 0.8151041666666666 0.2618586925925926 0.8161458333333333 0.25074758148148146
3 0.821875 0.38564814814814813 0.8158854166666667 0.37592592592592594 0.81015625 0.37777777777777777 0.8052083333333333 0.38657407407407407 0.8052083333333333 0.3958333333333333 0.80859375 0.4027777777777778 0.8161458333333333 0.4041666666666667 0.8208333333333333 0.3976851851851852 0.821875 0.38564814814814813
3 0.7229166666666667 0.44305555555555554 0.721875 0.43287037037037035 0.71796875 0.42777777777777776 0.7106770833333333 0.42962962962962964 0.70625 0.4393518518518518 0.7072916666666667 0.4486111111111111 0.7111979166666667 0.4546296296296296 0.7151041666666667 0.4550925925925926 0.71953125 0.4527777777777778 0.7229166666666667 0.44305555555555554
3 0.5125 0.9069444444444444 0.50859375 0.8962962962962963 0.5018229166666667 0.8944444444444445 0.4973958333333333 0.899537037037037 0.49583333333333335 0.9152777777777777 0.4986979166666667 0.924074074074074 0.50625 0.9263888888888889 0.5109375 0.9199074074074074 0.5125 0.9069444444444444
3 0.7963541666666667 0.7532407407407408 0.7924479166666667 0.7481481481481481 0.7846354166666667 0.7481481481481481 0.7802083333333333 0.7597222222222222 0.7817708333333333 0.7689814814814815 0.7861979166666667 0.775 0.7927083333333333 0.7754629629629629 0.7973958333333333 0.7689814814814815 0.7963541666666667 0.7532407407407408
3 0.815625 0.8013888888888889 0.81171875 0.7962962962962963 0.8044270833333333 0.7962962962962963 0.8005208333333333 0.8023148148148148 0.8005208333333333 0.8162037037037037 0.80703125 0.825 0.8125 0.8245370370370371 0.8166666666666667 0.8171296296296297 0.815625 0.8013888888888889
0 0.1984375 0.9208333333333333 0.19401041666666666 0.9111111111111111 0.18776041666666668 0.9092592592592592 0.18072916666666666 0.9171296296296296 0.17916666666666667 0.9300925925925926 0.18307291666666667 0.9407407407407408 0.18958333333333333 0.9421296296296297 0.19583333333333333 0.9356481481481481 0.1984375 0.9208333333333333
1 0.7479166666666667 0.9486111111111111 0.746875 0.9273148148148148 0.7510416666666667 0.9143518518518519 0.7494791666666667 0.875462962962963 0.74609375 0.8685185185185185 0.7411458333333333 0.8680555555555556 0.7338541666666667 0.825462962962963 0.71796875 0.8287037037037037 0.71015625 0.8194444444444444 0.7075520833333333 0.8212962962962963 0.7083333333333334 0.8310185185185185 0.7057291666666666 0.8421296296296297 0.7072916666666667 0.8652777777777778 0.69765625 0.8694444444444445 0.6953125 0.8652777777777778 0.6947916666666667 0.8523148148148149 0.6903645833333333 0.8444444444444444 0.6638020833333333 0.8222222222222222 0.65390625 0.8185185185185185 0.6471354166666666 0.8287037037037037 0.6361979166666667 0.8305555555555556 0.6364583333333333 0.8236111111111111 0.6401041666666667 0.8171296296296297 0.6411458333333333 0.799537037037037 0.6395833333333333 0.7902777777777777 0.6325520833333333 0.7842592592592592 0.6216145833333333 0.7842592592592592 0.61640625 0.787962962962963 0.6130208333333333 0.7949074074074074 0.6122395833333333 0.8194444444444444 0.6028645833333334 0.8148148148148148 0.59921875 0.8092592592592592 0.5893229166666667 0.8083333333333333 0.59140625 0.812037037037037 0.59765625 0.812962962962963 0.5979166666666667 0.8162037037037037 0.5841145833333333 0.8240740740740741 0.5809895833333333 0.8342592592592593 0.5765625 0.8300925925925926 0.5802083333333333 0.8134259259259259 0.5854166666666667 0.8087962962962963 0.58046875 0.8074074074074075 0.5723958333333333 0.8189814814814815 0.5653645833333333 0.8407407407407408 0.5611979166666666 0.8351851851851851 0.5557291666666667 0.8384259259259259 0.5528645833333333 0.8629629629629629 0.52578125 0.8648148148148148 0.5203125 0.8782407407407408 0.5208333333333334 0.9004629629629629 0.52421875 0.9083333333333333 0.5580729166666667 0.9120370370370371 0.56484375 0.9185185185185185 0.56953125 0.9175925925925926 0.5768229166666666 0.9333333333333333 0.5856770833333333 0.9398148148148148 0.5903645833333333 0.95 0.6080729166666666 0.9527777777777777 0.6231770833333333 0.9407407407407408 0.6403645833333333 0.9425925925925925 0.6463541666666667 0.9337962962962963 0.64765625 0.9268518518518518 0.6518229166666667 0.9305555555555556 0.65546875 0.9259259259259259 0.66640625 0.924074074074074 0.67109375 0.924074074074074 0.68359375 0.9342592592592592 0.68671875 0.9416666666666667 0.68828125 0.937962962962963 0.69765625 0.937962962962963 0.7015625 0.9236111111111112 0.7044270833333334 0.9231481481481482 0.7130208333333333 0.9273148148148148 0.7135416666666666 0.9421296296296297 0.7229166666666667 0.9587962962962963 0.7455729166666667 0.9583333333333334 0.7479166666666667 0.9486111111111111
3 0.5354166666666667 0.6069444444444444 0.53046875 0.6 0.52578125 0.6 0.5208333333333334 0.6087962962962963 0.5208333333333334 0.6208333333333333 0.5252604166666667 0.6277777777777778 0.53125 0.6273148148148148 0.5354166666666667 0.6208333333333333 0.5354166666666667 0.6069444444444444