3 0.3338541666666667 0.8699074074074075 0.3299479166666667 0.8592592592592593 0.32421875 0.8574074074074074 0.3171875 0.8662037037037037 0.31614583333333335 0.8800925925925925 0.31953125 0.887962962962963 0.3265625 0.8893518518518518 0.33177083333333335 0.8828703703703704 0.3338541666666667 0.8699074074074075
3 0.39010416666666664 0.9023148148148148 0.3885416666666667 0.888425925925926 0.38255208333333335 0.8824074074074074 0.3763020833333333 0.8851851851851852 0.371875 0.899537037037037 0.3723958333333333 0.9078703703703703 0.37526041666666665 0.9138888888888889 0.38125 0.9152777777777777 0.38567708333333334 0.9138888888888889 0.39010416666666664 0.9023148148148148
3 0.48854166666666665 0.8856481481481482 0.48463541666666665 0.8768518518518519 0.4783854166666667 0.8759259259259259 0.47291666666666665 0.8847222222222222 0.47239583333333335 0.8958333333333334 0.4747395833333333 0.9037037037037037 0.4828125 0.9060185185185186 0.48802083333333335 0.899537037037037 0.48854166666666665 0.8856481481481482
3 0.6973958333333333 0.8041666666666667 0.6908854166666667 0.7944444444444444 0.6861979166666666 0.7953703703703704 0.6817708333333333 0.8023148148148148 0.6822916666666666 0.8162037037037037 0.68671875 0.8231481481481482 0.6927083333333334 0.8236111111111111 0.6973958333333333 0.8171296296296297 0.6973958333333333 0.8041666666666667
3 0.5578125 0.5467592592592593 0.55390625 0.5388888888888889 0.5481770833333334 0.537962962962963 0.5432291666666667 0.5458333333333333 0.5432291666666667 0.5587962962962963 0.5481770833333334 0.5657407407407408 0.5541666666666667 0.5652777777777778 0.5578125 0.5587962962962963 0.5578125 0.5467592592592593
3 0.4515625 0.48657407407407405 0.44817708333333334 0.4787037037037037 0.43984375 0.4787037037037037 0.43645833333333334 0.48657407407407405 0.4359375 0.49583333333333335 0.4388020833333333 0.5027777777777778 0.44635416666666666 0.5050925925925925 0.4515625 0.4976851851851852 0.4515625 0.48657407407407405
3 0.6260416666666667 0.5236111111111111 0.6200520833333333 0.5138888888888888 0.6158854166666666 0.5138888888888888 0.6114583333333333 0.5189814814814815 0.6104166666666667 0.5319444444444444 0.61328125 0.5398148148148149 0.6203125 0.5421296296296296 0.625 0.5365740740740741 0.6260416666666667 0.5236111111111111
3 0.7057291666666666 0.5171296296296296 0.70234375 0.5138888888888888 0.69140625 0.5157407407407407 0.6911458333333333 0.5310185185185186 0.69453125 0.5361111111111111 0.7005208333333334 0.5365740740740741 0.7057291666666666 0.5300925925925926 0.7057291666666666 0.5171296296296296
3 0.7791666666666667 0.2375 0.77578125 0.22777777777777777 0.7684895833333333 0.22592592592592592 0.7625 0.2337962962962963 0.7619791666666667 0.24583333333333332 0.7674479166666667 0.25462962962962965 0.7729166666666667 0.25416666666666665 0.7770833333333333 0.24953703703703703 0.7791666666666667 0.2375
3 0.7385416666666667 0.24675925925925926 0.7380208333333333 0.23657407407407408 0.7325520833333333 0.22962962962962963 0.7252604166666666 0.2324074074074074 0.721875 0.24212962962962964 0.7229166666666667 0.25324074074074077 0.7302083333333333 0.2587962962962963 0.7346354166666667 0.2564814814814815 0.7385416666666667 0.24675925925925926
3 0.6666666666666666 0.1449074074074074 0.66328125 0.1361111111111111 0.6591145833333333 0.13425925925925927 0.6520833333333333 0.14027777777777778 0.6505208333333333 0.1550925925925926 0.6549479166666666 0.1638888888888889 0.6609375 0.16342592592592592 0.665625 0.15694444444444444 0.6666666666666666 0.1449074074074074
0 0.6973958333333333 0.5578703703703703 0.6934895833333333 0.5481481481481482 0.6861979166666666 0.5453703703703704 0.68125 0.5523148148148148 0.6807291666666667 0.5634259259259259 0.6841145833333333 0.5722222222222222 0.6911458333333333 0.5736111111111111 0.6963541666666667 0.5671296296296297 0.6973958333333333 0.5578703703703703
1 0.6903645833333333 0.5120370370370371 0.69765625 0.5148148148148148 0.70234375 0.5101851851851852 0.7059895833333333 0.5148148148148148 0.71796875 0.5111111111111111 0.7221354166666667 0.5157407407407407 0.72578125 0.5055555555555555 0.7283854166666667 0.5083333333333333 0.7377604166666667 0.5055555555555555 0.74921875 0.4824074074074074 0.7731770833333333 0.48055555555555557 0.7786458333333334 0.4736111111111111 0.7807291666666667 0.46620370370370373 0.7802083333333333 0.4532407407407407 0.77421875 0.4444444444444444 0.7528645833333333 0.44074074074074077 0.7388020833333333 0.42685185185185187 0.7372395833333333 0.41574074074074074 0.7291666666666666 0.4134259259259259 0.7260416666666667 0.38842592592592595 0.72265625 0.3814814814814815 0.7208333333333333 0.38287037037037036 0.7203125 0.39490740740740743 0.7229166666666667 0.4050925925925926 0.71796875 0.412962962962963 0.71484375 0.4083333333333333 0.6877604166666667 0.412962962962963 0.6799479166666667 0.3972222222222222 0.6606770833333333 0.39814814814814814 0.6549479166666666 0.40185185185185185 0.6518229166666667 0.3962962962962963 0.64765625 0.3990740740740741 0.6315104166666666 0.3962962962962963 0.6114583333333333 0.4050925925925926 0.6145833333333334 0.43287037037037035 0.6104166666666667 0.449537037037037 0.6104166666666667 0.4634259259259259 0.6166666666666667 0.4847222222222222 0.61953125 0.5138888888888888 0.6299479166666667 0.5157407407407407 0.6315104166666666 0.524074074074074 0.6330729166666667 0.5157407407407407 0.63984375 0.5166666666666667 0.6455729166666667 0.5111111111111111 0.6559895833333333 0.5092592592592593 0.6588541666666666 0.5236111111111111 0.6627604166666666 0.5305555555555556 0.66953125 0.5305555555555556 0.6705729166666666 0.5277777777777778 0.6752604166666667 0.5305555555555556 0.6778645833333333 0.524074074074074 0.6828125 0.5300925925925926 0.68671875 0.5055555555555555 0.6903645833333333 0.5120370370370371