3 0.18020833333333333 0.06157407407407407 0.17526041666666667 0.049074074074074076 0.16848958333333333 0.04722222222222222 0.1625 0.05416666666666667 0.16145833333333334 0.06342592592592593 0.16588541666666667 0.07592592592592592 0.17291666666666666 0.07916666666666666 0.17864583333333334 0.07453703703703704 0.18020833333333333 0.06157407407407407
3 0.459375 0.07453703703703704 0.45598958333333334 0.06481481481481481 0.44973958333333336 0.06296296296296296 0.44427083333333334 0.0699074074074074 0.44375 0.08194444444444444 0.4466145833333333 0.09074074074074075 0.45260416666666664 0.09398148148148149 0.4583333333333333 0.08842592592592592 0.459375 0.07453703703703704
3 0.5723958333333333 0.09490740740740741 0.5690104166666666 0.08518518518518518 0.56328125 0.08333333333333333 0.5578125 0.0912037037037037 0.5567708333333333 0.1050925925925926 0.5591145833333333 0.11203703703703703 0.5661458333333333 0.11435185185185186 0.571875 0.10694444444444444 0.5723958333333333 0.09490740740740741
3 0.4984375 0.41898148148148145 0.49505208333333334 0.4101851851851852 0.48984375 0.4074074074074074 0.48385416666666664 0.4134259259259259 0.4828125 0.4263888888888889 0.48723958333333334 0.4351851851851852 0.4921875 0.4356481481481482 0.4979166666666667 0.42824074074074076 0.4984375 0.41898148148148145
3 0.6 0.4949074074074074 0.5950520833333334 0.4861111111111111 0.5888020833333333 0.4861111111111111 0.5848958333333333 0.4949074074074074 0.5848958333333333 0.5041666666666667 0.5872395833333334 0.5101851851851852 0.5942708333333333 0.5125 0.5994791666666667 0.5060185185185185 0.6 0.4949074074074074
3 0.6057291666666667 0.5652777777777778 0.60234375 0.5537037037037037 0.5955729166666667 0.5509259259259259 0.5901041666666667 0.5587962962962963 0.5895833333333333 0.5671296296296297 0.5924479166666666 0.5768518518518518 0.5984375 0.5791666666666667 0.6041666666666666 0.5736111111111111 0.6057291666666667 0.5652777777777778
3 0.6734375 0.6180555555555556 0.6700520833333333 0.6111111111111112 0.6627604166666666 0.6083333333333333 0.6583333333333333 0.6143518518518518 0.6572916666666667 0.6273148148148148 0.6622395833333333 0.6370370370370371 0.6682291666666667 0.6365740740740741 0.6729166666666667 0.6310185185185185 0.6734375 0.6180555555555556
3 0.603125 0.6569444444444444 0.5981770833333333 0.6481481481481481 0.5924479166666666 0.6481481481481481 0.5885416666666666 0.6541666666666667 0.5875 0.663425925925926 0.59140625 0.674074074074074 0.596875 0.6763888888888889 0.603125 0.6689814814814815 0.603125 0.6569444444444444
3 0.4869791666666667 0.4828703703703704 0.4825520833333333 0.4777777777777778 0.47630208333333335 0.4787037037037037 0.47239583333333335 0.48657407407407405 0.47239583333333335 0.49675925925925923 0.4778645833333333 0.5055555555555555 0.4828125 0.5050925925925925 0.48802083333333335 0.4949074074074074 0.4869791666666667 0.4828703703703704
3 0.4510416666666667 0.48564814814814816 0.4471354166666667 0.4787037037037037 0.43984375 0.47962962962962963 0.43645833333333334 0.48657407407407405 0.4359375 0.49675925925925923 0.43984375 0.5046296296296297 0.44583333333333336 0.5060185185185185 0.4515625 0.49675925925925923 0.4510416666666667 0.48564814814814816
3 0.16927083333333334 0.9115740740740741 0.16588541666666667 0.9027777777777778 0.15755208333333334 0.9009259259259259 0.1515625 0.9087962962962963 0.15 0.9217592592592593 0.15286458333333333 0.9305555555555556 0.16145833333333334 0.9319444444444445 0.16770833333333332 0.9254629629629629 0.16927083333333334 0.9115740740740741
0 0.4869791666666667 0.4375 0.4825520833333333 0.4287037037037037 0.47682291666666665 0.4287037037037037 0.47239583333333335 0.4337962962962963 0.471875 0.4476851851851852 0.4752604166666667 0.4546296296296296 0.48072916666666665 0.4550925925925926 0.4859375 0.45046296296296295 0.4869791666666667 0.4375