3 0.5614583333333333 0.22361111111111112 0.55859375 0.21666666666666667 0.55234375 0.21481481481481482 0.5479166666666667 0.21898148148148147 0.5453125 0.23194444444444445 0.54921875 0.24259259259259258 0.5552083333333333 0.2439814814814815 0.5609375 0.23657407407407408 0.5614583333333333 0.22361111111111112
1 0.26328125 0.6574074074074074 0.2669270833333333 0.6638888888888889 0.27421875 0.6583333333333333 0.27708333333333335 0.649537037037037 0.275 0.6208333333333333 0.28046875 0.6148148148148148 0.2877604166666667 0.6148148148148148 0.2908854166666667 0.6203703703703703 0.2950520833333333 0.6203703703703703 0.2947916666666667 0.6273148148148148 0.2981770833333333 0.6361111111111111 0.30963541666666666 0.6305555555555555 0.3377604166666667 0.6305555555555555 0.33880208333333334 0.6444444444444445 0.36223958333333334 0.6425925925925926 0.37083333333333335 0.6291666666666667 0.37265625 0.6185185185185185 0.37421875 0.625 0.3815104166666667 0.6259259259259259 0.39401041666666664 0.6175925925925926 0.4002604166666667 0.6064814814814815 0.41171875 0.6092592592592593 0.4125 0.5995370370370371 0.4153645833333333 0.5962962962962963 0.4200520833333333 0.5962962962962963 0.4236979166666667 0.6055555555555555 0.4276041666666667 0.600462962962963 0.4270833333333333 0.5930555555555556 0.4309895833333333 0.5833333333333334 0.46328125 0.5740740740740741 0.4666666666666667 0.5652777777777778 0.4661458333333333 0.5486111111111112 0.4640625 0.5393518518518519 0.4596354166666667 0.5351851851851852 0.43255208333333334 0.5388888888888889 0.4231770833333333 0.5277777777777778 0.4122395833333333 0.5361111111111111 0.40625 0.5310185185185186 0.40546875 0.5231481481481481 0.39921875 0.5259259259259259 0.39609375 0.5138888888888888 0.3924479166666667 0.5185185185185185 0.38828125 0.5092592592592593 0.37994791666666666 0.5185185185185185 0.37916666666666665 0.5087962962962963 0.3768229166666667 0.5064814814814815 0.37473958333333335 0.5148148148148148 0.36484375 0.5222222222222223 0.3619791666666667 0.5097222222222222 0.35703125 0.5046296296296297 0.3372395833333333 0.5055555555555555 0.3328125 0.5097222222222222 0.33489583333333334 0.524537037037037 0.33203125 0.5314814814814814 0.29713541666666665 0.5370370370370371 0.28828125 0.5592592592592592 0.27630208333333334 0.5657407407407408 0.27109375 0.562962962962963 0.26979166666666665 0.5587962962962963 0.26640625 0.5296296296296297 0.24453125 0.5351851851851852 0.23932291666666666 0.5305555555555556 0.23541666666666666 0.5356481481481481 0.23385416666666667 0.5430555555555555 0.23541666666666666 0.5689814814814815 0.22760416666666666 0.5782407407407407 0.22708333333333333 0.6013888888888889 0.2296875 0.6199074074074075 0.23203125 0.6240740740740741 0.23932291666666666 0.6240740740740741 0.24114583333333334 0.6282407407407408 0.24322916666666666 0.6541666666666667 0.2453125 0.6625 0.24791666666666667 0.6643518518518519 0.2591145833333333 0.6564814814814814 0.26328125 0.6574074074074074
3 0.5182291666666666 0.10787037037037037 0.5138020833333333 0.09814814814814815 0.50859375 0.09722222222222222 0.5036458333333333 0.10324074074074074 0.5026041666666666 0.11805555555555555 0.5059895833333333 0.1259259259259259 0.5125 0.12731481481481483 0.5171875 0.12083333333333333 0.5182291666666666 0.10787037037037037
0 0.5979166666666667 0.13935185185185187 0.5940104166666667 0.1287037037037037 0.5872395833333334 0.12777777777777777 0.5817708333333333 0.13842592592592592 0.5817708333333333 0.1476851851851852 0.5861979166666667 0.15648148148148147 0.5916666666666667 0.15694444444444444 0.596875 0.14953703703703702 0.5979166666666667 0.13935185185185187
3 0.5614583333333333 0.3680555555555556 0.55703125 0.35833333333333334 0.55234375 0.3574074074074074 0.5453125 0.36712962962962964 0.5453125 0.3763888888888889 0.5486979166666667 0.38425925925925924 0.5541666666666667 0.38564814814814813 0.559375 0.38101851851851853 0.5614583333333333 0.3680555555555556
3 0.6161458333333333 0.47453703703703703 0.61328125 0.4675925925925926 0.60703125 0.4648148148148148 0.6010416666666667 0.47175925925925927 0.6 0.4828703703703704 0.60390625 0.4925925925925926 0.6083333333333333 0.49398148148148147 0.6145833333333334 0.48842592592592593 0.6161458333333333 0.47453703703703703
3 0.521875 0.47175925925925927 0.5213541666666667 0.4597222222222222 0.5153645833333333 0.4527777777777778 0.51015625 0.4546296296296296 0.50625 0.46620370370370373 0.5072916666666667 0.475462962962963 0.5140625 0.48194444444444445 0.5190104166666667 0.4787037037037037 0.521875 0.47175925925925927
3 0.5296875 0.48657407407407405 0.5263020833333333 0.47962962962962963 0.52109375 0.47685185185185186 0.5151041666666667 0.4828703703703704 0.5140625 0.49675925925925923 0.51796875 0.5046296296296297 0.5234375 0.5050925925925925 0.5291666666666667 0.4986111111111111 0.5296875 0.48657407407407405
3 0.5 0.5643518518518519 0.49713541666666666 0.5583333333333333 0.4908854166666667 0.5574074074074075 0.48541666666666666 0.5652777777777778 0.48489583333333336 0.5745370370370371 0.48880208333333336 0.5842592592592593 0.4942708333333333 0.5856481481481481 0.5005208333333333 0.5773148148148148 0.5 0.5643518518518519
3 0.49947916666666664 0.6393518518518518 0.49557291666666664 0.6287037037037037 0.4903645833333333 0.6268518518518519 0.48385416666666664 0.6356481481481482 0.48333333333333334 0.6430555555555556 0.48671875 0.6537037037037037 0.49166666666666664 0.6560185185185186 0.4984375 0.649537037037037 0.49947916666666664 0.6393518518518518
3 0.19947916666666668 0.3282407407407407 0.19505208333333332 0.3148148148148148 0.18671875 0.31203703703703706 0.18125 0.3189814814814815 0.18020833333333333 0.32916666666666666 0.18307291666666667 0.33796296296296297 0.18958333333333333 0.3421296296296296 0.19609375 0.3388888888888889 0.19947916666666668 0.3282407407407407
3 0.7505208333333333 0.6273148148148148 0.74765625 0.6194444444444445 0.74140625 0.6157407407407407 0.7354166666666667 0.6208333333333333 0.7338541666666667 0.6347222222222222 0.7377604166666667 0.6425925925925926 0.74375 0.6439814814814815 0.7494791666666667 0.6375 0.7505208333333333 0.6273148148148148
3 0.5666666666666667 0.9208333333333333 0.5661458333333333 0.9097222222222222 0.5611979166666666 0.9009259259259259 0.5549479166666667 0.9018518518518519 0.5505208333333333 0.9115740740740741 0.5515625 0.9254629629629629 0.5572916666666666 0.9319444444444445 0.5638020833333334 0.9296296296296296 0.5666666666666667 0.9208333333333333