3 0.17916666666666667 0.056018518518518516 0.17317708333333334 0.04722222222222222 0.16484375 0.049074074074074076 0.16197916666666667 0.056018518518518516 0.16302083333333334 0.0699074074074074 0.16692708333333334 0.07685185185185185 0.17395833333333333 0.07824074074074074 0.18020833333333333 0.0699074074074074 0.17916666666666667 0.056018518518518516
3 0.24895833333333334 0.056018518518518516 0.24296875 0.04814814814814815 0.23619791666666667 0.049074074074074076 0.2328125 0.056018518518518516 0.23333333333333334 0.0699074074074074 0.23880208333333333 0.0787037037037037 0.24479166666666666 0.07916666666666666 0.25 0.07083333333333333 0.24895833333333334 0.056018518518518516
3 0.321875 0.059722222222222225 0.31536458333333334 0.053703703703703705 0.30963541666666666 0.05555555555555555 0.30625 0.06342592592592593 0.3072916666666667 0.07731481481481481 0.31223958333333335 0.08518518518518518 0.3182291666666667 0.08564814814814815 0.3234375 0.07731481481481481 0.321875 0.059722222222222225
3 0.2796875 0.11898148148148148 0.27421875 0.10648148148148148 0.2674479166666667 0.10462962962962963 0.2630208333333333 0.1087962962962963 0.2609375 0.11990740740740741 0.26536458333333335 0.13425925925925927 0.2713541666666667 0.1375 0.278125 0.13287037037037036 0.2796875 0.11898148148148148
3 0.22708333333333333 0.7754629629629629 0.22708333333333333 0.7652777777777777 0.22213541666666667 0.7564814814814815 0.21536458333333333 0.7564814814814815 0.20885416666666667 0.7671296296296296 0.20989583333333334 0.7819444444444444 0.21614583333333334 0.7875 0.22317708333333333 0.7842592592592592 0.22708333333333333 0.7754629629629629
3 0.1828125 0.8569444444444444 0.18229166666666666 0.8430555555555556 0.17682291666666666 0.8361111111111111 0.16848958333333333 0.8388888888888889 0.16354166666666667 0.8513888888888889 0.16510416666666666 0.8643518518518518 0.1734375 0.8689814814814815 0.17890625 0.8657407407407407 0.1828125 0.8569444444444444
3 0.17135416666666667 0.9152777777777777 0.17083333333333334 0.9023148148148148 0.16536458333333334 0.8953703703703704 0.15703125 0.8981481481481481 0.15260416666666668 0.9106481481481481 0.15364583333333334 0.9226851851851852 0.15703125 0.9277777777777778 0.1625 0.9282407407407407 0.16796875 0.924074074074074 0.17135416666666667 0.9152777777777777
3 0.4583333333333333 0.36342592592592593 0.4549479166666667 0.35462962962962963 0.44973958333333336 0.35185185185185186 0.4432291666666667 0.3587962962962963 0.4427083333333333 0.3680555555555556 0.4471354166666667 0.37962962962962965 0.45260416666666664 0.3800925925925926 0.4578125 0.3726851851851852 0.4583333333333333 0.36342592592592593
3 0.5130208333333334 0.3578703703703704 0.50859375 0.3490740740740741 0.50234375 0.3490740740740741 0.4979166666666667 0.35694444444444445 0.4979166666666667 0.36898148148148147 0.5028645833333333 0.3768518518518518 0.5078125 0.3763888888888889 0.5125 0.3699074074074074 0.5130208333333334 0.3578703703703704
3 0.6052083333333333 0.43657407407407406 0.6002604166666666 0.42592592592592593 0.5950520833333334 0.42592592592592593 0.5901041666666667 0.4337962962962963 0.5901041666666667 0.4449074074074074 0.5924479166666666 0.45092592592592595 0.5994791666666667 0.4532407407407407 0.6041666666666666 0.4476851851851852 0.6052083333333333 0.43657407407407406
3 0.5645833333333333 0.5365740740740741 0.5611979166666666 0.5287037037037037 0.55703125 0.5259259259259259 0.55 0.5328703703703703 0.5489583333333333 0.5458333333333333 0.5533854166666666 0.5546296296296296 0.5588541666666667 0.5550925925925926 0.5635416666666667 0.549537037037037 0.5645833333333333 0.5365740740740741
1 0.28828125 0.5064814814814815 0.2986979166666667 0.5018518518518519 0.3046875 0.4949074074074074 0.30911458333333336 0.48055555555555557 0.32265625 0.4685185185185185 0.32708333333333334 0.46064814814814814 0.32447916666666665 0.449537037037037 0.325 0.43472222222222223 0.32135416666666666 0.4310185185185185 0.31875 0.4199074074074074 0.3104166666666667 0.4060185185185185 0.31197916666666664 0.38842592592592595 0.30833333333333335 0.37175925925925923 0.31015625 0.36018518518518516 0.31484375 0.36018518518518516 0.31953125 0.3675925925925926 0.3260416666666667 0.3560185185185185 0.3229166666666667 0.3421296296296296 0.3138020833333333 0.32407407407407407 0.3020833333333333 0.3263888888888889 0.2989583333333333 0.29953703703703705 0.2947916666666667 0.2949074074074074 0.28802083333333334 0.274537037037037 0.28229166666666666 0.2652777777777778 0.2796875 0.2439814814814815 0.2760416666666667 0.23657407407407408 0.27109375 0.23148148148148148 0.2591145833333333 0.22962962962962963 0.25416666666666665 0.20972222222222223 0.25 0.2023148148148148 0.246875 0.18194444444444444 0.23932291666666666 0.17037037037037037 0.23046875 0.16944444444444445 0.22317708333333333 0.17592592592592593 0.21979166666666666 0.1875 0.23020833333333332 0.25046296296296294 0.221875 0.27824074074074073 0.2203125 0.2865740740740741 0.22239583333333332 0.29305555555555557 0.2203125 0.300462962962963 0.22395833333333334 0.3050925925925926 0.22604166666666667 0.32546296296296295 0.23072916666666668 0.3347222222222222 0.23541666666666666 0.3560185185185185 0.240625 0.36898148148148147 0.2359375 0.38472222222222224 0.24114583333333334 0.4097222222222222 0.24765625 0.4203703703703704 0.25494791666666666 0.42314814814814816 0.25677083333333334 0.4300925925925926 0.2557291666666667 0.43842592592592594 0.24713541666666666 0.44722222222222224 0.24114583333333334 0.46064814814814814 0.2484375 0.47824074074074074 0.25052083333333336 0.49583333333333335 0.26015625 0.5138888888888888 0.2677083333333333 0.5189814814814815 0.27786458333333336 0.5046296296296297 0.28828125 0.5064814814814815
0 0.7869791666666667 0.7578703703703704 0.7809895833333333 0.75 0.7731770833333333 0.7518518518518519 0.7708333333333334 0.7578703703703704 0.7713541666666667 0.7699074074074074 0.77734375 0.7787037037037037 0.7822916666666667 0.7791666666666667 0.7875 0.7708333333333334 0.7869791666666667 0.7578703703703704