3 0.6463541666666667 0.10694444444444444 0.64296875 0.09814814814814815 0.6388020833333333 0.0962962962962963 0.6322916666666667 0.10324074074074074 0.6307291666666667 0.1125 0.63515625 0.1259259259259259 0.6401041666666667 0.12638888888888888 0.6458333333333334 0.11898148148148148 0.6463541666666667 0.10694444444444444
3 0.5130208333333334 0.35694444444444445 0.5091145833333334 0.3490740740740741 0.5018229166666667 0.3490740740740741 0.4979166666666667 0.35694444444444445 0.4979166666666667 0.36898148148148147 0.5018229166666667 0.37592592592592594 0.5078125 0.3763888888888889 0.5130208333333334 0.3680555555555556 0.5130208333333334 0.35694444444444445
3 0.4583333333333333 0.36157407407407405 0.4544270833333333 0.3537037037037037 0.44869791666666664 0.35185185185185186 0.4432291666666667 0.3587962962962963 0.4427083333333333 0.36712962962962964 0.4471354166666667 0.37962962962962965 0.45260416666666664 0.3800925925925926 0.4578125 0.3726851851851852 0.4583333333333333 0.36157407407407405
3 0.4276041666666667 0.3976851851851852 0.42265625 0.3907407407407407 0.4158854166666667 0.39166666666666666 0.4119791666666667 0.40046296296296297 0.4125 0.4115740740740741 0.4158854166666667 0.4185185185185185 0.4234375 0.41898148148148145 0.428125 0.4115740740740741 0.4276041666666667 0.3976851851851852
3 0.6333333333333333 0.39490740740740743 0.6283854166666667 0.387037037037037 0.6231770833333333 0.387037037037037 0.61875 0.39305555555555555 0.6177083333333333 0.4060185185185185 0.6216145833333333 0.41388888888888886 0.6286458333333333 0.41435185185185186 0.6333333333333333 0.40694444444444444 0.6333333333333333 0.39490740740740743
3 0.6796875 0.4115740740740741 0.6752604166666667 0.40370370370370373 0.6700520833333333 0.40370370370370373 0.6645833333333333 0.4115740740740741 0.6640625 0.42083333333333334 0.6669270833333333 0.4287037037037037 0.6739583333333333 0.4310185185185185 0.6786458333333333 0.4263888888888889 0.6796875 0.4115740740740741
3 0.6588541666666666 0.4875 0.6544270833333333 0.47962962962962963 0.64765625 0.47962962962962963 0.6432291666666666 0.4875 0.6432291666666666 0.49953703703703706 0.6471354166666666 0.5064814814814815 0.6536458333333334 0.5069444444444444 0.6588541666666666 0.49953703703703706 0.6588541666666666 0.4875
3 0.5395833333333333 0.5782407407407407 0.5361979166666667 0.5703703703703704 0.5294270833333333 0.5685185185185185 0.525 0.5745370370370371 0.5239583333333333 0.586574074074074 0.5278645833333333 0.5953703703703703 0.5338541666666666 0.5967592592592592 0.5390625 0.5893518518518519 0.5395833333333333 0.5782407407407407
3 0.6098958333333333 0.5856481481481481 0.6065104166666667 0.5777777777777777 0.6002604166666666 0.575 0.5947916666666667 0.5819444444444445 0.5942708333333333 0.5939814814814814 0.5981770833333333 0.6027777777777777 0.6041666666666666 0.6041666666666666 0.609375 0.5967592592592592 0.6098958333333333 0.5856481481481481
3 0.5989583333333334 0.6208333333333333 0.59453125 0.6129629629629629 0.5877604166666667 0.6129629629629629 0.5838541666666667 0.6208333333333333 0.584375 0.6337962962962963 0.58828125 0.6398148148148148 0.5932291666666667 0.6402777777777777 0.5984375 0.6328703703703704 0.5989583333333334 0.6208333333333333
3 0.7130208333333333 0.8430555555555556 0.7080729166666667 0.8324074074074074 0.70234375 0.8305555555555556 0.6979166666666666 0.8356481481481481 0.696875 0.8486111111111111 0.70078125 0.8583333333333333 0.7067708333333333 0.8606481481481482 0.7119791666666667 0.8550925925925926 0.7130208333333333 0.8430555555555556
1 0.2265625 0.9087962962962963 0.225 0.899537037037037 0.22682291666666668 0.8925925925925926 0.2513020833333333 0.8722222222222222 0.26276041666666666 0.8546296296296296 0.2747395833333333 0.8657407407407407 0.29192708333333334 0.8472222222222222 0.30078125 0.8333333333333334 0.3059895833333333 0.8314814814814815 0.31171875 0.8212962962962963 0.3221354166666667 0.8166666666666667 0.32786458333333335 0.8046296296296296 0.3359375 0.7986111111111112 0.3380208333333333 0.788425925925926 0.33177083333333335 0.7671296296296296 0.3302083333333333 0.7384259259259259 0.32473958333333336 0.725 0.31614583333333335 0.7162037037037037 0.30546875 0.6898148148148148 0.30182291666666666 0.687962962962963 0.29713541666666665 0.6953703703703704 0.28932291666666665 0.6972222222222222 0.27109375 0.7268518518518519 0.2669270833333333 0.7185185185185186 0.26328125 0.725925925925926 0.2596354166666667 0.7148148148148148 0.24401041666666667 0.725925925925926 0.2328125 0.7393518518518518 0.23645833333333333 0.7541666666666667 0.23463541666666668 0.7611111111111111 0.22005208333333334 0.7666666666666667 0.20859375 0.7861111111111111 0.20286458333333332 0.787962962962963 0.20026041666666666 0.7722222222222223 0.19739583333333333 0.8023148148148148 0.18229166666666666 0.8171296296296297 0.17864583333333334 0.8513888888888889 0.17552083333333332 0.8587962962962963 0.17317708333333334 0.8629629629629629 0.15755208333333334 0.8712962962962963 0.1515625 0.8800925925925925 0.14739583333333334 0.8930555555555556 0.15104166666666666 0.9097222222222222 0.15651041666666668 0.9148148148148149 0.16588541666666667 0.9138888888888889 0.18567708333333333 0.8962962962962963 0.20130208333333333 0.8972222222222223 0.21171875 0.9046296296296297 0.22005208333333334 0.9037037037037037 0.22864583333333333 0.9236111111111112 0.23333333333333334 0.9199074074074074 0.2265625 0.9087962962962963
0 0.7864584427083333 0.7625011416666666 0.780468859375 0.7537048453703703 0.772656359375 0.7546307712962963 0.7697917760416666 0.7625011416666666 0.7697917760416666 0.7708344749999999 0.7752605260416666 0.7814826231481481 0.7802084427083333 0.782871512037037 0.7854167760416666 0.7782418824074073 0.7864584427083333 0.7625011416666666