3 0.5354166666666667 0.7662037037037037 0.5325520833333334 0.7583333333333333 0.52578125 0.7546296296296297 0.5197916666666667 0.7625 0.5192708333333333 0.7754629629629629 0.52421875 0.7842592592592592 0.5296875 0.7847222222222222 0.5338541666666666 0.7791666666666667 0.5354166666666667 0.7662037037037037
3 0.6395833333333333 0.8458333333333333 0.63515625 0.837037037037037 0.6278645833333333 0.837037037037037 0.6234375 0.8458333333333333 0.6234375 0.8569444444444444 0.62734375 0.8657407407407407 0.6333333333333333 0.8671296296296296 0.6390625 0.8606481481481482 0.6395833333333333 0.8458333333333333
3 0.615625 0.8921296296296296 0.6111979166666667 0.8805555555555555 0.60390625 0.8796296296296297 0.5994791666666667 0.8875 0.5989583333333334 0.8986111111111111 0.6028645833333334 0.9083333333333333 0.6088541666666667 0.9106481481481481 0.6151041666666667 0.9013888888888889 0.615625 0.8921296296296296
3 0.6296875 0.9125 0.6263020833333334 0.9 0.61796875 0.8962962962962963 0.6125 0.9050925925925926 0.6119791666666666 0.9152777777777777 0.6158854166666666 0.9259259259259259 0.621875 0.9282407407407407 0.6286458333333333 0.9217592592592593 0.6296875 0.9125
3 0.5380208333333333 0.5939814814814814 0.53515625 0.587037037037037 0.5294270833333333 0.5842592592592593 0.5229166666666667 0.5912037037037037 0.521875 0.600462962962963 0.52578125 0.612037037037037 0.5317708333333333 0.6134259259259259 0.5369791666666667 0.6078703703703704 0.5380208333333333 0.5939814814814814
3 0.6317708333333333 0.13287037037037036 0.6278645833333333 0.12129629629629629 0.6231770833333333 0.11944444444444445 0.6171875 0.12453703703703704 0.6145833333333334 0.14027777777777778 0.6184895833333334 0.15 0.6244791666666667 0.15138888888888888 0.6291666666666667 0.14675925925925926 0.6317708333333333 0.13287037037037036
3 0.6182291666666667 0.12453703703703704 0.61484375 0.11203703703703703 0.60859375 0.10925925925925926 0.6036458333333333 0.11435185185185186 0.6010416666666667 0.12731481481481483 0.6049479166666667 0.1398148148148148 0.609375 0.1412037037037037 0.6151041666666667 0.1375 0.6182291666666667 0.12453703703703704
3 0.7046875 0.18101851851851852 0.7018229166666666 0.17407407407407408 0.6950520833333333 0.17222222222222222 0.6901041666666666 0.17731481481481481 0.6880208333333333 0.1884259259259259 0.6903645833333333 0.19814814814814816 0.6989583333333333 0.20046296296296295 0.7041666666666667 0.19212962962962962 0.7046875 0.18101851851851852
3 0.821875 0.1337962962962963 0.8190104166666666 0.12777777777777777 0.8122395833333333 0.12685185185185185 0.8057291666666667 0.13564814814814816 0.8052083333333333 0.14675925925925926 0.8091145833333333 0.15462962962962962 0.815625 0.1550925925925926 0.8208333333333333 0.1476851851851852 0.821875 0.1337962962962963
0 0.5302083333333333 0.48009259259259257 0.5252604166666667 0.4722222222222222 0.5200520833333333 0.4722222222222222 0.5161458333333333 0.4810185185185185 0.5161458333333333 0.49398148148148147 0.5216145833333333 0.5 0.5260416666666666 0.49953703703703706 0.5296875 0.49398148148148147 0.5302083333333333 0.48009259259259257
1 0.59296875 0.4351851851851852 0.6002604166666666 0.44351851851851853 0.6065104166666667 0.4305555555555556 0.6127604166666667 0.42407407407407405 0.6174479166666667 0.42407407407407405 0.6184895833333334 0.4351851851851852 0.6247395833333333 0.43333333333333335 0.62734375 0.44074074074074077 0.6294270833333333 0.43148148148148147 0.64765625 0.4212962962962963 0.6513020833333333 0.41388888888888886 0.6546875 0.41898148148148145 0.6544270833333333 0.42777777777777776 0.6596354166666667 0.42685185185185187 0.6627604166666666 0.4222222222222222 0.6713541666666667 0.41898148148148145 0.6705729166666666 0.41388888888888886 0.665625 0.4115740740740741 0.66640625 0.40370370370370373 0.6716145833333333 0.4083333333333333 0.6747395833333333 0.4 0.67734375 0.4083333333333333 0.6802083333333333 0.4050925925925926 0.66953125 0.38333333333333336 0.6950520833333333 0.37222222222222223 0.7158854166666667 0.35648148148148145 0.721875 0.34305555555555556 0.7278645833333334 0.3194444444444444 0.7372395833333333 0.31296296296296294 0.7401041666666667 0.31712962962962965 0.7442708333333333 0.3347222222222222 0.74921875 0.3388888888888889 0.77265625 0.3212962962962963 0.7734375 0.31342592592592594 0.7697916666666667 0.30694444444444446 0.7677083333333333 0.2949074074074074 0.771875 0.2763888888888889 0.7666666666666667 0.2523148148148148 0.7611979166666667 0.24259259259259258 0.7513020833333334 0.24166666666666667 0.7453125 0.2199074074074074 0.73984375 0.21574074074074073 0.7299479166666667 0.23333333333333334 0.7205729166666667 0.2351851851851852 0.7169270833333333 0.2324074074074074 0.7135416666666666 0.23657407407407408 0.7140625 0.24212962962962964 0.7208333333333333 0.25046296296296294 0.7244791666666667 0.2652777777777778 0.7239583333333334 0.2726851851851852 0.71796875 0.2824074074074074 0.6903645833333333 0.27037037037037037 0.66328125 0.3 0.6596354166666667 0.30925925925925923 0.6559895833333333 0.30833333333333335 0.6515625 0.29212962962962963 0.64921875 0.29074074074074074 0.6361979166666667 0.3 0.6356770833333333 0.3074074074074074 0.6346354166666667 0.30462962962962964 0.6294270833333333 0.30648148148148147 0.6291666666666667 0.3143518518518518 0.62421875 0.3277777777777778 0.6080729166666666 0.3416666666666667 0.6020833333333333 0.35694444444444445 0.59765625 0.36018518518518516 0.59296875 0.37037037037037035 0.5872395833333334 0.37407407407407406 0.584375 0.3662037037037037 0.5828125 0.3921296296296296 0.58046875 0.4009259259259259 0.5768229166666666 0.4009259259259259 0.5567708333333333 0.4199074074074074 0.55625 0.4337962962962963 0.5609375 0.44675925925925924 0.565625 0.45231481481481484 0.58828125 0.4351851851851852 0.59296875 0.4351851851851852