0 0.7869791666666667 0.7578703703703704 0.7815104166666667 0.75 0.7731770833333333 0.7518518518518519 0.7708333333333334 0.7578703703703704 0.7723958333333333 0.7726851851851851 0.77734375 0.7787037037037037 0.7822916666666667 0.7791666666666667 0.7875 0.7708333333333334 0.7869791666666667 0.7578703703703704
1 0.22369791666666666 0.5 0.22604166666666667 0.49675925925925923 0.225 0.4699074074074074 0.21770833333333334 0.45416666666666666 0.22005208333333334 0.4462962962962963 0.22786458333333334 0.4425925925925926 0.23203125 0.44722222222222224 0.23567708333333334 0.44351851851851853 0.234375 0.4532407407407407 0.24296875 0.4601851851851852 0.24713541666666666 0.4601851851851852 0.25078125 0.45555555555555555 0.2643229166666667 0.4546296296296296 0.26666666666666666 0.4532407407407407 0.26848958333333334 0.4388888888888889 0.2825520833333333 0.42314814814814816 0.28681088958333334 0.45844553055555554 0.29603795260416665 0.46707235277777776 0.31065993177083334 0.45168149166666666 0.31476449166666665 0.44288499814814813 0.30629577760416665 0.42497674629629634 0.30481838854166665 0.4202679037037037 0.30234375 0.4185185185185185 0.31744791666666666 0.4083333333333333 0.3260416666666667 0.38935185185185184 0.33177083333333335 0.38287037037037036 0.33229166666666665 0.3763888888888889 0.328125 0.37083333333333335 0.32864583333333336 0.3625 0.33359375 0.36666666666666664 0.34088541666666666 0.3490740740740741 0.35182291666666665 0.3472222222222222 0.3541666666666667 0.34120370370370373 0.35104166666666664 0.33287037037037037 0.35104166666666664 0.32175925925925924 0.3653645833333333 0.3055555555555556 0.37395833333333334 0.3013888888888889 0.37864583333333335 0.2875 0.3770833333333333 0.2689814814814815 0.36953125 0.25555555555555554 0.3658854166666667 0.25555555555555554 0.3372395833333333 0.2796296296296296 0.33359375 0.2861111111111111 0.32838541666666665 0.28425925925925927 0.32473958333333336 0.29074074074074074 0.31328125 0.2916666666666667 0.30755208333333334 0.2953703703703704 0.3059895833333333 0.30092592592592593 0.28671875 0.29907407407407405 0.27786458333333336 0.31203703703703706 0.26588541666666665 0.3194444444444444 0.26328125 0.3277777777777778 0.25859375 0.325 0.24713541666666666 0.33796296296296297 0.24322916666666666 0.3449074074074074 0.24166666666666667 0.3625 0.23255208333333333 0.37592592592592594 0.22369791666666666 0.38425925925925924 0.21640625 0.37777777777777777 0.20807291666666666 0.38333333333333336 0.20625 0.38935185185185184 0.2078125 0.3976851851851852 0.19973958333333333 0.4064814814814815 0.19609375 0.4074074074074074 0.18411458333333333 0.38333333333333336 0.17682291666666666 0.375 0.17161458333333332 0.387037037037037 0.15703125 0.39814814814814814 0.1546875 0.4023148148148148 0.1546875 0.40879629629629627 0.15677083333333333 0.42268518518518516 0.1625 0.43842592592592594 0.15989583333333332 0.44675925925925924 0.16041666666666668 0.4532407407407407 0.16822916666666668 0.47453703703703703 0.17630208333333333 0.4861111111111111 0.18567708333333333 0.4842592592592593 0.20026041666666666 0.5101851851851852 0.20520833333333333 0.5125 0.21588541666666666 0.4962962962962963 0.22369791666666666 0.5
3 0.1796875 0.05787037037037037 0.17473958333333334 0.04814814814814815 0.16692708333333334 0.04722222222222222 0.1625 0.05324074074074074 0.1625 0.06805555555555555 0.16588541666666667 0.07592592592592592 0.17395833333333333 0.07824074074074074 0.1796875 0.07175925925925926 0.1796875 0.05787037037037037
3 0.24947916666666667 0.05694444444444444 0.24453125 0.049074074074074076 0.23776041666666667 0.04814814814814815 0.2328125 0.056018518518518516 0.23333333333333334 0.0699074074074074 0.23880208333333333 0.0787037037037037 0.24479166666666666 0.07916666666666666 0.25 0.07083333333333333 0.24947916666666667 0.05694444444444444
3 0.2786458333333333 0.11527777777777778 0.27369791666666665 0.10648148148148148 0.26640625 0.10555555555555556 0.26145833333333335 0.11527777777777778 0.2625 0.12824074074074074 0.2669270833333333 0.13518518518518519 0.27239583333333334 0.13657407407407407 0.2786458333333333 0.1300925925925926 0.2786458333333333 0.11527777777777778
3 0.3229166666666667 0.06342592592592593 0.31744791666666666 0.05462962962962963 0.3106770833333333 0.05462962962962963 0.3067708333333333 0.060648148148148145 0.3067708333333333 0.07546296296296297 0.3111979166666667 0.08425925925925926 0.3182291666666667 0.08564814814814815 0.3234375 0.07731481481481481 0.3229166666666667 0.06342592592592593
3 0.4578125 0.36064814814814816 0.4518229166666667 0.35185185185185186 0.4471354166666667 0.3527777777777778 0.4432291666666667 0.3587962962962963 0.4432291666666667 0.37175925925925923 0.4471354166666667 0.37962962962962965 0.45260416666666664 0.3800925925925926 0.4583333333333333 0.3699074074074074 0.4578125 0.36064814814814816
3 0.5125 0.3560185185185185 0.50859375 0.3490740740740741 0.50234375 0.3490740740740741 0.4979166666666667 0.35694444444444445 0.4979166666666667 0.36898148148148147 0.5018229166666667 0.37592592592592594 0.5078125 0.3763888888888889 0.5125 0.3699074074074074 0.5125 0.3560185185185185
3 0.22708333333333333 0.7754629629629629 0.22708333333333333 0.7652777777777777 0.22213541666666667 0.7564814814814815 0.21536458333333333 0.7564814814814815 0.20885416666666667 0.7671296296296296 0.209375 0.7800925925925926 0.21666666666666667 0.7875 0.22317708333333333 0.7842592592592592 0.22708333333333333 0.7754629629629629
3 0.18333333333333332 0.8513888888888889 0.18125 0.8402777777777778 0.17682291666666666 0.8361111111111111 0.16848958333333333 0.8388888888888889 0.16354166666666667 0.8513888888888889 0.16510416666666666 0.8643518518518518 0.1734375 0.8689814814814815 0.17890625 0.8657407407407407 0.18333333333333332 0.8513888888888889
3 0.17135416666666667 0.9152777777777777 0.17083333333333334 0.9023148148148148 0.16536458333333334 0.8953703703703704 0.15703125 0.8981481481481481 0.15260416666666668 0.9106481481481481 0.15364583333333334 0.9226851851851852 0.15755208333333334 0.9277777777777778 0.1625 0.9282407407407407 0.16796875 0.924074074074074 0.17135416666666667 0.9152777777777777
3 0.6052083333333333 0.43657407407407406 0.6013020833333333 0.42685185185185187 0.5950520833333334 0.42592592592592593 0.5901041666666667 0.4337962962962963 0.5901041666666667 0.4449074074074074 0.5924479166666666 0.45092592592592595 0.5994791666666667 0.4532407407407407 0.6041666666666666 0.4476851851851852 0.6052083333333333 0.43657407407407406
3 0.5645833333333333 0.5365740740740741 0.55703125 0.5259259259259259 0.55 0.5328703703703703 0.5489583333333333 0.5458333333333333 0.5533854166666666 0.5546296296296296 0.5583333333333333 0.5550925925925926 0.5640625 0.5476851851851852 0.5645833333333333 0.5365740740740741