3 0.18359375 0.12109375 0.0203125 0.028125
3 0.159375 0.271875 0.021875 0.02734375
3 0.09140625 0.3703125 0.02265625 0.02578125
3 0.084375 0.45078125 0.021875 0.02734375
0 0.15625 0.35234375 0.021875 0.028125
3 0.08828125 0.571875 0.02265625 0.0265625
0 0.14453125 0.6734375 0.02265625 0.02890625
3 0.67890625 0.35859375 0.01875 0.025
0 0.6984375 0.35859375 0.01875 0.01953125
3 0.76796875 0.4171875 0.01953125 0.021875
2 0.6557159546875 0.3281877421875 0.656090896875 0.3391910953125 0.6610900671875 0.3415251359375 0.6689637578125 0.3420252875 0.6778372828125 0.3430255953125 0.691709978125 0.3448594859375 0.7043328890625 0.3473602453125 0.7103318875 0.31551722031249996 0.7005835125 0.31418348281249997 0.6890854156249999 0.3116827203125 0.6758376171875 0.3090152390625 0.663468746875 0.3065 0.6594653328125 0.3106824125 0.6569657484375 0.3173511109375 0.6557159546875 0.3281877421875
1 0.7109375 0.3125 0.6609375 0.30416666718749996 0.653125 0.31875 0.653125 0.3375 0.6659897171875 0.3432679265625 0.6806122859375 0.34460167343750003 0.7091075578125 0.35043678125 0.7097324546875 0.3621070015625 0.7203125 0.3854166671875 0.73125 0.39375 0.75569998125 0.3938962265625 0.7568247875 0.40173194843750004 0.7825705203125 0.40873409218749995 0.7793210515625 0.43074078125000004 0.790625 0.4375 0.8125 0.4375 0.8171875 0.41875 0.84375 0.42083333281249996 0.853125 0.4125 0.8703125 0.4125 0.871875 0.42291666718750004 0.8984375 0.41875 0.9101448703124999 0.41890022031249996 0.92300319375 0.3779981078125 0.9224097265625 0.3700815703125 0.91152960625 0.3645399984375 0.9105405046874999 0.33867931093750003 0.896875 0.3333333328125 0.884375 0.325 0.86875 0.3270833328125 0.8515625 0.3125 0.74375 0.29375 0.73125 0.30625 0.7140625 0.30416666718749996 0.7109375 0.3125
0 0.4484375 0.63359375 0.025 0.03125