3 0.2015625 0.03984375 0.02109375 0.028125
3 0.2296875 0.2953125 0.02109375 0.02578125
3 0.2234375 0.32578125 0.02109375 0.02734375
3 0.16796875 0.38046875 0.021875 0.02734375
3 0.1609375 0.49921875 0.021875 0.0265625
0 0.20390625 0.625 0.021875 0.02734375
3 0.51640625 0.79921875 0.0203125 0.02734375
3 0.76796875 0.78203125 0.0203125 0.02734375
3 0.94375 0.61484375 0.02265625 0.0265625
0 0.828125 0.38671875 0.02265625 0.0265625
0 0.80078125 0.84296875 0.021875 0.02890625
0 0.78515625 0.86015625 0.021875 0.02734375
2 0.1980537953125 0.38789465624999997 0.1981787734375 0.39806441718749996 0.2013032546875 0.4052332703125 0.20630242499999998 0.4087343453125 0.213551225 0.4095679328125 0.2232996 0.41023479375000005 0.236422421875 0.4104015203125 0.23992184375 0.3733902390625 0.22917363124999998 0.3733902390625 0.21717561562499998 0.3730568015625 0.20784374687499999 0.37254166718750004 0.20380283906250002 0.37539085 0.20017843906250002 0.3797255 0.1980537953125 0.38789465624999997
1 0.2453125 0.3625 0.2375 0.3729166671875 0.203125 0.3729166671875 0.196875 0.39791666718749996 0.2078125 0.4125 0.25 0.42083333281249996 0.278125 0.45 0.3328125 0.45625 0.3421875 0.46875 0.375 0.475 0.375 0.46458333281249997 0.390625 0.45208333281249996 0.43125 0.45208333281249996 0.4421875 0.40208333281249997 0.434375 0.3729166671875 0.434375 0.34375 0.4125 0.33541666718749996 0.28125 0.3479166671875 0.2578125 0.3625 0.2453125 0.3625