0 0.16119611 0.5792495 0.026262617 0.03656845
3 0.084239386 0.45073187 0.025931358 0.03198433
1 0.7532833 0.31914783 0.27798864 0.2114052
3 0.09207771 0.37141728 0.02897346 0.033758037
0 0.17391859 0.59869325 0.028166628 0.036280315
3 0.18333521 0.12289496 0.027293062 0.0388361
0 0.16100357 0.6291402 0.027106429 0.038916145
0 0.16675167 0.591773 0.029255796 0.03973516
3 0.15895368 0.27326602 0.030460525 0.036071524
0 0.13717031 0.63506967 0.030217743 0.037015535
3 0.09765155 0.16955127 0.026327193 0.03603576
3 0.04978701 0.08336802 0.0994856 0.16673604
3 0.58458817 0.36425206 0.024997521 0.032868322
0 0.15094124 0.609995 0.02292626 0.04054833
3 0.14696679 0.60968137 0.024566745 0.032951865
3 0.90266305 0.18834265 0.01891594 0.029044852
3 0.9588934 0.9876182 0.049105834 0.024763744