0 0.17424062 0.60123855 0.028074218 0.03609365
3 0.09721491 0.35511425 0.02103721 0.030183602
3 0.10716613 0.31539506 0.020184463 0.03074837
0 0.13699456 0.63576496 0.031411886 0.038135275
3 0.11309848 0.37185517 0.021408273 0.03278491
0 0.159271 0.6298104 0.0354496 0.040152233
3 0.12916438 0.3134272 0.023086548 0.03163236
3 0.3517635 0.73605645 0.059074115 0.07409414
1 0.779815 0.29068187 0.20197812 0.2955442
0 0.16294101 0.6260186 0.03201456 0.04569448
3 0.1543573 0.36570457 0.021232773 0.033502962
3 0.6658104 0.534513 0.046302795 0.053457614
3 0.13486765 0.37918016 0.02195859 0.03334281
3 0.11776207 0.33966312 0.019343043 0.036003876
3 0.12293456 0.3157893 0.019777084 0.030347953
3 0.43882105 0.23498929 0.038136482 0.07518117
3 0.14655665 0.33104643 0.021917343 0.0329244
3 0.10125524 0.35946676 0.022076273 0.034551494
3 0.9629593 0.98690754 0.04350853 0.026184974
0 0.14352624 0.6347368 0.04512737 0.040617246
3 0.3676725 0.4320499 0.056447126 0.0830665
0 0.4384646 0.23478775 0.036242962 0.07325691
3 0.95473045 0.9884387 0.06498986 0.02312266