0 0.5517821 0.7729044 0.025937939 0.03478928
0 0.834437 0.89851475 0.02301674 0.03228989
0 0.65928525 0.6144645 0.028672028 0.034204867
0 0.7026867 0.8722681 0.021429634 0.03360952
3 0.5437658 0.6606005 0.026006032 0.034884263
3 0.46065187 0.6276983 0.026268674 0.035474397
3 0.6760953 0.74283665 0.024864674 0.0418808
3 0.84809667 0.31353799 0.027545929 0.03514449
1 0.96837264 0.5970617 0.06325474 0.48147917
0 0.3413452 0.67278343 0.0224298 0.059956364
3 0.9284529 0.5775895 0.014780426 0.030812329