1 0.23740606 0.6171494 0.276604 0.25284988
0 0.35161477 0.14023161 0.024046851 0.030740287
3 0.23242727 0.7609969 0.02422371 0.038396455
0 0.5482011 0.3390928 0.02215786 0.027666984
3 0.47699013 0.753853 0.025093842 0.04277776
3 0.52250093 0.6387482 0.025721168 0.03519262
3 0.43375286 0.058414314 0.036305524 0.040386114
3 0.34121948 0.07536045 0.024161387 0.030842755
0 0.58425206 0.4710676 0.023384286 0.03206215
3 0.9339568 0.7936118 0.13090687 0.19732971
3 0.46754465 0.14103816 0.020451164 0.028412312
3 0.51365197 0.52488863 0.024604226 0.032349396
1 0.20223509 0.62758464 0.21172562 0.26138735
3 0.4388639 0.16092378 0.035465624 0.057941433
3 0.7143525 0.2047428 0.5524192 0.4094856
3 0.51702374 0.33879283 0.018073846 0.027241645