0 0.6904705 0.86937475 0.02415352 0.026874797
3 0.068613574 0.6315305 0.026951611 0.032894135
0 0.6861229 0.8868252 0.02076416 0.03201218
0 0.12369483 0.8495338 0.031129504 0.037997056
3 0.7574062 0.64481837 0.01658268 0.02492536
3 0.44546673 0.9178901 0.025159454 0.032491814
3 0.123214796 0.5411423 0.024165345 0.028457103
3 0.07024464 0.74228024 0.028838862 0.0337911
3 0.6557496 0.8260309 0.02300396 0.029804613
1 0.2416648 0.587865 0.18414499 0.15190738
3 0.108172946 0.6248926 0.014458465 0.027673597
3 0.118854605 0.5682347 0.023778582 0.0300382
3 0.079913765 0.3417299 0.025458599 0.032961402
3 0.82704574 0.7381956 0.021179581 0.023712413
0 0.63348955 0.49543956 0.022789193 0.024533909
0 0.6869858 0.88101685 0.021775628 0.041054156
3 0.76203233 0.46207342 0.01946478 0.028114194
3 0.7509233 0.41082868 0.015509034 0.027968345
3 0.73800945 0.36133367 0.017515564 0.026453782