0 0.16121264 0.5792928 0.026375676 0.036734518
3 0.08429789 0.45077688 0.026209688 0.03234469
1 0.7533456 0.31912604 0.2777508 0.21173751
3 0.0920331 0.37130067 0.029081035 0.033551473
0 0.1739032 0.59880435 0.028166747 0.03605245
3 0.18330298 0.12262596 0.027317047 0.0387785
0 0.16674672 0.5919124 0.029506732 0.03987681
0 0.1609546 0.6291337 0.027221298 0.039314654
3 0.15892172 0.2731668 0.030373145 0.036177255
0 0.13738382 0.63498205 0.030803252 0.037131246
3 0.09764469 0.169534 0.026426887 0.036067456
3 0.049726196 0.08361192 0.099428706 0.16722384
3 0.5846492 0.36427417 0.025024224 0.033087034
0 0.15095964 0.6103255 0.022944976 0.041217297
3 0.96309406 0.9872979 0.040919304 0.025404423
3 0.1471509 0.60983783 0.024789905 0.03338992
3 0.90271187 0.18834102 0.018801117 0.029133672
3 0.9565859 0.98892856 0.05773392 0.022143047