3 0.65976256 0.69320405 0.024547482 0.035261538
3 0.2006092 0.1236837 0.0272004 0.03615847
3 0.6620237 0.2778987 0.026553918 0.037107278
1 0.1734206 0.824495 0.2971848 0.27704787
3 0.51949304 0.29135725 0.028575707 0.038282268
3 0.37937889 0.09465039 0.027871227 0.037167393
3 0.14293979 0.17322446 0.027725268 0.037736766
0 0.22989357 0.8681179 0.023408223 0.032823183
3 0.28658605 0.7743659 0.019930745 0.03165792
3 0.9402754 0.8094404 0.027965164 0.035955686
3 0.64061064 0.13710201 0.026995469 0.037592135
3 0.66018534 0.14418171 0.025566483 0.038056597
3 0.655719 0.14276198 0.036345195 0.043523252