0 0.16530053 0.34565836 0.023406887 0.03471769
1 0.75334084 0.31897303 0.27798197 0.21172455
0 0.173795 0.6004551 0.026783109 0.032650884
0 0.16209066 0.6274965 0.028524447 0.040120192
0 0.13670824 0.6352277 0.027541256 0.035919063
3 0.1496919 0.32541284 0.019966459 0.03410225
3 0.5846686 0.3642395 0.025073815 0.0331042
3 0.14644633 0.3574748 0.02241738 0.03341535
3 0.09202967 0.37150812 0.028380275 0.03381157
3 0.1475672 0.6104177 0.02244172 0.030365754
3 0.9635375 0.9872261 0.04012966 0.025547855
3 0.9027591 0.1881525 0.018862916 0.029173408
3 0.9536306 0.98878634 0.064941786 0.022427369
0 0.1610025 0.34908366 0.02171588 0.038126122