3 0.6029801 0.0845129 0.027230455 0.038856637
3 0.6597493 0.6933791 0.024439812 0.035202283
1 0.17313154 0.8258945 0.30473143 0.28414258
3 0.65728706 0.07731394 0.025133133 0.03539282
3 0.20027053 0.12345594 0.025884533 0.035688084
3 0.6619898 0.27788055 0.026487542 0.0373323
3 0.37915307 0.09428448 0.026727771 0.036832683
3 0.14317484 0.1730583 0.027199937 0.037988666
3 0.6568018 0.118394524 0.027090264 0.04022856
0 0.22980654 0.86801434 0.023527002 0.03302689
3 0.28640643 0.7743507 0.019984532 0.03164775
3 0.9403144 0.8094647 0.028178597 0.0358195