3 0.65658 0.07199336 0.024043083 0.036753908
3 0.6598336 0.6933311 0.025454808 0.035847858
1 0.17388363 0.82468265 0.2973207 0.277991
3 0.65649384 0.12774895 0.026174927 0.037625425
3 0.661976 0.2779723 0.026799107 0.037355743
3 0.19992267 0.12279117 0.025454903 0.03341996
3 0.5819592 0.11252013 0.02744484 0.040020626
3 0.3793858 0.09449326 0.027357865 0.037018858
3 0.14324239 0.17301875 0.025270915 0.0364097
0 0.22993259 0.8682694 0.023432065 0.03281352
3 0.28665754 0.7744197 0.01997161 0.031469475
3 0.9403035 0.8094171 0.028311921 0.035959374