3 0.09179101 0.37011167 0.02551341 0.029429946
1 0.7531778 0.31901446 0.27840424 0.21224557
0 0.17013769 0.383693 0.028401066 0.034163922
0 0.17364241 0.59998155 0.026790906 0.032432687
0 0.1618915 0.6265111 0.027594043 0.040229928
0 0.13655928 0.6349448 0.027713228 0.034958396
3 0.14533441 0.31567517 0.024162197 0.03458265
3 0.14702299 0.60930765 0.02259841 0.030995943
3 0.58463883 0.36420825 0.025041772 0.032799024
3 0.90269756 0.18824105 0.018944932 0.029226018
3 0.96344787 0.9873127 0.0402874 0.025374731
3 0.9554991 0.9888707 0.061473466 0.02225876