0 0.6767587 0.78006756 0.026320076 0.033709846
0 0.48238587 0.5043953 0.022906875 0.0326128
3 0.25196633 0.28801957 0.027366877 0.03394197
3 0.32205865 0.6929737 0.025628472 0.03184662
3 0.6236896 0.8302078 0.025919914 0.03462919
3 0.4006215 0.62908125 0.026449561 0.03528468
3 0.4807852 0.58744246 0.048699953 0.06849798
3 0.34839725 0.74251455 0.052703764 0.063297406
0 0.61244756 0.7447401 0.024431039 0.033966955
0 0.5400339 0.695504 0.025243664 0.032646943
3 0.3403738 0.7471781 0.036482718 0.05539017
0 0.020902779 0.13675521 0.041805558 0.09640204
3 0.24698125 0.4762711 0.049626734 0.062382
3 0.4390954 0.23568057 0.03916035 0.07605419
1 0.7803612 0.2898261 0.20117512 0.29509947
3 0.9624244 0.9868421 0.045518875 0.026315944
3 0.23249559 0.7812977 0.096971504 0.09587415
3 0.5844253 0.13503924 0.0249712 0.03597514
3 0.95672745 0.9882045 0.06087284 0.023591107
3 0.3540721 0.73659796 0.056590702 0.073975
0 0.43911982 0.23447943 0.03827114 0.07395557