0 0.64166015 0.5253183 0.021630192 0.029457094
0 0.3620279 0.8070989 0.025496436 0.034043632
0 0.4692464 0.771947 0.022942448 0.03450381
3 0.2013032 0.31361523 0.02797748 0.03120397
3 0.98599595 0.9484994 0.027929878 0.10300128
3 0.24489951 0.7023788 0.027301027 0.034966026
1 0.117590025 0.93638724 0.23487572 0.12722562
3 0.8820664 0.4127425 0.020463372 0.030741947
2 0.9910595 0.43554208 0.017881012 0.10600415
3 0.6920151 0.51573354 0.020014381 0.02904091
3 0.67412156 0.650697 0.032946777 0.05269445
1 0.9479023 0.2686422 0.1041955 0.46053165