3 0.7117538 0.72475284 0.032023337 0.055009462
3 0.18331698 0.4007922 0.36663395 0.7924809
0 0.37186152 0.7810724 0.025378132 0.033419546
3 0.6455292 0.67696166 0.022308541 0.037263744
1 0.81459755 0.5082179 0.14784122 0.35675147
3 0.6390613 0.69726884 0.034755327 0.06225192
0 0.5278608 0.8670949 0.019837571 0.032346092
0 0.6622085 0.8803071 0.025066376 0.034382377
3 0.65272677 0.29523674 0.027708245 0.037261076
0 0.4743993 0.6125672 0.027370453 0.03397344
3 0.27352163 0.645791 0.029093076 0.0358223
3 0.65922946 0.7324608 0.019297315 0.030593492