0 0.7123849 0.88407975 0.02267828 0.03447698
0 0.55978644 0.7815697 0.024107361 0.032309342
3 0.48384568 0.72248566 0.04451971 0.06422577
0 0.66521674 0.6259735 0.024459649 0.03516706
3 0.46929225 0.6378129 0.025568772 0.03497836
0 0.8473086 0.9121779 0.025626754 0.03488884
3 0.5507695 0.67171025 0.024556352 0.035009257
3 0.71757585 0.3223128 0.03997288 0.06748009
3 0.49817678 0.26143658 0.025226021 0.032842733
3 0.46617395 0.43728602 0.047689628 0.066829555
3 0.66083646 0.67025125 0.036321547 0.05769552
3 0.85065264 0.32737193 0.026857758 0.036826644
3 0.6514125 0.6629757 0.055283166 0.069402315
3 0.71303874 0.3259928 0.05217285 0.07821986
3 0.6636403 0.6622976 0.031390764 0.06468328
3 0.9378643 0.5891825 0.0152194975 0.034270223