0 0.55166674 0.7720229 0.023088647 0.03105596
0 0.6589303 0.6144141 0.0269804 0.031685896
3 0.4781389 0.7137817 0.039941598 0.068728134
0 0.8343877 0.8984429 0.022386743 0.03137576
0 0.70343226 0.8721684 0.020756532 0.032046765
3 0.54392827 0.6604035 0.025448991 0.034602102
3 0.4608841 0.626754 0.024992371 0.033633426
3 0.45921665 0.41903073 0.04191046 0.0658357
3 0.4922723 0.23716219 0.025908662 0.034754753
3 0.34756008 0.6938642 0.023052787 0.065519206
1 0.09422647 0.15469542 0.18845294 0.30939084
3 0.35591838 0.7148652 0.022390557 0.04090818
0 0.34677008 0.69700867 0.022092009 0.0564504