0 0.576691 0.25181943 0.025345802 0.035342027
3 0.32568863 0.11992078 0.026235724 0.036653616
0 0.63389045 0.7373158 0.020671654 0.032092288
3 0.38052002 0.6159459 0.024246693 0.033689883
0 0.44792444 0.269445 0.026686287 0.033197165
3 0.6438846 0.3429029 0.024656296 0.035167824
3 0.2521255 0.6363998 0.023759842 0.031113435
3 0.37153494 0.53166723 0.025040818 0.035254735
3 0.15442748 0.12261007 0.025570942 0.03563064
3 0.27901697 0.2050012 0.02707014 0.033615433
3 0.9333213 0.4821131 0.028843118 0.03962657
3 0.17789786 0.14266832 0.025713636 0.03508447
3 0.37706062 0.4505188 0.019851685 0.027903304