3 0.40947357 0.53978884 0.042729568 0.057299584
3 0.43697175 0.7455268 0.030947877 0.03846029
0 0.5453958 0.8646911 0.029580498 0.03838832
0 0.8387354 0.912287 0.030945588 0.033237714
3 0.88574547 0.7532356 0.039078902 0.050945666
3 0.5212783 0.7565925 0.029048348 0.038418707
0 0.62594855 0.6789168 0.030369569 0.03461965
3 0.41474247 0.36266556 0.032933425 0.037622962
0 0.7071418 0.9240067 0.02652569 0.035025533
3 0.46660367 0.8813317 0.051924136 0.07682674
3 0.76420724 0.34257546 0.033781815 0.036246683
0 0.52880454 0.5379505 0.057963084 0.07987582
3 0.65690565 0.39822415 0.04365177 0.058803815