0 0.861405 0.0991635 0.031049538 0.04089292
0 0.8599438 0.24370982 0.027335359 0.036635082
3 0.511734 0.4290434 0.023000335 0.032017965
1 0.2530814 0.52422875 0.17869043 0.44509628
3 0.89129716 0.67128426 0.031933594 0.035949964
3 0.697762 0.7231925 0.024801446 0.03464839
3 0.63627154 0.7308017 0.025639726 0.03659948
3 0.9291563 0.64999723 0.030117799 0.036216103
3 0.4896183 0.46692038 0.021446038 0.031671524
3 0.53193676 0.4503705 0.021383477 0.029315824
3 0.5125841 0.48456672 0.023440933 0.03651238
3 0.5123741 0.47878146 0.02544775 0.04276651
3 0.53117937 0.4718363 0.023344232 0.040913902
1 0.25494823 0.617072 0.18208556 0.6339408
3 0.5314217 0.45903626 0.023175526 0.048283197
3 0.5104533 0.462297 0.022447968 0.045383647
3 0.32567498 0.529169 0.013252593 0.03661105