0 0.83455133 0.89875925 0.022008134 0.031229656
3 0.4781703 0.713994 0.039542962 0.067836255
0 0.70359194 0.8721607 0.020227147 0.030855563
0 0.5515687 0.77226186 0.02261219 0.030973563
0 0.65854007 0.6140741 0.025872612 0.030567298
3 0.4922207 0.23719576 0.025231171 0.03552246
3 0.5438634 0.6604438 0.025222396 0.033844758
3 0.46076655 0.62706506 0.025148964 0.033242293
3 0.45932156 0.41925627 0.040788747 0.06547699
0 0.34681177 0.69714004 0.022045422 0.055593874
3 0.35625532 0.7162097 0.022051096 0.038532004
3 0.34743372 0.6940956 0.022915412 0.06407153
3 0.84844035 0.3123154 0.021012116 0.031669363
3 0.3504131 0.68961674 0.024042273 0.073813885