0 0.48585367 0.7590582 0.023785973 0.033066306
3 0.4804828 0.58731186 0.047660828 0.069703676
0 0.73239404 0.7201279 0.024191761 0.034549713
3 0.4078965 0.6490451 0.026238918 0.034231823
3 0.3150057 0.6887385 0.026409721 0.03330981
3 0.34979913 0.7396211 0.055568743 0.067283124
0 0.46781284 0.54407245 0.023212625 0.030540721
3 0.6857115 0.7379098 0.02519846 0.032321423
3 0.21422945 0.27944025 0.027686596 0.036278933
0 0.61231047 0.74459285 0.022910882 0.03129349
3 0.24682501 0.47615656 0.049557783 0.060614526
3 0.34237316 0.74377847 0.040938046 0.059757873
3 0.5809725 0.15207978 0.025799561 0.03672225
3 0.23310323 0.7816685 0.09477716 0.09504446
3 0.9627468 0.986884 0.0448761 0.02623215
3 0.43902978 0.23579726 0.039408684 0.07622624
3 0.95759785 0.988234 0.059033968 0.023532169
1 0.78011626 0.29954 0.20130216 0.28238738
0 0.43901166 0.23452806 0.038533594 0.07410886