0 0.5516538 0.7728342 0.025729751 0.034733076
3 0.4923176 0.23648426 0.024244977 0.033675388
3 0.54378843 0.660466 0.02600708 0.034878034
0 0.6592358 0.6141598 0.028704643 0.034670133
3 0.6762013 0.74291295 0.024934197 0.042173132
3 0.46077147 0.62761235 0.025966262 0.035730492
0 0.83435595 0.8984539 0.022784043 0.032675046
0 0.7026481 0.8726978 0.021404838 0.03469391
3 0.46084815 0.41688278 0.0389761 0.06345342
3 0.8484942 0.3134968 0.02712822 0.03564326
1 0.9681549 0.5869309 0.063690186 0.45967564
3 0.92845863 0.5778786 0.015265274 0.031984713
0 0.34688282 0.6959402 0.022810316 0.06019135
3 0.8995547 0.48815042 0.02105446 0.039259214