0 0.551639 0.77197546 0.023300363 0.03140831
0 0.8344971 0.8984841 0.023264695 0.033042148
3 0.4784112 0.714165 0.039727595 0.06802686
0 0.7035157 0.87232465 0.021318246 0.032599386
3 0.4923688 0.23624845 0.024474144 0.034088645
3 0.54384613 0.6599719 0.02502575 0.03390732
0 0.65918887 0.61362123 0.024940396 0.033032864
3 0.46088886 0.6262578 0.024219131 0.033597313
3 0.65059894 0.6598044 0.049599648 0.065989815
3 0.46109357 0.41486403 0.036147024 0.062144663
3 0.84820193 0.31264237 0.022724533 0.030769223
0 0.34713596 0.6970153 0.021758987 0.055694964
3 0.34753022 0.69430894 0.02298584 0.065226875
3 0.35467893 0.71044785 0.02319703 0.048105624