0 0.5515706 0.09737128 0.0276536 0.03731006
0 0.39396706 0.093667775 0.024093438 0.035774566
3 0.47923118 0.1349875 0.02735424 0.037265558
3 0.6643988 0.8038777 0.024529075 0.033985395
3 0.24123812 0.684195 0.026059104 0.03200709
3 0.4756547 0.5006386 0.024578858 0.03212306
0 0.39784548 0.5940033 0.022056485 0.031030783
3 0.33023307 0.26213276 0.028017998 0.034892432
3 0.6190124 0.8069372 0.02209177 0.03290024
3 0.30767232 0.100218795 0.020311166 0.03414402
3 0.3242228 0.118439876 0.023711776 0.038145877
3 0.30209464 0.6339581 0.024449063 0.03403651
1 0.2877678 0.49363163 0.19729966 0.28823066
3 0.20307691 0.37040794 0.027407313 0.028211087