3 0.18316887 0.12234854 0.027861118 0.038807806
0 0.14412646 0.67480373 0.033088636 0.039321646
0 0.49258444 0.11642374 0.015276909 0.0282839
3 0.08937884 0.57293695 0.030389035 0.03675474
3 0.08395805 0.45110697 0.02558644 0.034439977
3 0.13726072 0.3563468 0.028872801 0.03956242
3 0.13599479 0.3655455 0.030349398 0.057964202
3 0.1352285 0.38570103 0.03039055 0.039396353
3 0.6607029 0.12526438 0.020765973 0.030774452
0 0.6746812 0.18103522 0.019076347 0.030359112
3 0.13631514 0.3761522 0.031987477 0.0572361
3 0.95725393 0.98855597 0.050513268 0.022888185
0 0.71957034 0.2852082 0.020663833 0.028708268
3 0.72197676 0.16980569 0.017245103 0.01816044
3 0.94385904 0.9892809 0.07977982 0.021438282