1 0.25717318 0.43764877 0.19143462 0.14904672
0 0.7529077 0.78791344 0.027710343 0.03293203
3 0.083931595 0.11165653 0.022285033 0.032796383
0 0.14493108 0.6953908 0.03327761 0.03694242
0 0.731106 0.3433988 0.028876496 0.036300026
3 0.47423878 0.80399656 0.026464654 0.036651615
3 0.89787865 0.23813353 0.01982956 0.03682531
3 0.08839514 0.5768897 0.029002715 0.032161206
0 0.7420896 0.8085041 0.023482038 0.031154126
3 0.8647194 0.5418396 0.02717781 0.035097506
3 0.71566814 0.73556346 0.027157307 0.034038037
3 0.082771875 0.45590535 0.026498914 0.033232756
3 0.91243297 0.37415558 0.021378327 0.026562184
3 0.13739239 0.35977829 0.024215603 0.03029976
3 0.9040729 0.30769482 0.020893289 0.039573036
3 0.93544734 0.6580384 0.028661728 0.032437135
3 0.932027 0.59857774 0.019581033 0.037907537
3 0.88776535 0.16735539 0.025471687 0.035662718
3 0.13358806 0.39149186 0.024598766 0.030531313
0 0.7496425 0.7957745 0.027652932 0.040351108
3 0.120138265 0.45624936 0.011468458 0.026695317
3 0.95459795 0.9886936 0.043320276 0.02261289