0 0.598684 0.1554849 0.02161379 0.03117266
3 0.6332604 0.70584095 0.025811195 0.036028545
3 0.33273092 0.6807432 0.02588892 0.034075167
3 0.32331422 0.21234232 0.5832608 0.42468464
3 0.7118872 0.1214316 0.032810785 0.043666873
3 0.6535894 0.5930418 0.024403954 0.03344447
3 0.5637107 0.79325134 0.020580484 0.04062653
3 0.6625795 0.22203341 0.020995522 0.028020097
3 0.605433 0.08680711 0.01768799 0.03211503
0 0.7337064 0.5770782 0.025859261 0.029771298
3 0.3808305 0.29464805 0.72342527 0.5892961
3 0.5218073 0.14733298 0.03572588 0.05515738