0 0.4463373 0.7434184 0.026130486 0.033906303
0 0.74216795 0.6821765 0.021476937 0.030455781
0 0.49435338 0.5390622 0.02338524 0.033818565
3 0.31538263 0.6658474 0.025787164 0.034175113
3 0.47988996 0.5886344 0.048005678 0.06871338
3 0.22077174 0.28899568 0.028639985 0.03608386
3 0.40255854 0.64754474 0.025952434 0.034695946
3 0.35127327 0.7372938 0.0586061 0.07202479
0 0.61244476 0.74471915 0.023894979 0.032259498
3 0.24706355 0.47595033 0.0491313 0.060940936
3 0.23255663 0.78112847 0.09641007 0.09472377
3 0.4390214 0.23619245 0.039916422 0.07677082
3 0.34233257 0.7442613 0.040646937 0.05980924
3 0.961754 0.9868708 0.046380997 0.02625847
3 0.6698628 0.5283774 0.036614705 0.06055133
3 0.57241154 0.1634869 0.027531816 0.036196455
1 0.77763224 0.3531962 0.19835721 0.42251113
3 0.95593786 0.9882908 0.061714172 0.023418555