0 0.1666893 0.34062016 0.024590684 0.029348375
1 0.7531418 0.3190883 0.27802584 0.21116531
0 0.17371745 0.60009235 0.026880598 0.032692466
3 0.14301307 0.33526397 0.022802591 0.03391927
0 0.16194667 0.62645394 0.0274266 0.04026769
3 0.09126112 0.3701546 0.02445451 0.028156664
0 0.1366854 0.63494366 0.028426409 0.035067495
3 0.1469822 0.60918957 0.022617435 0.030798214
3 0.9635183 0.9872807 0.039839555 0.025438692
3 0.5846076 0.364132 0.0248703 0.032738686
3 0.90275556 0.18817225 0.018864824 0.029340364
3 0.9564027 0.9888161 0.058264352 0.022367988