0 0.5519778 0.7728173 0.025299264 0.033895493
0 0.8345036 0.8987128 0.022811508 0.032176845
0 0.6593917 0.6147595 0.028961753 0.034300614
0 0.7034409 0.8727235 0.021422386 0.033366777
3 0.5438141 0.66073483 0.025715638 0.03469976
3 0.4606819 0.6275312 0.025653077 0.035066225
3 0.84834665 0.3134464 0.026549911 0.034911856
3 0.4924329 0.23616073 0.022881126 0.032095086
1 0.96840155 0.5900057 0.06319695 0.46543926
3 0.92843705 0.5781563 0.01511345 0.031713106
0 0.34739184 0.6963503 0.022746563 0.059849042
3 0.34790102 0.6915023 0.023846626 0.07339274
3 0.35226318 0.6887055 0.02977686 0.08241082