0 0.12508793 0.6034648 0.026574327 0.031996664
3 0.08792721 0.5729865 0.026416648 0.031518556
0 0.15656634 0.353795 0.02569685 0.033282347
3 0.1830737 0.12281255 0.02698009 0.036810685
3 0.08425977 0.45148957 0.025259996 0.03354702
0 0.42292604 0.7824387 0.03135252 0.038886897
3 0.1588419 0.27263477 0.028999329 0.035136417
3 0.090490095 0.37343287 0.025109816 0.028676733
3 0.6113683 0.5890534 0.026244545 0.0359005
2 0.71791834 0.32726002 0.021892166 0.054569565
2 0.7105469 0.32859996 0.03523655 0.058180176
3 0.5781584 0.9394349 0.031744767 0.060095474
3 0.6008763 0.37326688 0.022686481 0.030156074