0 0.41351643 0.7525452 0.022878552 0.031842552
0 0.52473277 0.7512313 0.018793775 0.032982893
3 0.7609916 0.70550394 0.033546258 0.05287692
3 0.4015955 0.6428738 0.026431847 0.03656667
3 0.3156541 0.6163631 0.029499913 0.03726578
0 0.73958963 0.5609174 0.024175262 0.030447135
3 0.68597776 0.6709894 0.036718655 0.07176667
3 0.6884565 0.6603087 0.024889756 0.05388718
1 0.2694624 0.9007625 0.24704495 0.19847508
3 0.70321846 0.7086036 0.02020607 0.033548485
0 0.516638 0.5850373 0.023728753 0.03237076
3 0.70007116 0.26530108 0.030283546 0.039692882