0 0.5518567 0.7728941 0.025601387 0.034000654
0 0.8345057 0.89874387 0.022852326 0.03226878
0 0.6592485 0.6146271 0.028627587 0.03451284
3 0.5437538 0.6606353 0.025469113 0.03474223
0 0.7026716 0.87263346 0.021417905 0.03357404
3 0.4606743 0.62775475 0.025732804 0.03511531
3 0.4923748 0.23671307 0.024691964 0.033801906
3 0.8484581 0.3136545 0.026604652 0.035153646
3 0.45933232 0.41976753 0.0426096 0.06613185
3 0.9284304 0.5781132 0.015144921 0.031700898
1 0.9685047 0.59072447 0.06299057 0.46719998
0 0.3471591 0.69605243 0.022647953 0.059714764
3 0.35310966 0.6885638 0.03158536 0.082422644