3 0.15131323 0.11933704 0.02769289 0.037939962
0 0.39560828 0.09026608 0.021644307 0.032477174
0 0.39776593 0.5939619 0.02212496 0.031012345
3 0.4756778 0.50009894 0.02396965 0.03183937
3 0.9133892 0.3044926 0.027840424 0.03713163
0 0.9032723 0.060203265 0.028569032 0.039487593
3 0.30914536 0.09895786 0.024002934 0.03449806
3 0.14217849 0.90501016 0.024334097 0.0321785
3 0.9344991 0.18429741 0.030143166 0.03946797
3 0.94951105 0.37818795 0.030033875 0.038963955
1 0.28714916 0.4936228 0.197684 0.2899535
3 0.32452717 0.23973787 0.026942873 0.03412886
3 0.3019344 0.6342454 0.023954296 0.032673646
3 0.9011534 0.05997555 0.02897644 0.04278323