0 0.4958032 0.5354851 0.02298212 0.03281708
0 0.4422535 0.76424026 0.025869941 0.033826575
3 0.3167859 0.6689309 0.026550675 0.03384959
3 0.40649077 0.6482354 0.02679987 0.033969626
3 0.47973487 0.5878408 0.047567178 0.068985246
0 0.7418935 0.68848115 0.021904374 0.030646263
3 0.22181034 0.286557 0.028238868 0.035819247
3 0.35112005 0.7373565 0.058322717 0.07232946
0 0.6124216 0.74479246 0.02406292 0.032577008
3 0.24655691 0.47627267 0.050920773 0.061565213
3 0.23249808 0.7813365 0.09667682 0.094480775
3 0.43900385 0.2362559 0.039922334 0.07668556
3 0.96255 0.9869858 0.04506302 0.02602838
3 0.34187967 0.74469656 0.039645102 0.05935555
3 0.66962683 0.5287488 0.037586212 0.060061395
3 0.57251054 0.16674481 0.027120208 0.037148543
3 0.6988891 0.5554511 0.022252847 0.029727811