0 0.14406547 0.67472553 0.033457734 0.03965454
3 0.18331711 0.12180887 0.026883507 0.03766451
3 0.089409076 0.5728084 0.030376649 0.036993664
3 0.083931684 0.45097208 0.02560749 0.034363177
3 0.13724437 0.3562585 0.028472949 0.038729034
3 0.13590679 0.3658567 0.029972149 0.057515338
3 0.13515802 0.38553128 0.030029058 0.039204918
3 0.1361743 0.3778231 0.031491257 0.053635344
3 0.6605506 0.1258131 0.02138195 0.031278994
0 0.6745701 0.1814105 0.019189073 0.030547716
3 0.9564144 0.98855877 0.052152254 0.022882527
3 0.72192174 0.17004427 0.01783886 0.018555451