0 0.17347805 0.6002725 0.025119686 0.031317394
3 0.0973984 0.35477373 0.020304417 0.028455926
3 0.10705774 0.315192 0.019882292 0.029914666
3 0.113026194 0.37244964 0.021650482 0.03213552
0 0.13628279 0.63458335 0.026684 0.03248431
3 0.12893963 0.3130289 0.022961998 0.030469704
0 0.15873632 0.6284398 0.030057216 0.034340926
3 0.15410101 0.3655244 0.020320464 0.031114135
1 0.77980787 0.29127967 0.20227872 0.29666573
3 0.13446514 0.3794014 0.02208097 0.03148912
3 0.35194436 0.7369345 0.05830393 0.07147726
3 0.146183 0.33099258 0.021338105 0.030889386
3 0.66672117 0.5338932 0.04549389 0.052832797
3 0.11767657 0.33994827 0.019453526 0.034725636
3 0.12371309 0.31522122 0.020624543 0.028942619
3 0.43885002 0.23508207 0.037844088 0.07497912
3 0.101310216 0.35892254 0.020911932 0.032692213
3 0.9620348 0.9867543 0.045980074 0.026491549
0 0.16467191 0.6263613 0.030264353 0.033688992
0 0.4385622 0.23461902 0.03603487 0.07257634
3 0.9555009 0.98810047 0.063723944 0.023799134