0 0.4901638 0.119435966 0.025494386 0.033545464
3 0.18241875 0.12139154 0.025135636 0.0341397
0 0.14368851 0.6758571 0.033239316 0.037333556
3 0.08242923 0.45172358 0.023475314 0.031078722
3 0.66019887 0.1278347 0.02339573 0.033260092
0 0.6739219 0.1837438 0.024774551 0.033660956
3 0.13354841 0.38580495 0.024164677 0.030384637
3 0.08797711 0.5737782 0.027917862 0.032214865
3 0.12015571 0.45033458 0.011181331 0.022998238
3 0.13670799 0.3557457 0.025454331 0.030661521
1 0.24893732 0.43459868 0.2058857 0.1527162
3 0.9012602 0.19658656 0.01791649 0.021705851