0 0.68986624 0.17177816 0.01973095 0.03150524
0 0.86145955 0.31019843 0.024465943 0.029738236
3 0.40221196 0.07994776 0.023385597 0.034814518
3 0.225209 0.47205725 0.024114132 0.028471822
0 0.25690785 0.58807135 0.025042582 0.029314678
3 0.8591854 0.25113028 0.025069047 0.03451681
3 0.93301374 0.30883703 0.028123856 0.03469162
3 0.31487414 0.28630722 0.01941824 0.031054817
3 0.3052198 0.31231257 0.019723654 0.029024825
0 0.5765199 0.7986868 0.058748152 0.1033839
3 0.24547838 0.3563181 0.02180381 0.030219715
3 0.17042193 0.96707577 0.13396867 0.065822475