0 0.17399947 0.6007523 0.027636338 0.03473282
3 0.1071756 0.31532875 0.020285035 0.030935416
3 0.0971868 0.35508865 0.020926142 0.030020334
0 0.13682187 0.63566417 0.03086319 0.037820946
0 0.15937762 0.62973154 0.03504343 0.039820865
3 0.11311688 0.37173247 0.02143612 0.032894645
3 0.12918691 0.31343997 0.022988034 0.031572215
1 0.78072166 0.29297215 0.20098095 0.29308835
3 0.3518056 0.7362102 0.059185315 0.07370479
3 0.15437698 0.3657542 0.021101905 0.033359595
3 0.66584307 0.5343737 0.045972347 0.053184256
3 0.13494292 0.37917992 0.022051407 0.033310067
3 0.11780182 0.33949593 0.019104814 0.035620626
3 0.122785784 0.3158094 0.01954341 0.030521648
3 0.14661077 0.33112705 0.02203424 0.032991283
3 0.43890697 0.23489887 0.038268473 0.0752526
3 0.9624135 0.9868656 0.044941712 0.026268898
3 0.10135334 0.35938838 0.02191837 0.034460578
0 0.14191268 0.63469 0.041774035 0.04016406
0 0.16426793 0.627342 0.036363747 0.045382693
3 0.3675588 0.43198818 0.056050062 0.08266405
3 0.9550099 0.98837227 0.06461983 0.02325554