0 0.5972203 0.14861438 0.021886826 0.029117078
3 0.633329 0.7020377 0.0256279 0.038060382
3 0.6623096 0.21596107 0.019390106 0.029504554
3 0.3322365 0.676941 0.025969362 0.035031892
3 0.3191056 0.21169232 0.59305733 0.42338464
0 0.73403 0.5727116 0.025271703 0.032230377
3 0.60398084 0.080058746 0.018816758 0.031430088
1 0.3503684 0.54659337 0.22460775 0.27552187
3 0.65357697 0.5890618 0.024095917 0.03396759
3 0.56378317 0.7886414 0.020502854 0.040343605
3 0.47382137 0.71807355 0.03579216 0.07441763