3 0.31452513 0.36437616 0.62014097 0.6878178
2 0.39126238 0.45510146 0.04731226 0.06474578
3 0.070294596 0.095268406 0.1390275 0.18305787
3 0.41341543 0.32965693 0.8153111 0.6105859
3 0.11693516 0.19091369 0.22866888 0.3684744
3 0.28713065 0.19378798 0.56829226 0.32919875
1 0.26843053 0.5190943 0.28285763 0.19442286
3 0.23104511 0.25543067 0.46209022 0.47592974
3 0.88820136 0.09690934 0.02722931 0.04337556
3 0.115790784 0.054926455 0.2304397 0.102374546
3 0.13588448 0.07983901 0.27176896 0.13821447
3 0.31173584 0.552116 0.61563176 0.32236063
3 0.26579538 0.5620926 0.53159076 0.42385742
3 0.17751443 0.29198822 0.35374042 0.5669774
3 0.42598292 0.07224555 0.5109234 0.086953804
3 0.5389908 0.06983149 0.45179778 0.09145662
1 0.27360883 0.61223686 0.27424356 0.37269557