0 0.17373063 0.60086715 0.02635982 0.033100512
3 0.0928323 0.29116437 0.021420825 0.028410913
0 0.09421947 0.24673295 0.02071395 0.031663008
0 0.13676982 0.63573927 0.029351521 0.03559494
0 0.15847471 0.6295675 0.03416071 0.037995405
3 0.12729609 0.27733755 0.02161448 0.02929179
3 0.10243123 0.22022805 0.021518273 0.03199425
1 0.7813484 0.29323414 0.20040713 0.29274648
3 0.11631365 0.24278101 0.017167568 0.029670114
0 0.16452116 0.6279264 0.034044456 0.040681206
3 0.045660023 0.097624935 0.0222938 0.03336727
3 0.6368524 0.5762649 0.053421404 0.027096558