3 0.1829512 0.122534506 0.027097011 0.03798552
3 0.09158055 0.3714748 0.029280877 0.033832297
0 0.1438359 0.67439735 0.032384157 0.039440792
0 0.15669118 0.35429543 0.02914517 0.038423285
3 0.083827905 0.4511506 0.026075602 0.03383001
3 0.08859445 0.5736991 0.030000806 0.035707604
3 0.15869085 0.27222 0.02882564 0.038464088
3 0.87464714 0.9733457 0.056147385 0.052889764
0 0.7442048 0.4035672 0.019581223 0.029822541
3 0.66691047 0.31748658 0.011456109 0.021749688
1 0.82755005 0.36095 0.24880123 0.1456398
0 0.7676131 0.41506103 0.020499898 0.025968108