0 0.14401017 0.67468387 0.033461332 0.03969663
3 0.18322471 0.12245833 0.027609348 0.038082078
3 0.08932302 0.5728499 0.03019557 0.036921185
3 0.0839738 0.45110762 0.025684595 0.034539543
0 0.71570474 0.33150694 0.023140525 0.031962525
3 0.13713247 0.35631487 0.028711153 0.039723843
3 0.13503568 0.3861676 0.030371666 0.039553773
3 0.13582413 0.36604336 0.030379368 0.05851517
3 0.66050357 0.12612003 0.022357179 0.032785133
0 0.6745925 0.18119876 0.019652558 0.030553311
3 0.13608682 0.37847248 0.031954147 0.053858314
3 0.95429355 0.9885012 0.05706043 0.022997666
3 0.7219741 0.17017557 0.017879104 0.019412486
3 0.93208563 0.9891489 0.104615405 0.021702386