3 0.6565015 0.071561225 0.02480545 0.03588095
3 0.65974915 0.6933603 0.025292207 0.035803605
1 0.17364734 0.82421786 0.29750606 0.27574846
3 0.20074545 0.123864695 0.027965069 0.036548346
3 0.6621185 0.27806538 0.026864434 0.03738429
3 0.5822188 0.12972644 0.029851532 0.039025467
3 0.37927732 0.09461597 0.027494146 0.037449934
3 0.6555816 0.12513076 0.025899697 0.03670702
3 0.14281198 0.17358358 0.029480433 0.038946345
0 0.22989312 0.8680381 0.0232625 0.033129375
3 0.28654787 0.7744892 0.020002509 0.031761933
3 0.9403545 0.8094286 0.02839241 0.03599752
3 0.65498173 0.07489566 0.029269028 0.044177596