0 0.16125628 0.5793019 0.026126241 0.03695107
1 0.75302315 0.3191474 0.2784794 0.21241347
3 0.084259905 0.4502933 0.025497962 0.03199374
3 0.09200085 0.37116313 0.02855376 0.033972297
0 0.17435396 0.6001404 0.027354289 0.035496395
0 0.16117726 0.6294809 0.027324153 0.03956477
0 0.16738652 0.5926528 0.028793527 0.03978755
0 0.13729922 0.6351529 0.030502534 0.03682976
3 0.15921472 0.27326617 0.02971139 0.037414555
3 0.18482846 0.122480564 0.02156651 0.030334521
0 0.15109597 0.6101817 0.022786189 0.041324746
3 0.96358675 0.9873257 0.04010105 0.025348602
3 0.58463144 0.36419994 0.025053406 0.032800805
3 0.90273285 0.18838687 0.01883316 0.029073048
3 0.95604676 0.9888829 0.060368158 0.02223441
3 0.14716093 0.6101433 0.025034143 0.034026083