3 0.7396597 0.74146956 0.02588749 0.039097853
0 0.45773384 0.8514432 0.021611119 0.028868614
3 0.7558506 0.6665343 0.017136766 0.027235668
3 0.6984229 0.7897839 0.01643591 0.02538961
0 0.5981783 0.9158639 0.02101536 0.028358588
0 0.5357465 0.7016628 0.020620728 0.026570385
3 0.9116015 0.6224767 0.022786332 0.025460182
0 0.71653336 0.9183653 0.022616768 0.02853292
3 0.9152856 0.9251719 0.018602181 0.039898302
3 0.37267563 0.7422372 0.02269659 0.028458152
3 0.6773352 0.7328356 0.032632638 0.048686985
3 0.7462277 0.6401645 0.013395882 0.034944408
3 0.3826136 0.45153192 0.01896348 0.026191585
1 0.44741374 0.47427097 0.15431026 0.20495403
1 0.8067797 0.5944403 0.14033222 0.20458972
3 0.562719 0.47202405 0.019285394 0.03987904
3 0.44426003 0.7572635 0.021772385 0.028450523
3 0.9126849 0.574026 0.01805458 0.025989534