0 0.5973031 0.14982568 0.022078991 0.029167876
3 0.6331465 0.7023182 0.025833702 0.037498347
3 0.31889892 0.21217401 0.59308046 0.42434803
3 0.3322199 0.6771293 0.026419258 0.034695055
3 0.6622483 0.21666111 0.019619942 0.028457325
0 0.73392147 0.5731301 0.025812913 0.03202998
3 0.6534587 0.58947873 0.024548722 0.03391889
3 0.6042408 0.08138727 0.018155575 0.03064267
1 0.34877202 0.5460773 0.22466965 0.27292278
3 0.56365347 0.7887029 0.020704841 0.040184278
3 0.4739895 0.71818215 0.036122896 0.0739708