3 0.7011073 0.7088289 0.022662355 0.03337822
0 0.85543674 0.29571414 0.026956558 0.03527247
3 0.51175624 0.42919174 0.022363663 0.03167108
3 0.6349068 0.7433629 0.022742271 0.034434386
0 0.9046435 0.199747 0.026111221 0.036046125
3 0.93160725 0.6781251 0.026051903 0.036003623
3 0.92991334 0.64343464 0.026291657 0.03400841
3 0.48966122 0.4664418 0.020358086 0.029734042
3 0.5320566 0.45039865 0.020862198 0.029161328
3 0.5128057 0.48417947 0.022470761 0.03530019
3 0.5123541 0.4776778 0.024338722 0.04334024
3 0.5315799 0.47160926 0.022140885 0.040596392
3 0.5316867 0.45779243 0.02232399 0.045581438
3 0.51058304 0.46288127 0.022236824 0.045679223
1 0.23855309 0.3950544 0.31501064 0.1549071
3 0.93063164 0.66074777 0.026697922 0.057841115