3 0.62881637 0.61614144 0.026107503 0.036175285
3 0.6999807 0.14724413 0.018984795 0.030124063
3 0.3224509 0.1755413 0.63286823 0.3510826
3 0.5289422 0.0519274 0.2050602 0.09569491
3 0.36482894 0.26221907 0.7191689 0.51748747
0 0.739522 0.5067948 0.027574826 0.030478798
0 0.62784714 0.086085595 0.021538163 0.030819831
0 0.7528609 0.36553118 0.019856835 0.027578037
3 0.6507548 0.7515236 0.060221672 0.06875458
3 0.42537275 0.07866758 0.023224259 0.0372303
3 0.65919733 0.51002043 0.026210213 0.032686997