0 0.38127628 0.74907845 0.019845963 0.036730833
3 0.6470788 0.66948956 0.037186433 0.07257513
0 0.6692859 0.85769033 0.020948602 0.039219413
0 0.53601164 0.84014183 0.01904335 0.03899053
0 0.48398104 0.5811841 0.021401597 0.037217334
3 0.7208356 0.7030251 0.030017471 0.054580055
3 0.66957444 0.70914865 0.018585682 0.034862902
3 0.7608573 0.56476897 0.019530296 0.039054364
3 0.47982273 0.7137341 0.018494224 0.03400701
3 0.3691736 0.6385632 0.02319231 0.040314995
3 0.58371645 0.8604149 0.017238235 0.03839175
3 0.58363104 0.80689937 0.016760636 0.03302498
3 0.75388426 0.52749664 0.0135385515 0.03865624
3 0.2841479 0.61037767 0.024415685 0.038987987
3 0.89889205 0.882647 0.021906663 0.05000102
3 0.66689676 0.26067856 0.028735543 0.0395703
3 0.7052116 0.4415988 0.031149674 0.059202325
3 0.7221953 0.6261915 0.026132202 0.048866276
3 0.5396229 0.2969503 0.03684578 0.06785336
3 0.9870682 0.45458743 0.023506928 0.04259828
3 0.3165021 0.5057597 0.011784124 0.026566824
3 0.57022065 0.8546386 0.025163842 0.047510784
3 0.60502535 0.83114517 0.019536495 0.04221726
3 0.8328145 0.796933 0.016462898 0.035953525
3 0.6776979 0.69928557 0.017738914 0.0458636