0 0.551454 0.096773826 0.02575512 0.03594014
0 0.39408258 0.09228475 0.021651125 0.032807034
3 0.4790092 0.13453722 0.026019001 0.036175024
0 0.39787707 0.5940163 0.022117615 0.031290185
3 0.66445345 0.80369544 0.02498417 0.03437322
3 0.4757967 0.5001379 0.024720192 0.032669198
3 0.33040237 0.26186043 0.02610302 0.03459279
3 0.30770135 0.09849129 0.018271351 0.031538792
3 0.1418695 0.9057258 0.024927044 0.032567725
3 0.61917937 0.80691254 0.022226144 0.033260345
1 0.28778568 0.49445897 0.20001507 0.28482705
3 0.32378745 0.11623214 0.02151804 0.03376667
3 0.30209205 0.6339127 0.024321651 0.03377851