0 0.76543456 0.8369849 0.026613617 0.03341484
0 0.7889172 0.8680317 0.024432374 0.031546403
3 0.75898844 0.806741 0.024965573 0.03415642
1 0.3486196 0.4063372 0.20647983 0.1447539
3 0.9316887 0.6491936 0.02507515 0.030146537
3 0.5101456 0.81169164 0.024465466 0.03272578
0 0.203189 0.6222039 0.031138374 0.033319347
3 0.12161908 0.15541457 0.24321686 0.31082913
3 0.1469676 0.9790364 0.14727631 0.04133199
3 0.11339777 0.018661177 0.2249846 0.03589661
0 0.9819935 0.7330012 0.035001185 0.1885165
3 0.658829 0.98786354 0.05824318 0.024273047
3 0.15733007 0.018562047 0.13051863 0.03692593