3 0.38131538 0.59464717 0.05920906 0.06899783
0 0.38238937 0.75748 0.024526311 0.033883415
0 0.65633 0.61053663 0.02398081 0.031798556
0 0.5451276 0.7028116 0.02314663 0.030917106
3 0.078469455 0.38836774 0.029200507 0.034410223
0 0.39406094 0.5420219 0.025581647 0.031953655
3 0.27439785 0.790357 0.051191904 0.064480595
3 0.24001746 0.72505945 0.026333237 0.034355547
3 0.3232782 0.6783397 0.026460934 0.03453789
3 0.2678938 0.7952701 0.038384583 0.055296455
3 0.2951045 0.7717902 0.043802835 0.060567733
3 0.2815445 0.78459984 0.06642542 0.07415721
3 0.7522184 0.05147686 0.29855976 0.10183081