0 0.14412543 0.67477477 0.033223797 0.03980637
3 0.18321745 0.12151328 0.027513409 0.037687175
3 0.0893945 0.5729851 0.030094385 0.036969505
3 0.083938524 0.45110458 0.025836242 0.034598287
3 0.13729315 0.3559271 0.02830081 0.038247935
3 0.13593607 0.36512098 0.029898047 0.05621745
3 0.13504058 0.38586557 0.029899836 0.038231786
3 0.13610534 0.37853992 0.031416416 0.051928204
3 0.6604168 0.12589902 0.021092033 0.031228162
0 0.49141905 0.11690632 0.023732757 0.030162813
0 0.67468446 0.18133587 0.019092465 0.030903436
3 0.95604706 0.98849714 0.05335045 0.023005804