0 0.59721273 0.14890662 0.021969128 0.029420028
3 0.63340944 0.7019701 0.025655365 0.037552137
3 0.66228837 0.21604936 0.019478321 0.029146196
3 0.31612912 0.21150681 0.59858876 0.42301363
3 0.3322297 0.67694515 0.026181603 0.03485324
0 0.734149 0.57279575 0.025668716 0.031948853
3 0.6043324 0.080309026 0.018414307 0.031244593
3 0.65370214 0.58901536 0.024569511 0.034071606
1 0.34884712 0.54620415 0.2242075 0.27382305
3 0.5638311 0.7884682 0.020458508 0.039920047
3 0.3691196 0.29404706 0.7158223 0.5880941
3 0.47407037 0.7179848 0.036520194 0.07448527