3 0.18289962 0.12264454 0.02731595 0.037755363
3 0.09159743 0.37135485 0.029571652 0.034221906
0 0.1438445 0.6743834 0.03312652 0.039622754
3 0.083752155 0.45117792 0.026673222 0.03423017
0 0.15655163 0.35397354 0.02889514 0.038995873
3 0.08897783 0.5731377 0.030164361 0.036392216
3 0.15850165 0.27221093 0.029198503 0.038258236
1 0.8274558 0.36355904 0.24497509 0.15891725
3 0.906149 0.18814118 0.011052704 0.030879531
3 0.67821753 0.35682642 0.016047096 0.027311327
3 0.90272903 0.20547582 0.020838737 0.061045397
3 0.6665275 0.3174089 0.011161613 0.021752167