9 0.490625 0.3328125 0.271875 0.27265625
9 0.4625 0.871875 0.2796875 0.25625
5 0.478125 0.60703125 0.2796875 0.278125
5 0.73125 0.471875 0.2921875 0.29296875
5 0.91171875 0.6328125 0.1765625 0.30859375
1 0.91796875 0.328125 0.1640625 0.3125
1 0.06875 0.325 0.13671875 0.28515625
1 0.74609375 0.18359375 0.290625 0.290625
10 0.47734375 0.10078125 0.2796875 0.2015625
10 0.23125 0.1828125 0.28828125 0.284375
10 0.24140625 0.46171875 0.28828125 0.26953125
10 0.221875 0.746875 0.29765625 0.29609375
10 0.71796875 0.76171875 0.2890625 0.29296875