9 0.1859375 0.12421875 0.02109375 0.03125
9 0.40859375 0.171875 0.0234375 0.03515625
9 0.28125 0.51171875 0.02890625 0.034375
9 0.321875 0.7796875 0.02734375 0.03828125
9 0.46953125 0.790625 0.0265625 0.0359375
9 0.56328125 0.77109375 0.028125 0.04296875
9 0.67578125 0.15390625 0.02109375 0.0296875
9 0.64296875 0.17890625 0.015625 0.02734375
3 0.48984375 0.32109375 0.08984375 0.1125
3 0.586407265625 0.8294913484374999 0.93849970625 0.8244399625 0.972723528125 0.8168830671875 0.9757017640625 0.7870131390624999 0.9060448265625001 0.461569246875 0.8753284265625 0.46963040781250004 0.8981495468749999 0.62887096875 0.9129562234374999 0.769999025 0.7868986046875001 0.797179771875 0.662942553125 0.7975872374999999 0.47628886406250004 0.78838433125 0.2224353609375 0.783790871875 0.05100870625 0.78765150625 0.11776125156249999 0.4740778203125 0.09488178750000001 0.4475318875 0.1139036578125 0.354653171875 0.13829048593749999 0.35993473125 0.17678235625 0.1185656359375 0.49497326406250003 0.09603478125 0.5013849703125 0.0551275015625 0.1845605171875 0.07372877343749999 0.155202821875 0.0978835984375 0.011330040625 0.794430203125 0.0102637015625 0.8206139625000001 0.07997618437500001 0.828975778125 0.586407265625 0.8294913484374999
7 0.33074272968749996 0.5595976015625 0.3321300140625 0.564630821875 0.3329719671875 0.5703792671875 0.3330645953125 0.5740942578125 0.33413034218750004 0.578285984375 0.3373403390625 0.5835637484375 0.34497065 0.5866340765625 0.3517358640625 0.588465534375 0.362349790625 0.58921265 0.37947311250000004 0.5909820234375001 0.39094653749999997 0.5969736421875 0.408409696875 0.5970541328125 0.43164460781249997 0.5959636546875 0.4481899796875 0.592449046875 0.46879155156249996 0.6010706671875 0.47748254843750004 0.6072639578125 0.48868825937500004 0.607895946875 0.5084314625 0.6022482578125 0.5180281921875001 0.5965426015624999 0.5205947906249999 0.5916938578125001 0.5214292609375 0.5873452640625 0.5224495265625 0.572467703125 0.5249347453125 0.563195121875 0.527530515625 0.5489581078125 0.5260932296874999 0.5309718703125 0.5254729734375 0.513357334375 0.5226694468749999 0.488343334375 0.523751503125 0.47103897968749997 0.5352782125 0.4532010515625 0.5471235546875 0.43668232187499995 0.5635610640625 0.41315230156249994 0.5768977296875 0.39258700625 0.587301803125 0.35982061249999997 0.5990048359375 0.3313710859375 0.6070338125 0.3107365203125 0.6186754875 0.289317821875 0.6247266875 0.2749969234375 0.6387888859374999 0.2029005984375 0.64251504375 0.1751030015625 0.6409153203125 0.1604936390625 0.6365486703125 0.1483497015625 0.623700284375 0.13442201874999998 0.6028443453125 0.14230047968749998 0.589082909375 0.21009810624999997 0.5443054953125 0.3061134296875 0.5220502687499999 0.3838132828125 0.502397809375 0.40315957031250005 0.4811894375 0.4271713328125 0.46656306875000003 0.4438323171875 0.45606803593749995 0.4595621109375 0.44653944687499997 0.4729373671875 0.4377580265625 0.482261778125 0.41136371250000003 0.5015815859375 0.396583946875 0.5083535015625 0.3861957 0.5107927265625001 0.381767475 0.51155146875 0.36518044375000003 0.5227287328125 0.353022015625 0.530563596875 0.339985465625 0.5370974265624999 0.342241990625 0.5365053203125 0.33999499218749996 0.5413285515624999 0.33074272968749996 0.5595976015625