9 0.6796875 0.96328125 0.04140625 0.06328125
9 0.88125 0.934375 0.04140625 0.0578125
9 0.6796875 0.81484375 0.040625 0.06015625
9 0.6796875 0.96328125 0.04140625 0.06328125
9 0.88125 0.934375 0.04140625 0.0578125
9 0.6796875 0.81484375 0.040625 0.06015625
4 0.5625 0.7671875 0.0390625 0.06015625
9 0.68828125 0.2078125 0.0546875 0.06484375
9 0.646875 0.10625 0.0359375 0.05390625
9 0.6796875 0.96328125 0.04140625 0.06328125
9 0.88125 0.934375 0.04140625 0.0578125
9 0.6796875 0.81484375 0.040625 0.06015625
4 0.5625 0.7671875 0.0390625 0.06015625
9 0.68828125 0.2078125 0.0546875 0.06484375
9 0.646875 0.10625 0.0359375 0.05390625
9 0.87578125 0.2515625 0.03984375 0.05703125
3 0.4104938265625 0.190740740625 0.408641975 0.19444444375 0.40432098749999995 0.1981481484375 0.39197530937499997 0.1990740734375 0.35 0.1916666671875 0.340740740625 0.19444444375 0.336419753125 0.20277777812500003 0.3382716046875 0.2259259265625 0.3456790125 0.240740740625 0.3567901234375 0.246296296875 0.3925925921875 0.25 0.39691357968749996 0.2546296296875 0.399382715625 0.2629629625 0.399382715625 0.2796296296875 0.3956790125 0.315740740625 0.396296296875 0.33888888906250003 0.4012345671875 0.3490740734375 0.40555555625000006 0.3518518515625 0.4166666671875 0.3518518515625 0.4240740734375 0.3425925921875 0.427777778125 0.27870370312500004 0.43271604999999996 0.259259259375 0.44506172812499994 0.25648148125 0.4783950625 0.26944444375 0.4932098765625 0.26944444375 0.49691357968750005 0.2638888890625 0.4987654328125 0.24351851875000002 0.4987654328125 0.22870370312500002 0.49259259218749996 0.2148148140625 0.44506172812499994 0.20648148125 0.43641975312500003 0.2 0.43456790156249997 0.1851851859375 0.4370370375 0.1759259265625 0.4388888890625 0.1268518515625 0.43333333281249997 0.11574074062499999 0.42469135781249995 0.11388888906250001 0.4166666671875 0.1166666671875 0.41234567968749997 0.127777778125 0.4104938265625 0.190740740625
3 0.9456715109375 1 0.94252624375 0.7960608 0.9348094937500001 0.49129328437500003 0.9339520765625 0.48872140625 0.923663075 0.1800960734375 0.9133740734375 0 0.8747903171875 0.00242020625 0.8842219015625 0.22617357187499998 0.8893664031249999 0.3701987265625 0.9030850718749999 1 0.9456715109375 1