9 0.4671875 0.11484375 0.021875 0.03671875
9 0.31875 0.09921875 0.01953125 0.0296875
9 0.21875 0.103125 0.02109375 0.03671875
9 0.27265625 0.534375 0.02421875 0.0328125
9 0.203125 0.734375 0.02109375 0.03203125
9 0.20859375 0.80703125 0.0203125 0.03046875
9 0.5453125 0.446875 0.01875 0.028125
9 0.57578125 0.57734375 0.0203125 0.0359375
9 0.7078125 0.57890625 0.01875 0.0359375
9 0.72265625 0.6765625 0.0265625 0.03203125
9 0.78359375 0.77421875 0.025 0.0359375
3 0.48680555625000005 0.465625 0.48402777812500003 0.48229166718750005 0.49375 0.4895833328125 0.51319444375 0.4916666671875 0.5166666671875 0.49791666718750005 0.5208333328125 0.5322916671875 0.5326388890625 0.5385416671875001 0.5416666671875 0.53125 0.5409722218749999 0.4947916671875 0.5458333328125 0.4895833328125 0.5701388890625 0.48333333281249996 0.5722222218749999 0.47083333281249995 0.565277778125 0.4604166671875 0.546527778125 0.45520833281249995 0.5479166671875 0.4427083328125 0.5416666671875 0.434375 0.5361111109375 0.4125 0.5298611109375 0.40625 0.5201388890625 0.40625 0.5138888890625 0.4166666671875 0.5145833328125 0.45520833281249995 0.48680555625000005 0.465625
3 0.8547374187500001 0.41884013593749997 0.869508653125 0.41639364375000004 0.8716067359374999 0.473178228125 0.8553142250000001 0.4804224296875 0.8676223750000001 0.83021654375 0.17427644375 0.8085254484375 0.1839106734375 0.5002072656250001 0.16394351875 0.4906020390625 0.16984739843750002 0.3886812296875 0.18554160625 0.38162721875 0.19641543125 0.0997686390625 0.170595659375 0.0828495328125 0.14123716875 0.8338373265625 0.880967034375 0.857771646875 0.8967044171874999 0.8385806312499999 0.868817646875 0.0676378984375 0.8409957890624999 0.0831607640625 0.8547374187500001 0.41884013593749997
3 0.869125365625 0.049041839062499995 0.178571428125 0.06994047656249999 0.192856621875 0.1039297015625 0.8586566250000001 0.0827313375 0.869125365625 0.049041839062499995
0 0.16418384375 0.486439478125 0.1825396828125 0.497023809375 0.1872836515625 0.4009955265625 0.167717828125 0.40295827968750003 0.16418384375 0.486439478125
8 0.8739668828125 0.4188579375 0.8528975234375 0.4203132453125 0.850876096875 0.4835219609375 0.871625021875 0.4724990296875 0.8739668828125 0.4188579375