4 0.16640625 0.4578125 0.04296875 0.028125
9 0.4359375 0.4484375 0.03046875 0.0234375
9 0.43203125 0.4328125 0.0234375 0.01484375
9 0.4703125 0.41875 0.015625 0.0109375
9 0.50390625 0.4234375 0.01796875 0.0125
3 0.48185559375000003 0.431338475 0.48091355 0.45412416875000006 0.4962217671875 0.456597034375 0.5341390453125 0.45112140156249997 0.5788861421875 0.45553723437500004 0.5906616953125 0.45359426875000003 0.592545784375 0.43663747343750003 0.5779440984375 0.43522440781249994 0.5784151203125 0.4311618421875 0.5642844578124999 0.429748775 0.531783934375 0.432398275 0.4981058546875 0.4295721421875 0.48185559375000003 0.431338475
9 0.6453125 0.42890625 0.02109375 0.015625
9 0.72890625 0.43359375 0.02578125 0.0171875
9 0.95859375 0.42734375 0.025 0.015625
3 0.0013408234374999999 0.4492593703125 0.5524189093749999 0.4180852453125 0.724044203125 0.4236161390625 0.7260554359375 0.41129733125 0.7578999734375 0.41180014062500003 0.75622394375 0.42462175625 0.998912834375 0.43543213906249995 0.998912834375 0.40903469374999996 0.5530893203125 0.4014925671875 0.0010056171875 0.4135599703125 0.0013408234374999999 0.4492593703125
8 0.756544875 0.4248770515625 0.7577527703125 0.41174119375 0.7259448703125 0.4112882328125 0.724938290625 0.42382014375 0.756544875 0.4248770515625