3 0.61640625 0.1703125 0.0953125 0.096875
3 0.6921875 0.26171875 0.0984375 0.0984375
3 0.7875 0.290625 0.096875 0.0984375
3 0.725 0.39765625 0.1015625 0.1015625
3 0.29140625 0.6453125 0.1046875 0.1015625
3 0.4171875 0.53203125 0.0984375 0.1015625
3 0.59453125 0.72734375 0.10625 0.109375
3 0.72578125 0.6984375 0.1078125 0.109375
3 0.80546875 0.50859375 0.1046875 0.1046875
3 0.9703125 0.7359375 0.059375 0.1109375
3 0.49375 0.6046875 0.0984375 0.1046875
3 0.690625 0.58671875 0.1015625 0.10625
3 0.640625 0.4953125 0.1 0.103125
3 0.54375 0.51875 0.0984375 0.0984375
3 0.59375 0.61171875 0.1 0.0984375