3 0.18515625 0.121875 0.01875 0.0296875
3 0.534375 0.1234375 0.021875 0.0359375
3 0.4109375 0.16875 0.0234375 0.03125
3 0.5296875 0.2734375 0.0265625 0.0359375
3 0.47890625 0.36640625 0.0265625 0.0359375
3 0.33203125 0.5171875 0.0234375 0.034375
3 0.05390625 0.78125 0.0203125 0.0390625
3 0.321875 0.7796875 0.0265625 0.0390625
3 0.4703125 0.7890625 0.0296875 0.034375
1 0.400510865625 0.5918626734375 0.4248096390625 0.6055267171875001 0.46012477343749997 0.5990720078125 0.48703460468750004 0.6053473265625 0.5085779687499999 0.61082401875 0.524347321875 0.56963836875 0.5273354609375 0.50855896875 0.53657286875 0.45472676874999995 0.5699413375 0.3928605328125 0.6141271296874999 0.2970533015625 0.6446198421875 0.1912464765625 0.642278546875 0.1627906921875 0.61945010625 0.1538308765625 0.6040564374999999 0.1640211640625 0.5696132328125 0.2802723078125 0.5093167421875 0.39841400625 0.41498739218749997 0.48227518125 0.3569360703125 0.510882746875 0.3314090578125 0.55003268125 0.34060965 0.5848378171874999 0.3821035453125 0.5848275640625 0.400510865625 0.5918626734375
2 0.3883702609375 0.5670220203125 0.3818375484375 0.5591102734375 0.38458817343749996 0.5112958765625 0.372898059375 0.513359803125 0.3746171921875 0.52711934375 0.34182049375 0.539123834375 0.33782771875 0.559798253125 0.34573574375 0.5797495859375 0.38114990625 0.5763097 0.3883702609375 0.5670220203125