1 0.5797801625 0.2869991328125 0.580852959375 0.3034495609375 0.5973948859375 0.3186785984375 0.61087698125 0.33352717656249997 0.624909146875 0.3352895265625 0.6272198703125 0.351112971875 0.6269821890625 0.368331021875 0.6298323265625 0.38563020937500003 0.64585055625 0.3924371625 0.6563113578124999 0.383594896875 0.66212143125 0.3731171140625 0.664265628125 0.36038280624999997 0.6763478968750001 0.3684035203125 0.6836314265625 0.3624233671875 0.694874596875 0.3476236328125 0.69706508125 0.3209507453125 0.7050675765625 0.31989159218749996 0.7106592359375 0.30962678593750004 0.7107889484375 0.28443496874999996 0.7012544390625 0.278103540625 0.69152336875 0.26717873281250004 0.720986340625 0.25133954375 0.7550025140625001 0.2375715953125 0.77863506875 0.21949106093749998 0.802833946875 0.19454689687499999 0.8294845656250001 0.1793028015625 0.848011696875 0.1564722625 0.8734121171875 0.125125178125 0.8989248125 0.099110275 0.910289946875 0.08226271562500001 0.9152762062500001 0.06541798125 0.9117351984375001 0.0544568421875 0.8982649437499999 0.0369310328125 0.8883333296875 0.02595951875 0.87936126875 0.03492526875 0.8090895671875 0.1250311640625 0.7487933984375 0.18291788281250002 0.6733178843750001 0.22524976093750002 0.6751039421875 0.21297539687499997 0.662590875 0.21435106875 0.65016209375 0.23217111406250002 0.6379924140625 0.23622535 0.6263610734375 0.2233192 0.61347695 0.2341208484375 0.6011046828125 0.23428812968749999 0.5911795265625 0.2161761484375 0.5850711671875 0.224127471875 0.5758133062499999 0.22464021562499997 0.5574625 0.21367245625 0.5509365828125 0.23031503125000002 0.5514035500000001 0.23516401718750002 0.55051665625 0.248695978125 0.5564541828125 0.255340171875 0.56541429375 0.2606635515625 0.5757253609374999 0.26793836249999997 0.5849027015625 0.27633683124999997 0.5797801625 0.2869991328125
3 0.1859375 0.1203125 0.0171875 0.0296875
3 0.409375 0.171875 0.021875 0.0328125
3 0.2828125 0.51171875 0.025 0.0375
3 0.54296875 0.25703125 0.021875 0.03125
3 0.56640625 0.32890625 0.0203125 0.0421875
3 0.640625 0.50859375 0.0234375 0.0359375
3 0.63125 0.67578125 0.0265625 0.0421875
3 0.77734375 0.753125 0.0296875 0.0421875
3 0.5640625 0.771875 0.028125 0.0390625
3 0.47109375 0.79296875 0.028125 0.04375
3 0.321875 0.78046875 0.025 0.0375
2 0.58006789375 0.2666505921875 0.5789255359375 0.24967033593750002 0.59981446875 0.22126109062500002 0.5908387562499999 0.21489349687499998 0.5849637359375001 0.22583269218750002 0.5576474203124999 0.214065446875 0.5497136734375 0.2310573828125 0.5500400578125 0.249343796875 0.5723977453125 0.26469131875 0.58006789375 0.2666505921875