3 0.5091145828125 0.097222221875 0.503125 0.1050925921875 0.5026041671875 0.1171296296875 0.50703125 0.1268518515625 0.5119791671875 0.1273148140625 0.5171875 0.1208333328125 0.5182291671875 0.108796296875 0.5138020828125 0.0981481484375 0.5091145828125 0.097222221875
3 0.5002604171875 0.1574074078125 0.49453125 0.15925925937500002 0.490625 0.16805555625 0.4921875 0.18194444375000002 0.4984375 0.1875 0.50234375 0.1861111109375 0.50625 0.1773148140625 0.5057291671875 0.1643518515625 0.5002604171875 0.1574074078125
3 0.1955729171875 0.31851851875000003 0.190625 0.3254629625 0.1901041671875 0.3365740734375 0.1966145828125 0.3481481484375 0.20052083281250002 0.34861111093749997 0.20833333281250002 0.34120370312500004 0.2088541671875 0.32824074062499997 0.20286458281250003 0.31851851875000003 0.1955729171875 0.31851851875000003
3 0.18203125 0.33888888906250003 0.1776041671875 0.34861111093749997 0.178125 0.35694444375 0.18307291718750002 0.36666666718749996 0.1895833328125 0.3671296296875 0.19583333281249998 0.36064814843750004 0.1963541671875 0.34861111093749997 0.19140625 0.33888888906250003 0.18203125 0.33888888906250003
3 0.2325520828125 0.7398148140624999 0.225 0.7486111109375 0.22395833281250002 0.7606481484375001 0.2283854171875 0.7703703703125 0.23541666718749998 0.7708333328125 0.2421875 0.7615740734374999 0.24322916718749998 0.7513888890625 0.23932291718749998 0.7416666671875001 0.2325520828125 0.7398148140624999
3 0.3528645828125 0.765740740625 0.3453125 0.7745370375 0.34427083281250004 0.7856481484375 0.34713541718749996 0.79444444375 0.3536458328125 0.796759259375 0.3604166671875 0.7875 0.3614583328125 0.7763888890625 0.3591145828125 0.76944444375 0.3528645828125 0.765740740625
3 0.5981770828124999 0.88055555625 0.5932291671875001 0.8865740734375 0.5921875 0.8986111109375001 0.5966145828125 0.909259259375 0.6026041671875 0.9106481484375 0.6078125 0.903240740625 0.6083333328125 0.8921296296874999 0.6044270828125 0.8824074078124999 0.5981770828124999 0.88055555625
3 0.5565104171875 0.9009259265624999 0.5515625 0.9078703703125001 0.5505208328125 0.9199074078124999 0.55390625 0.9296296296875 0.5614583328125 0.93101851875 0.565625 0.9263888890624999 0.5666666671875 0.9125 0.5622395828125 0.9018518515625 0.5565104171875 0.9009259265624999
3 0.7393229171875 0.8768518515625001 0.734375 0.8847222218749999 0.7348958328124999 0.896759259375 0.7408854171875 0.9055555562500001 0.7458333328125 0.9050925921875 0.75 0.8986111109375001 0.7494791671875001 0.8847222218749999 0.7455729171875001 0.877777778125 0.7393229171875 0.8768518515625001
0 0.64296875 0.709259259375 0.6369791671875 0.7171296296875 0.6364583328125 0.7273148140625 0.63984375 0.7361111109375 0.6473958328125 0.7384259265625001 0.6515625 0.733796296875 0.6526041671875 0.7199074078125001 0.6486979171875 0.7111111109375 0.64296875 0.709259259375
3 0.5096354171875 0.4796296296875 0.503125 0.4865740734375 0.5026041671875 0.49490740781250003 0.5059895828125 0.5074074078125 0.5109375 0.5078703703125 0.5153645828125 0.5046296296875 0.5177083328125 0.49583333281249997 0.5166666671875 0.4875 0.5096354171875 0.4796296296875
3 0.8182291671874999 0.146759259375 0.8177083328125001 0.1458333328125 0.8177083328125001 0.140277778125 0.8166666671874999 0.1365740734375 0.8158854171875 0.1351851859375 0.81328125 0.13333333281249998 0.80703125 0.13333333281249998 0.8049479171874999 0.1351851859375 0.8020833328125001 0.140277778125 0.8010416671874999 0.1449074078125 0.8010416671874999 0.1541666671875 0.8018229171875 0.1546296296875 0.8044270828125001 0.15925925937500002 0.8080729171875 0.1620370375 0.809375 0.16157407343750002 0.8122395828125001 0.1611111109375 0.81328125 0.1601851859375 0.8161458328125001 0.1550925921875 0.8182291671874999 0.146759259375
1 0.765625 0.3300925921875 0.7661458328124999 0.3134259265625 0.7846354171875001 0.2851851859375 0.7890625 0.2856481484375 0.7864583328125 0.291203703125 0.7888020828125 0.29814814843750004 0.796875 0.2800925921875 0.7984375 0.26898148125 0.7958333328125 0.2606481484375 0.7942708328125 0.2375 0.8020833328125001 0.22453703749999998 0.8005208328125001 0.20231481406250001 0.809375 0.178240740625 0.809375 0.1634259265625 0.80546875 0.15370370312499998 0.7924479171875001 0.15555555625 0.784375 0.16805555625 0.7783854171875 0.1851851859375 0.7731770828125 0.1888888890625 0.7690104171875001 0.1898148140625 0.7638020828125 0.1824074078125 0.7611979171875001 0.1833333328125 0.75703125 0.19444444375 0.7533854171875001 0.19351851874999998 0.7408854171875 0.17962962968750001 0.7369791671875 0.1921296296875 0.7375 0.20231481406250001 0.7416666671875001 0.2078703703125 0.740625 0.21805555625 0.73359375 0.2259259265625 0.72578125 0.24444444375000002 0.7216145828125 0.24259259218749998 0.71796875 0.23518518593749999 0.7096354171875 0.23611111093749998 0.696875 0.258796296875 0.696875 0.266203703125 0.6997395828124999 0.272222221875 0.7088541671875 0.2791666671875 0.7057291671875 0.28379629687499996 0.7041666671875 0.2995370375 0.6921875 0.321759259375 0.6916666671875 0.334722221875 0.7041666671875 0.3541666671875 0.7067708328125 0.36990740781250003 0.71015625 0.375 0.72578125 0.3861111109375 0.7385416671875 0.40138888906250003 0.7572916671875001 0.3773148140625 0.7635416671875 0.35601851875 0.7609375 0.3421296296875 0.765625 0.3300925921875
2 0.7760633078125 0.18796249062499998 0.776406190625 0.19985489375 0.7822353 0.1992450265625 0.7926934125 0.21693115624999998 0.7966366109374999 0.2187607625 0.797322403125 0.208088096875 0.80692326875 0.18582795624999998 0.8074652625000001 0.17535948437499999 0.806237503125 0.1644826296875 0.800751290625 0.15777410625 0.7916647359375 0.15777410625 0.7760633078125 0.18796249062499998