3 0.2903645828125 0.10648148125000001 0.2859375 0.1125 0.2848958328125 0.1226851859375 0.2893229171875 0.1351851859375 0.2947916671875 0.1384259265625 0.3015625 0.13287037031249999 0.3026041671875 0.1199074078125 0.29765625 0.10833333281249999 0.2903645828125 0.10648148125000001
3 0.4466145828125 0.1453703703125 0.44166666718750003 0.1541666671875 0.44166666718750003 0.1643518515625 0.44609375 0.1740740734375 0.4526041671875 0.1745370375 0.45677083281249997 0.166203703125 0.45677083281249997 0.1541666671875 0.45130208281249995 0.1453703703125 0.4466145828125 0.1453703703125
3 0.6388020828125 0.09629629687499999 0.6317708328125 0.1050925921875 0.63125 0.1171296296875 0.6346354171875 0.125 0.6395833328125 0.1263888890625 0.6458333328125 0.11898148125 0.6463541671875 0.10601851874999998 0.64296875 0.0981481484375 0.6388020828125 0.09629629687499999
3 0.3825520828125 0.3416666671875 0.3791666671875 0.34861111093749997 0.3796875 0.36157407343750003 0.38359375 0.36851851875 0.3895833328125 0.36898148124999997 0.3947916671875 0.3634259265625 0.3953125 0.3495370375 0.39140625 0.3416666671875 0.3825520828125 0.3416666671875
3 0.45078125 0.352777778125 0.44739583281249995 0.35694444375 0.4458333328125 0.36990740781250003 0.45026041718750004 0.3796296296875 0.4557291671875 0.38009259218749997 0.4609375 0.3736111109375 0.46197916718750004 0.3634259265625 0.45859375 0.3546296296875 0.45078125 0.352777778125
3 0.5763020828125 0.3879629625 0.5700520828125 0.3888888890625 0.565625 0.40046296249999996 0.5671875 0.4106481484375 0.5739583328125 0.416203703125 0.5794270828125 0.4129629625 0.5817708328125 0.40601851875 0.58125 0.3949074078125 0.5763020828125 0.3879629625
3 0.19609375 0.7083333328125 0.1901041671875 0.7180555562500001 0.1901041671875 0.7291666671875 0.1940104171875 0.7370370375 0.20208333281250002 0.7375 0.20833333281250002 0.728240740625 0.20833333281250002 0.715277778125 0.20234375 0.7074074078125 0.19609375 0.7083333328125
3 0.23567708281250002 0.7629629625 0.22916666718749998 0.771759259375 0.22760416718749998 0.7828703703125 0.23203125 0.79351851875 0.23958333281250002 0.79398148125 0.2453125 0.7856481484375 0.246875 0.7745370375 0.2440104171875 0.765740740625 0.23567708281250002 0.7629629625
3 0.1768229171875 0.878703703125 0.1690104171875 0.88148148125 0.1640625 0.89305555625 0.1651041671875 0.9050925921875 0.1739583328125 0.9106481484375 0.17890625 0.9074074078125 0.1833333328125 0.89398148125 0.1822916671875 0.8856481484375 0.1768229171875 0.878703703125
3 0.3830729171875 0.8824074078124999 0.3765625 0.8893518515625001 0.37447916718749996 0.9013888890624999 0.3778645828125 0.9138888890624999 0.3848958328125 0.915277778125 0.39114583281250004 0.9087962968750001 0.3927083328125 0.8976851859374999 0.3893229171875 0.8851851859375 0.3830729171875 0.8824074078124999
1 0.79375 0.8078703703125001 0.79375 0.7893518515625 0.7901041671875 0.7745370375 0.7901041671875 0.7523148140625 0.79375 0.7421296296875 0.7958333328125 0.7245370375 0.7919270828125 0.7194444437499999 0.78046875 0.7259259265625 0.7763020828125 0.725 0.7690104171875001 0.7129629625 0.7596354171875 0.7083333328125 0.7557291671875 0.6949074078125 0.7578125 0.683796296875 0.7557291671875 0.6754629624999999 0.74375 0.6560185187500001 0.7494791671875001 0.64305555625 0.7505208328124999 0.6347222218749999 0.7453125 0.6300925921875 0.7372395828125 0.60648148125 0.73359375 0.60648148125 0.7221354171875001 0.5935185187500001 0.7143229171875001 0.5944444437499999 0.7091145828125 0.6101851859375 0.6986979171875001 0.6175925921875 0.69375 0.6254629625 0.6880208328124999 0.6504629625 0.6770833328125 0.6763888890625 0.6825520828125 0.6972222218749999 0.68671875 0.6944444437499999 0.6973958328125 0.7115740734375 0.6947916671875001 0.7208333328125 0.7 0.7328703703125 0.6901041671875 0.7430555562500001 0.6880208328124999 0.7523148140625 0.6895833328125 0.7606481484375001 0.6971354171875 0.7740740734375 0.7059895828125 0.7824074078125001 0.7122395828125 0.775 0.71796875 0.7759259265625 0.7236979171875 0.790740740625 0.7354166671875 0.8050925921875001 0.7359375 0.8125 0.7296875 0.8236111109375001 0.7419270828125 0.8435185187500001 0.7466145828124999 0.8444444437499999 0.74921875 0.8324074078124999 0.7565104171875 0.8361111109375001 0.7658854171875 0.8333333328125001 0.7708333328125 0.8375 0.7622395828124999 0.8444444437499999 0.7799479171875 0.8462962968750001 0.7841145828125 0.8583333328125 0.7927083328125 0.8634259265625 0.8018229171875 0.8601851859374999 0.8067708328125001 0.846759259375 0.8026041671874999 0.8291666671875 0.79375 0.8078703703125001
0 0.48619791718750005 0.196296296875 0.48125 0.20509259218749998 0.48125 0.215277778125 0.48463541718750003 0.22407407343750002 0.49114583281249996 0.22546296250000003 0.4953125 0.2199074078125 0.496875 0.20879629687499998 0.49244791718750003 0.197222221875 0.48619791718750005 0.196296296875
2 0.8047034 0.8402150296875 0.7902790140625 0.8030005125 0.7929736765625 0.7900318296875 0.7859992515625 0.78805833125 0.7856822125 0.7959523125 0.774110996875 0.8139957078125001 0.7712578140625 0.8272463265625 0.7832085234374999 0.8579275265625 0.789644959375 0.8647427453125 0.79709494375 0.8613596187500001 0.8045449046875 0.85092826875 0.8047034 0.8402150296875