3 0.16484375 0.0490740734375 0.1619791671875 0.05601851875 0.1630208328125 0.0699074078125 0.1669270828125 0.07685185156249999 0.1739583328125 0.078240740625 0.18020833281249998 0.0699074078125 0.17916666718750002 0.05601851875 0.1731770828125 0.047222221875 0.16484375 0.0490740734375
3 0.2361979171875 0.0490740734375 0.2328125 0.05601851875 0.23333333281250002 0.0699074078125 0.2388020828125 0.078703703125 0.24479166718749998 0.0791666671875 0.25 0.07083333281250001 0.24895833281250002 0.05601851875 0.24296875 0.048148148437499996 0.2361979171875 0.0490740734375
3 0.3096354171875 0.055555556250000006 0.30625 0.0634259265625 0.3072916671875 0.0773148140625 0.3122395828125 0.08518518593749999 0.3182291671875 0.0856481484375 0.3234375 0.0773148140625 0.321875 0.059722221875 0.3153645828125 0.053703703125 0.3096354171875 0.055555556250000006
3 0.2674479171875 0.1046296296875 0.2630208328125 0.108796296875 0.2609375 0.1199074078125 0.2653645828125 0.134259259375 0.2713541671875 0.1375 0.278125 0.13287037031249999 0.2796875 0.11898148125 0.27421875 0.10648148125000001 0.2674479171875 0.1046296296875
3 0.2221354171875 0.75648148125 0.2153645828125 0.75648148125 0.2088541671875 0.7671296296875 0.20989583281250002 0.7819444437499999 0.21614583281250002 0.7875 0.2231770828125 0.784259259375 0.2270833328125 0.7754629625 0.2270833328125 0.765277778125 0.2221354171875 0.75648148125
3 0.1768229171875 0.8361111109375001 0.16848958281249998 0.8388888890624999 0.16354166718750002 0.8513888890624999 0.1651041671875 0.8643518515625 0.1734375 0.86898148125 0.17890625 0.865740740625 0.1828125 0.85694444375 0.1822916671875 0.8430555562500001 0.1768229171875 0.8361111109375001
3 0.1653645828125 0.8953703703125001 0.15703125 0.8981481484374999 0.1526041671875 0.9106481484375 0.1536458328125 0.9226851859374999 0.15703125 0.9277777781250001 0.1625 0.928240740625 0.16796875 0.9240740734375 0.17135416718750002 0.915277778125 0.1708333328125 0.9023148140625 0.1653645828125 0.8953703703125001
3 0.4497395828125 0.3518518515625 0.44322916718750005 0.358796296875 0.4427083328125 0.36805555624999997 0.44713541718750005 0.3796296296875 0.4526041671875 0.38009259218749997 0.4578125 0.3726851859375 0.4583333328125 0.3634259265625 0.45494791718750005 0.3546296296875 0.4497395828125 0.3518518515625
3 0.50234375 0.3490740734375 0.49791666718750005 0.35694444375 0.49791666718750005 0.36898148124999997 0.5028645828125 0.3768518515625 0.5078125 0.3763888890625 0.5125 0.36990740781250003 0.5130208328125 0.3578703703125 0.50859375 0.3490740734375 0.50234375 0.3490740734375
3 0.5950520828125 0.42592592656250006 0.5901041671875 0.43379629687500004 0.5901041671875 0.44490740781250004 0.5924479171875 0.4509259265625 0.5994791671875 0.45324074062499997 0.6041666671875 0.44768518593750006 0.6052083328125 0.4365740734375 0.6002604171875 0.42592592656250006 0.5950520828125 0.42592592656250006
3 0.55703125 0.5259259265625 0.55 0.5328703703125 0.5489583328125 0.5458333328125 0.5533854171875 0.5546296296875 0.5588541671875 0.5550925921875 0.5635416671875 0.5495370375 0.5645833328125 0.5365740734375 0.5611979171875 0.5287037031249999 0.55703125 0.5259259265625
1 0.3046875 0.49490740781250003 0.30911458281250004 0.48055555625 0.32265625 0.46851851875 0.3270833328125 0.4606481484375 0.3244791671875 0.4495370375 0.325 0.434722221875 0.3213541671875 0.43101851875 0.31875 0.4199074078125 0.3104166671875 0.40601851875 0.31197916718749996 0.38842592656249997 0.3083333328125 0.371759259375 0.31015625 0.3601851859375 0.31484375 0.3601851859375 0.31953125 0.36759259218749996 0.3260416671875 0.35601851875 0.3229166671875 0.3421296296875 0.3138020828125 0.3240740734375 0.3020833328125 0.3263888890625 0.2989583328125 0.2995370375 0.2947916671875 0.2949074078125 0.2880208328125 0.27453703749999997 0.2822916671875 0.26527777812500003 0.2796875 0.24398148125 0.2760416671875 0.2365740734375 0.27109375 0.23148148124999998 0.2591145828125 0.2296296296875 0.2541666671875 0.20972222187499998 0.25 0.20231481406250001 0.246875 0.18194444375000002 0.23932291718749998 0.1703703703125 0.23046875 0.16944444375 0.2231770828125 0.1759259265625 0.21979166718749998 0.1875 0.23020833281250003 0.2504629625 0.221875 0.278240740625 0.2203125 0.2865740734375 0.22239583281250003 0.29305555625 0.2203125 0.30046296250000004 0.22395833281250002 0.30509259218749996 0.2260416671875 0.3254629625 0.23072916718749997 0.334722221875 0.23541666718749998 0.35601851875 0.240625 0.36898148124999997 0.2359375 0.384722221875 0.24114583281250002 0.40972222187499996 0.24765625 0.4203703703125 0.2549479171875 0.42314814843750004 0.2567708328125 0.43009259218749996 0.2557291671875 0.4384259265625 0.24713541718749998 0.447222221875 0.24114583281250002 0.4606481484375 0.2484375 0.478240740625 0.25052083281250004 0.49583333281249997 0.26015625 0.5138888890625 0.2677083328125 0.51898148125 0.27786458281250004 0.5046296296875 0.28828125 0.50648148125 0.2986979171875 0.5018518515625 0.3046875 0.49490740781250003
0 0.7731770828125 0.7518518515625 0.7708333328125 0.7578703703125 0.7713541671875 0.7699074078125 0.77734375 0.7787037031249999 0.7822916671875 0.7791666671875 0.7875 0.7708333328125 0.7869791671875 0.7578703703125 0.7809895828125 0.75 0.7731770828125 0.7518518515625
2 0.2284639265625 0.229521753125 0.2320741140625 0.216679521875 0.241300128125 0.210615128125 0.252732359375 0.21632278437500002 0.2461137046875 0.179579715625 0.23548372343750001 0.171731678125 0.223850928125 0.1770826109375 0.22124356875 0.1906383109375 0.2284639265625 0.229521753125