3 0.1658854171875 0.048148148437499996 0.1619791671875 0.05601851875 0.1625 0.06805555625000001 0.1653645828125 0.075 0.1739583328125 0.078240740625 0.17916666718750002 0.0726851859375 0.1796875 0.058796296875 0.1747395828125 0.048148148437499996 0.1658854171875 0.048148148437499996
3 0.2377604171875 0.048148148437499996 0.2328125 0.05601851875 0.23333333281250002 0.0699074078125 0.2388020828125 0.078703703125 0.24479166718749998 0.0791666671875 0.25 0.07083333281250001 0.2494791671875 0.057870370312499995 0.24348958281250002 0.048148148437499996 0.2377604171875 0.048148148437499996
3 0.3111979171875 0.0546296296875 0.30625 0.0634259265625 0.3067708328125 0.0754629625 0.3111979171875 0.08425925937499999 0.3182291671875 0.0856481484375 0.3234375 0.07638888906249999 0.3229166671875 0.06435185156249999 0.3184895828125 0.055555556250000006 0.3111979171875 0.0546296296875
3 0.2627604171875 0.1129629625 0.2598958328125 0.12175925937500001 0.2609375 0.13287037031249999 0.2669270828125 0.1416666671875 0.27291666718749996 0.141203703125 0.2776041671875 0.13287037031249999 0.2765625 0.11898148125 0.27005208281250004 0.1111111109375 0.2627604171875 0.1129629625
3 0.48359375 0.39444444375 0.47864583281249995 0.39953703749999997 0.4770833328125 0.4125 0.4809895828125 0.42129629687500003 0.4869791671875 0.42268518593750004 0.4921875 0.416203703125 0.4927083328125 0.40416666718750005 0.48932291718750004 0.396296296875 0.48359375 0.39444444375
3 0.4486979171875 0.353703703125 0.44322916718750005 0.36157407343750003 0.44322916718750005 0.371759259375 0.44765625 0.38148148125 0.4526041671875 0.38194444375000003 0.4578125 0.3754629625 0.4583333328125 0.3625 0.45546875 0.35648148125 0.4486979171875 0.353703703125
3 0.5971354171875001 0.4361111109375 0.58984375 0.4379629625 0.5864583328124999 0.4458333328125 0.5880208328125 0.4578703703125 0.59375 0.46342592656250003 0.59921875 0.4611111109375 0.6020833328124999 0.45416666718750004 0.6020833328124999 0.44490740781250004 0.5971354171875001 0.4361111109375
3 0.55703125 0.5240740734375 0.55 0.5328703703125 0.5494791671875 0.5449074078125 0.55234375 0.5518518515624999 0.5583333328125 0.5541666671875001 0.5645833328125 0.546759259375 0.5651041671875 0.534722221875 0.5606770828125 0.5259259265625 0.55703125 0.5240740734375
3 0.2221354171875 0.75648148125 0.2153645828125 0.75648148125 0.2088541671875 0.7671296296875 0.209375 0.7810185187500001 0.2171875 0.7875 0.2231770828125 0.784259259375 0.2270833328125 0.7754629625 0.2265625 0.7634259265625001 0.2221354171875 0.75648148125
3 0.17630208281249998 0.8361111109375001 0.16848958281249998 0.8388888890624999 0.16354166718750002 0.8513888890624999 0.1658854171875 0.865740740625 0.1739583328125 0.86898148125 0.17890625 0.865740740625 0.1833333328125 0.8523148140625001 0.1817708328125 0.8421296296874999 0.17630208281249998 0.8361111109375001
3 0.1653645828125 0.8953703703125001 0.15703125 0.8981481484374999 0.1526041671875 0.909722221875 0.1536458328125 0.9226851859374999 0.15703125 0.9277777781250001 0.1625 0.928240740625 0.16796875 0.9240740734375 0.17135416718750002 0.915277778125 0.1703125 0.9013888890624999 0.1653645828125 0.8953703703125001
0 0.79140625 0.7740740734375 0.7869791671875 0.7800925921874999 0.7859375 0.7893518515625 0.7893229171875 0.8 0.796875 0.8041666671875 0.8026041671874999 0.7986111109375 0.8036458328125 0.7865740734375 0.7986979171875 0.7759259265625 0.79140625 0.7740740734375