0 0.6528645828124999 0.6638888890625 0.6489583328124999 0.671759259375 0.6494791671875 0.683796296875 0.65390625 0.6916666671875 0.6598958328125 0.6921296296875 0.6651041671875 0.6828703703125 0.6645833328124999 0.671759259375 0.6591145828125 0.6629629625 0.6528645828124999 0.6638888890625
1 0.32265625 0.5268518515625 0.325 0.5236111109375 0.32578125 0.5120370375000001 0.3294270828125 0.5379629625 0.33359375 0.5305555562500001 0.3372395828125 0.534259259375 0.365625 0.5365740734375 0.3671875 0.5310185187500001 0.3671875 0.5023148140625 0.3729166671875 0.49490740781250003 0.37447916718749996 0.47453703750000004 0.3729166671875 0.459722221875 0.3671875 0.446759259375 0.36484375 0.415740740625 0.35546875 0.4175925921875 0.34921875 0.41111111093749997 0.34765625 0.415740740625 0.34296875 0.4175925921875 0.33203125 0.41851851875 0.3294270828125 0.415740740625 0.32760416718749996 0.41898148125 0.32578125 0.44444444375 0.32265625 0.43148148124999997 0.31015625 0.43981481406249995 0.3104166671875 0.41898148125 0.3059895828125 0.41203703750000004 0.2825520828125 0.41018518593750003 0.2794270828125 0.434259259375 0.26796875 0.42592592656250006 0.24713541718749998 0.4268518515625 0.24348958281250002 0.41944444374999995 0.2403645828125 0.42870370312499995 0.23463541718749997 0.4268518515625 0.23151041718749998 0.43148148124999997 0.22005208281250002 0.43055555625 0.2109375 0.44490740781250004 0.20807291718749998 0.4583333328125 0.1731770828125 0.459259259375 0.1671875 0.466203703125 0.16458333281249998 0.4763888890625 0.1666666671875 0.49398148124999997 0.1747395828125 0.5018518515625 0.19296875 0.502777778125 0.20078125 0.5 0.20390625 0.4916666671875 0.2046875 0.5023148140625 0.2088541671875 0.508796296875 0.2109375 0.5226851859375 0.21953125 0.5314814812499999 0.22942708281250002 0.5259259265625 0.23411458281250003 0.527777778125 0.23567708281250002 0.534259259375 0.23984375 0.5287037031249999 0.24505208281250002 0.5333333328125 0.2591145828125 0.5351851859375001 0.27578125 0.5333333328125 0.27890625 0.525 0.28046875 0.5518518515624999 0.2825520828125 0.5546296296875 0.2984375 0.5541666671875001 0.3078125 0.5513888890625 0.3072916671875 0.5300925921874999 0.3096354171875 0.525 0.32265625 0.5268518515625
3 0.47473958281249995 0.0759259265625 0.46979166718750004 0.08194444375 0.46875 0.09675925937499999 0.47265625 0.10648148125000001 0.4796875 0.10694444375 0.48333333281249996 0.10231481406250001 0.4848958328125 0.0893518515625 0.4809895828125 0.077777778125 0.47473958281249995 0.0759259265625
3 0.49036458281249995 0.0629629625 0.48333333281249996 0.0699074078125 0.48229166718750005 0.0791666671875 0.4856770828125 0.0925925921875 0.4916666671875 0.0949074078125 0.496875 0.0884259265625 0.49791666718750005 0.07638888906249999 0.496875 0.0699074078125 0.49036458281249995 0.0629629625
3 0.5315104171875 0.2851851859375 0.5265625 0.2921296296875 0.5255208328125 0.3013888890625 0.5294270828125 0.3120370375 0.5348958328125 0.3134259265625 0.540625 0.30694444375 0.5416666671875 0.2976851859375 0.5372395828125 0.28611111093749997 0.5315104171875 0.2851851859375
3 0.44296875 0.4768518515625 0.4369791671875 0.4828703703125 0.43541666718750005 0.49583333281249997 0.4388020828125 0.502777778125 0.44427083281249996 0.5050925921875 0.4505208328125 0.4986111109375 0.4515625 0.490277778125 0.44817708281249996 0.478703703125 0.44296875 0.4768518515625
3 0.6591145828125 0.134259259375 0.6520833328125 0.140277778125 0.6505208328125 0.1550925921875 0.65546875 0.16388888906250001 0.6609375 0.1634259265625 0.665625 0.15694444375 0.6666666671875 0.1449074078125 0.66328125 0.1361111109375 0.6591145828125 0.134259259375
3 0.72890625 0.2296296296875 0.7229166671875 0.2375 0.721875 0.2476851859375 0.72578125 0.25833333281250004 0.73125 0.258796296875 0.7375 0.2513888890625 0.7385416671875 0.240277778125 0.73515625 0.23148148124999998 0.72890625 0.2296296296875
3 0.7736979171875 0.2259259265625 0.7684895828125 0.2259259265625 0.7619791671875 0.2356481484375 0.7625 0.2486111109375 0.7697916671875 0.25509259218749997 0.77578125 0.2518518515625 0.7786458328125 0.24398148125 0.778125 0.23194444375 0.7736979171875 0.2259259265625
3 0.6752604171875001 0.509259259375 0.6713541671875001 0.5143518515625 0.6697916671875 0.5245370375 0.67421875 0.5351851859375001 0.6802083328124999 0.5356481484375 0.6854166671875 0.5291666671875 0.6859375 0.51898148125 0.68203125 0.5101851859375001 0.6752604171875001 0.509259259375
3 0.6940104171875 0.5611111109375 0.6869791671875001 0.56898148125 0.6864583328125 0.5791666671875 0.68984375 0.5870370375 0.6953125 0.5893518515625 0.7015625 0.583796296875 0.7026041671875001 0.5708333328124999 0.7002604171875 0.5648148140625 0.6940104171875 0.5611111109375
3 0.6309895828125 0.7009259265625001 0.6260416671875 0.7106481484375 0.6270833328125 0.721759259375 0.6315104171875 0.728703703125 0.6369791671875 0.728240740625 0.640625 0.7245370375 0.6421875 0.7115740734375 0.6377604171875 0.7018518515625 0.6309895828125 0.7009259265625001
3 0.3841145828125 0.8824074078124999 0.3763020828125 0.8851851859375 0.3723958328125 0.8949074078124999 0.3729166671875 0.909722221875 0.3752604171875 0.9138888890624999 0.3817708328125 0.915277778125 0.3856770828125 0.9138888890624999 0.39010416718749996 0.9041666671874999 0.3895833328125 0.8921296296874999 0.3841145828125 0.8824074078124999
2 0.202649265625 0.45869288125 0.17311475 0.459722890625 0.1672078484375 0.467962971875 0.1652388765625 0.48052909218749995 0.166628740625 0.49330121718750003 0.17103902499999998 0.5017711125 0.20160686874999997 0.5031893125 0.1967423640625 0.4875331625 0.19708982343749998 0.4733190203125 0.202649265625 0.45869288125