3 0.6388020828125 0.09629629687499999 0.6322916671875001 0.103240740625 0.6307291671875 0.1125 0.63515625 0.12592592656249998 0.6401041671875001 0.1263888890625 0.6453125 0.1199074078125 0.6463541671875 0.10694444375 0.64296875 0.0981481484375 0.6388020828125 0.09629629687499999
3 0.5018229171875 0.3490740734375 0.49791666718750005 0.35694444375 0.49791666718750005 0.36898148124999997 0.5018229171875 0.3759259265625 0.5078125 0.3763888890625 0.5130208328125 0.36805555624999997 0.5130208328125 0.35694444375 0.5091145828125 0.3490740734375 0.5018229171875 0.3490740734375
3 0.4486979171875 0.3518518515625 0.44322916718750005 0.358796296875 0.4427083328125 0.3671296296875 0.44713541718750005 0.3796296296875 0.4526041671875 0.38009259218749997 0.4578125 0.3726851859375 0.4583333328125 0.36157407343750003 0.4544270828125 0.353703703125 0.4486979171875 0.3518518515625
3 0.4174479171875 0.39074074062499997 0.4125 0.3976851859375 0.41197916718750005 0.408796296875 0.41588541718750005 0.41851851875 0.4203125 0.4199074078125 0.42760416718750005 0.41342592656250005 0.42864583281249996 0.40416666718750005 0.42421875 0.3916666671875 0.4174479171875 0.39074074062499997
3 0.6268229171875 0.4018518515625 0.621875 0.4106481484375 0.621875 0.4199074078125 0.6268229171875 0.42870370312499995 0.6322916671875001 0.428240740625 0.6369791671875 0.42083333281249996 0.6375 0.4106481484375 0.6330729171875 0.4018518515625 0.6268229171875 0.4018518515625
3 0.66640625 0.4148148140625 0.6609375 0.4254629625 0.6614583328125 0.4328703703125 0.66484375 0.440740740625 0.671875 0.44120370312499996 0.6770833328125 0.4328703703125 0.6770833328125 0.4236111109375 0.6716145828125 0.4138888890625 0.66640625 0.4148148140625
3 0.6434895828125 0.48333333281249996 0.6411458328124999 0.4921296296875 0.6427083328125 0.5041666671875 0.6466145828125 0.5083333328124999 0.6526041671875 0.5078703703125 0.6572916671875 0.49768518593750005 0.65625 0.4865740734375 0.6518229171875001 0.48055555625 0.6434895828125 0.48333333281249996
3 0.6002604171875 0.575 0.5947916671875 0.58194444375 0.59375 0.5921296296875 0.5986979171875 0.603703703125 0.603125 0.6041666671875 0.6083333328125 0.5995370375 0.6098958328124999 0.5865740734375 0.6065104171875 0.577777778125 0.6002604171875 0.575
3 0.5294270828125 0.56851851875 0.525 0.5745370375000001 0.5239583328124999 0.5865740734375 0.5278645828124999 0.5953703703125 0.5338541671875 0.596759259375 0.5390625 0.5893518515625 0.5395833328124999 0.578240740625 0.5361979171875 0.5703703703125 0.5294270828125 0.56851851875
3 0.5877604171875 0.6129629624999999 0.5833333328125 0.621759259375 0.5838541671875 0.633796296875 0.58828125 0.640740740625 0.59375 0.640277778125 0.5984375 0.63101851875 0.5984375 0.6208333328125 0.5940104171875 0.6129629624999999 0.5877604171875 0.6129629624999999
3 0.7013020828125 0.83148148125 0.6973958328125 0.8375 0.6973958328125 0.8513888890624999 0.7018229171875 0.859259259375 0.7078125 0.859722221875 0.7130208328125 0.8513888890624999 0.7125 0.8412037031249999 0.7080729171875 0.8324074078124999 0.7013020828125 0.83148148125
0 0.7752604171875 0.75 0.7708333328125 0.758796296875 0.7708333328125 0.7671296296875 0.7763020828125 0.777777778125 0.78125 0.7791666671875 0.7864583328125 0.7745370375 0.7875 0.758796296875 0.7815104171875 0.75 0.7752604171875 0.75
1 0.246875 0.8523148140625001 0.24869791718749998 0.8481481484375 0.2549479171875 0.8453703703125001 0.2578125 0.8365740734375 0.2536458328125 0.8236111109375001 0.2546875 0.815277778125 0.2513020828125 0.8055555562500001 0.234375 0.8023148140625 0.2677083328125 0.7921296296875 0.2669270828125 0.7861111109375 0.2549479171875 0.7879629625 0.25052083281250004 0.784722221875 0.24739583281250002 0.7754629625 0.2453125 0.7458333328125 0.23802083281250003 0.7328703703125 0.2364583328125 0.7180555562500001 0.23333333281250002 0.7115740734375 0.234375 0.703240740625 0.2322916671875 0.6976851859375001 0.23567708281250002 0.6898148140625 0.23932291718749998 0.7120370375 0.2455729171875 0.7083333328125 0.24713541718749998 0.703703703125 0.2479166671875 0.7115740734375 0.2513020828125 0.7138888890625 0.2536458328125 0.70601851875 0.2515625 0.6875 0.24713541718749998 0.6759259265625001 0.24088541718749998 0.6759259265625001 0.2361979171875 0.6824074078125 0.2309895828125 0.6833333328125 0.228125 0.691203703125 0.23072916718749997 0.6976851859375001 0.22369791718749998 0.7046296296875 0.2203125 0.6921296296875 0.21588541718749998 0.6898148140625 0.21354166718749998 0.683796296875 0.2203125 0.671759259375 0.21953125 0.6666666671875 0.20390625 0.6555555562500001 0.19088541718750002 0.6537037031249999 0.1815104171875 0.64351851875 0.17265625 0.6481481484375 0.1690104171875 0.6425925921875 0.1864583328125 0.6143518515624999 0.1864583328125 0.60694444375 0.1776041671875 0.5800925921875 0.17526041718750002 0.5648148140625 0.17265625 0.5638888890625 0.15390625 0.5824074078125 0.14921875 0.5824074078125 0.14609375 0.5759259265625001 0.1403645828125 0.575 0.12578125 0.5861111109375 0.1177083328125 0.5976851859375001 0.1166666671875 0.608796296875 0.1106770828125 0.6138888890625 0.1 0.633796296875 0.1 0.6421296296875 0.11145833281249999 0.66898148125 0.11145833281249999 0.6763888890625 0.11536458281249999 0.678703703125 0.1330729171875 0.665740740625 0.1380208328125 0.6708333328125 0.1416666671875 0.684722221875 0.1375 0.6976851859375001 0.1419270828125 0.7083333328125 0.14505208281249998 0.7111111109375 0.1533854171875 0.7083333328125 0.1578125 0.7189814812499999 0.1666666671875 0.7671296296875 0.1671875 0.7810185187500001 0.17239583281249998 0.7949074078125 0.17135416718750002 0.8050925921875001 0.1658854171875 0.8083333328125001 0.1625 0.816203703125 0.1630208328125 0.8226851859375 0.1669270828125 0.8259259265625 0.1666666671875 0.8143518515625001 0.1731770828125 0.8074074078125 0.1838541671875 0.8375 0.1825520828125 0.8425925921875 0.1755208328125 0.8430555562500001 0.1765625 0.8578703703125001 0.1807291671875 0.85694444375 0.18307291718750002 0.8444444437499999 0.18828125 0.8462962968750001 0.19192708281249998 0.840740740625 0.19609375 0.8435185187500001 0.1953125 0.853240740625 0.19765625 0.8583333328125 0.21119791718749997 0.86944444375 0.21614583281250002 0.8680555562500001 0.2359375 0.9254629624999999 0.24479166718749998 0.9328703703125001 0.2518229171875 0.9296296296875 0.2614583328125 0.9087962968750001 0.2614583328125 0.8995370375 0.246875 0.8523148140625001
2 0.261656053125 0.8969003640625001 0.24948692968750003 0.859452515625 0.247555325 0.8766304515625001 0.23654517656250001 0.8886549890625 0.22379658125000002 0.8872807234375 0.23815823749999998 0.9248346921874999 0.247169009375 0.93159975 0.2564407078125 0.922667215625 0.26262185625 0.9102991265625 0.261656053125 0.8969003640625001