1 0.7350149 0.50533617 0.19370805 0.3339076
2 0.80728704 0.37406102 0.047475386 0.06707243
3 0.5987 0.3186872 0.017651176 0.031457838
3 0.41082135 0.14482066 0.017674638 0.032759406
3 0.4646876 0.1190715 0.01854372 0.030799598
3 0.9030329 0.099986225 0.01832409 0.027595362
3 0.36816567 0.14761674 0.018717099 0.033225942
3 0.579519 0.82868403 0.018461514 0.03207474
0 0.23516369 0.90244895 0.018902684 0.027987672
0 0.08277765 0.9015705 0.021683682 0.029500708
3 0.10834336 0.09709485 0.020304484 0.028951583
3 0.5151502 0.8941308 0.018631363 0.031433742
3 0.4383803 0.8341721 0.018621827 0.031208294
3 0.32694063 0.3188239 0.018684005 0.030879213
0 0.49558312 0.58105695 0.016078854 0.027010856
3 0.49838647 0.50910324 0.01619549 0.030009462
0 0.91346943 0.8913986 0.01604786 0.025358329