1 0.19920582 0.33486047 0.21883018 0.34744537
3 0.91442645 0.19259594 0.017940903 0.03070132
3 0.10888467 0.09492654 0.0176476 0.029561982
0 0.92725146 0.73051023 0.020708084 0.02943268
0 0.12965122 0.11915259 0.019735098 0.029037653
3 0.14462774 0.6450069 0.019189715 0.031467184
3 0.53307533 0.82617104 0.017533684 0.032892864
3 0.8727541 0.61811626 0.018507767 0.02765681
3 0.7767628 0.3188679 0.018038845 0.028448997
3 0.5038242 0.6212294 0.017306328 0.027611163
3 0.5460065 0.85583985 0.015535546 0.029744977
3 0.5346011 0.8249421 0.013489151 0.028355155
0 0.4956839 0.580788 0.016500568 0.027852505
0 0.6649585 0.6880776 0.018375207 0.027696611
3 0.49837446 0.5088271 0.015998268 0.029139202
3 0.7201263 0.6878295 0.018544292 0.028309379
3 0.1483857 0.6449768 0.01758082 0.030578868