1 0.3245899 0.7744053 0.26447946 0.22451289
3 0.29378814 0.793325 0.024790525 0.058399465
2 0.44987404 0.7741067 0.023646742 0.05368736
4 0.6427269 0.9359391 0.015019 0.036005657
4 0.469397 0.5297592 0.013291091 0.032578364
4 0.43875837 0.51338315 0.014384657 0.03949838
4 0.4922558 0.063289635 0.01684931 0.037864093
0 0.30700922 0.1301514 0.015484035 0.03532403
4 0.1580854 0.18918276 0.014771983 0.03314454
4 0.35835946 0.29532197 0.014092028 0.035894394
4 0.44409806 0.1651059 0.0144556165 0.03370141
4 0.46359545 0.45133883 0.014064014 0.035748295