1 0.25330496 0.5088666 0.233635 0.16560543
3 0.08800059 0.70781916 0.019403685 0.031861115
3 0.91760486 0.16588609 0.019189835 0.034308627
3 0.14457539 0.6454914 0.01893201 0.030921683
0 0.6546381 0.15514812 0.020407105 0.02975658
0 0.75672215 0.5356161 0.019550039 0.027886169
3 0.54400694 0.7763808 0.018408203 0.03202019
0 0.12939005 0.119074605 0.018724347 0.028572561
3 0.10892766 0.09469242 0.018319702 0.030126844
3 0.9170851 0.1934086 0.018643571 0.029480046
2 0.12957637 0.4910894 0.035162736 0.032772064
3 0.46464005 0.33155715 0.018191148 0.03201828
0 0.14114653 0.096739665 0.019179178 0.026435504
3 0.43867722 0.5378806 0.01828823 0.02744001
3 0.09851917 0.89672524 0.018802524 0.029569628
3 0.75804234 0.3203954 0.0189291 0.027748937
3 0.91787666 0.18243507 0.021222115 0.048459534
3 0.1487418 0.6453275 0.016891098 0.0300588
2 0.13499102 0.48953587 0.03485775 0.036936317