4 0.3707451 0.9356948 0.015903592 0.039965417
4 0.24499169 0.693789 0.015992358 0.037023228
4 0.3817102 0.22661692 0.015714765 0.03727811
4 0.1936393 0.5593463 0.016344815 0.036363285
4 0.35405558 0.9408677 0.01641503 0.03907246
2 0.46524912 0.67741746 0.021709919 0.05076329
0 0.7526401 0.37385723 0.017938733 0.033220742
0 0.42941177 0.5226123 0.016874403 0.034708925
0 0.58252096 0.8198254 0.017072499 0.034881223
1 0.5791478 0.64188325 0.2486498 0.22140557
4 0.7128242 0.060313966 0.016466916 0.033711962
4 0.4361726 0.41907644 0.014573485 0.031321976
0 0.119960114 0.15973884 0.016439669 0.03552968
0 0.79573965 0.7529836 0.018695235 0.03353066
3 0.60469127 0.64492553 0.023910165 0.06003486
0 0.7126924 0.060556795 0.01649189 0.033564635