1 0.68934005 0.5540806 0.11975441 0.3715576
3 0.59501284 0.41468492 0.01751461 0.030088171
3 0.5226933 0.3717544 0.01645012 0.027949907
0 0.60678023 0.24226943 0.019300653 0.03158258
3 0.55779 0.3481115 0.016782189 0.031456187
3 0.5358665 0.15126456 0.017850686 0.031732466
3 0.16737433 0.9019565 0.019567108 0.030625664
3 0.5098365 0.48172957 0.018142128 0.029993568
3 0.6987282 0.82797873 0.017503167 0.029445903
0 0.11312451 0.33653796 0.021386385 0.027025986
3 0.32632145 0.3192871 0.01877818 0.03098736
3 0.2062329 0.34122008 0.020905161 0.030643402
0 0.14259918 0.19509669 0.019462539 0.030458484
3 0.16400431 0.18365192 0.016101932 0.031059807
3 0.1384146 0.1548999 0.01919446 0.03280697
2 0.683304 0.709935 0.032897282 0.06743088