1 0.74520934 0.5481542 0.2163065 0.17248192
3 0.59526366 0.41398132 0.017201995 0.030730695
3 0.52257174 0.37188315 0.016338635 0.028197227
3 0.53566736 0.1551861 0.018535614 0.03205417
3 0.55777985 0.3483506 0.016597843 0.030893072
3 0.6990633 0.8280139 0.018142128 0.029799145
0 0.60707587 0.24223405 0.01985321 0.03190365
3 0.51013994 0.48162118 0.017897988 0.030087218
3 0.16714646 0.90203017 0.019544983 0.031072363
2 0.85531235 0.5528987 0.03570633 0.04341078
3 0.32647285 0.31925544 0.018905258 0.031094935
0 0.11344991 0.33660597 0.021815538 0.026901945
3 0.20656566 0.34141117 0.020910883 0.031232962
2 0.8599392 0.5536426 0.036268234 0.034947462
0 0.78420657 0.8849639 0.019869804 0.027196249
0 0.14259362 0.19513834 0.0195251 0.03038947
3 0.16399056 0.18371935 0.016289115 0.031227496
3 0.13836984 0.15514512 0.019140864 0.03277181