1 0.21113987 0.71915686 0.17588271 0.35706636
2 0.1443665 0.5701925 0.046874333 0.06858826
3 0.91451615 0.19267367 0.017996788 0.03092588
3 0.45944324 0.099358074 0.018626595 0.03176753
3 0.15859969 0.13224393 0.019458724 0.030897047
3 0.109181546 0.096901245 0.020482391 0.031252705
0 0.92749375 0.73188037 0.02120266 0.02926102
3 0.76544255 0.31974342 0.018930053 0.028573992
0 0.66495854 0.6880501 0.0185853 0.028152594
3 0.87954885 0.840746 0.019517327 0.027565258
0 0.4956796 0.5807849 0.015976906 0.02766317
3 0.49823886 0.5086871 0.016057683 0.029113708
0 0.9021595 0.87695426 0.01948662 0.029711533
3 0.7202876 0.6881625 0.018646622 0.028684236