4 0.19356671 0.5592059 0.017048508 0.0375958
4 0.2450678 0.6947647 0.0164579 0.036711004
0 0.75428087 0.36359695 0.01872456 0.035251036
4 0.3530785 0.9413236 0.016948879 0.038606115
4 0.37087354 0.9362774 0.016356468 0.0401712
1 0.5778681 0.6447617 0.24460676 0.219617
0 0.712859 0.060343955 0.017186522 0.034711797
2 0.4655866 0.67784446 0.022443205 0.05186648
0 0.58378446 0.8206566 0.015785992 0.032691956
4 0.4298057 0.5234037 0.014923841 0.032244205
3 0.6050156 0.64497834 0.02403164 0.06256713
4 0.4363259 0.41898406 0.015181929 0.0327074
0 0.11975906 0.15968171 0.01618354 0.03392172