0 0.30175814 0.5554973 0.018701553 0.035980064
3 0.5672683 0.24284458 0.021383286 0.055061076
1 0.5313839 0.24058379 0.24237433 0.2165045
4 0.20675227 0.75466 0.016639099 0.035625882
0 0.28601375 0.66652447 0.018072069 0.036215782
0 0.7207928 0.67620724 0.013495266 0.032828595
4 0.16988577 0.47972643 0.016563982 0.03363938
4 0.6437088 0.9407496 0.0148996115 0.034839205
4 0.23302908 0.061745636 0.015609741 0.037715215
4 0.1470154 0.45910373 0.014596224 0.03291302
2 0.42561674 0.20231716 0.025811195 0.05802442
4 0.12727328 0.84892493 0.01689785 0.034431297
4 0.65180784 0.26403725 0.016349196 0.03416782