0 0.8328125 0.28203125 0.025 0.03125
3 0.82578125 0.2125 0.02109375 0.03359375
3 0.525 0.81953125 0.01953125 0.03359375
3 0.365625 0.065625 0.02265625 0.0328125
0 0.2328125 0.58671875 0.02421875 0.03125
1 0.475 0.43645833281249996 0.4890625 0.415625 0.48359375 0.35625 0.46796875 0.3479166671875 0.44453125 0.3458333328125 0.43984375 0.35625 0.40859375 0.3416666671875 0.32890625 0.3395833328125 0.31796875 0.3541666671875 0.29140625 0.35 0.28828125 0.35625 0.2453125 0.3572916671875 0.2421875 0.3760416671875 0.24765625 0.3875 0.30546875 0.40833333281249995 0.31953125 0.43333333281249997 0.37890625 0.45 0.38671875 0.47083333281249995 0.4125 0.471875 0.41484375 0.4604166671875 0.43359375 0.45416666718750004 0.471875 0.4635416671875 0.475 0.43645833281249996
2 0.2452701828125 0.38368535625 0.25226901874999996 0.3886868796875 0.2642670234375 0.39102092499999996 0.2780147421875 0.3941885578125 0.2825139921875 0.3576774421875 0.26601673593749997 0.3550099671875 0.251906246875 0.354 0.2455201375 0.3603449203125 0.24314552968749997 0.37118155 0.2452701828125 0.38368535625
3 0.2828125 0.27890625 0.0234375 0.028125
3 0.2734375 0.3078125 0.02421875 0.03125
3 0.2140625 0.35546875 0.021875 0.028125
3 0.19609375 0.47109375 0.02421875 0.034375