0 0.734375 0.69453125 0.0234375 0.02890625
0 0.4421875 0.74375 0.025 0.03125
0 0.609375 0.74609375 0.021875 0.02890625
0 0.490625 0.53984375 0.0234375 0.03125
3 0.3125 0.66640625 0.025 0.03359375
3 0.21875 0.2890625 0.02109375 0.0265625
3 0.56953125 0.165625 0.025 0.03515625
3 0.40078125 0.64765625 0.01875 0.025
3 0.77109375 0.18046875 0.01953125 0.0265625
1 0.7015625 0.2104166671875 0.696875 0.2645833328125 0.7125 0.3020833328125 0.7125 0.3604166671875 0.7171875 0.3708333328125 0.721875 0.3770833328125 0.74375 0.3708333328125 0.7640625 0.3770833328125 0.7703125 0.36666666718749996 0.7859375 0.38333333281250004 0.784375 0.39791666718749996 0.796875 0.425 0.8140625 0.4145833328125 0.85 0.4145833328125 0.871875 0.3770833328125 0.8765625 0.3541666671875 0.859375 0.3270833328125 0.840625 0.33541666718749996 0.8311326796875 0.3307683640625 0.8203125 0.3125 0.765625 0.20625 0.750210634375 0.2086313578125 0.7265625 0.1854166671875 0.7046875 0.14791666718750002 0.696875 0.1458333328125 0.68125 0.1604166671875 0.6796875 0.1729166671875 0.7015625 0.2104166671875
2 0.686548540625 0.18276676249999999 0.692672525 0.1934366796875 0.701046140625 0.20660735156249999 0.7232924406250001 0.1851008078125 0.7122942640625001 0.1642611265625 0.707170115625 0.15425808593749998 0.702170946875 0.1472559515625 0.695422075 0.1467557984375 0.6906562468749999 0.1504583328125 0.6817993343750001 0.1617603671875 0.6810494609375 0.1727637171875 0.686548540625 0.18276676249999999