0 0.82734375 0.4203125 0.02109375 0.02578125
0 0.78984375 0.86796875 0.02265625 0.02890625
3 0.5109375 0.8125 0.0203125 0.028125
3 0.92421875 0.6484375 0.021875 0.02734375
3 0.75859375 0.80625 0.021875 0.02734375
0 0.2046875 0.621875 0.02265625 0.02734375
0 0.76796875 0.865625 0.02109375 0.0296875
3 0.16484375 0.49453125 0.021875 0.0265625
3 0.1765625 0.37578125 0.02109375 0.02734375
3 0.234375 0.32421875 0.0203125 0.02421875
3 0.24296875 0.2953125 0.01953125 0.0265625
3 0.221875 0.03984375 0.02109375 0.0265625
1 0.321875 0.3479166671875 0.2890625 0.35208333281250004 0.278125 0.3645833328125 0.253125 0.3645833328125 0.2484375 0.3729166671875 0.215625 0.36875 0.2078125 0.3770833328125 0.20625 0.39375 0.2125 0.40833333281249995 0.2640625 0.42083333281249996 0.284375 0.4479166671875 0.34375 0.45416666718750004 0.35 0.4770833328125 0.38125 0.48125 0.3828125 0.46666666718750005 0.3984375 0.45625 0.4390625 0.4625 0.4421875 0.43125 0.4515625 0.4166666671875 0.4453125 0.35208333281250004 0.4328125 0.35208333281250004 0.4296875 0.34375 0.409375 0.35 0.4015625 0.34375 0.4 0.35625 0.3796875 0.3479166671875 0.321875 0.3479166671875
2 0.20780383125 0.390936425 0.20880366874999998 0.399105575 0.21217810468749998 0.40544084218750004 0.22692566093750002 0.4069412953125 0.24367288125000003 0.40944205624999996 0.24542259375 0.3735978109375 0.22967520000000002 0.3712637703125 0.21503124687500003 0.3694166671875 0.21142823125 0.3737645328125 0.2085537140625 0.38059994375 0.20780383125 0.390936425