0 0.1609375 0.57890625 0.02265625 0.02734375
3 0.084375 0.45078125 0.0265625 0.03125
3 0.0921875 0.371875 0.0296875 0.03359375
0 0.17421875 0.6015625 0.02265625 0.028125
3 0.18359375 0.12265625 0.0265625 0.03984375
0 0.16171875 0.628125 0.021875 0.0265625
3 0.15859375 0.27265625 0.0296875 0.03515625
0 0.1375 0.63515625 0.02109375 0.02734375
3 0.09765625 0.16953125 0.0265625 0.03515625
3 0.584375 0.36484375 0.025 0.03359375
3 0.14765625 0.61015625 0.0203125 0.02578125
1 0.6765625 0.25833333281250004 0.684375 0.3083333328125 0.7359375 0.3479166671875 0.734375 0.3645833328125 0.721875 0.36875 0.728125 0.3875 0.746875 0.3958333328125 0.75625 0.3770833328125 0.771875 0.3875 0.8125 0.38125 0.815625 0.4 0.84375 0.41875 0.8578125 0.39375 0.86875 0.3916666671875 0.8765625 0.3791666671875 0.8890625 0.3270833328125 0.8859375 0.3145833328125 0.8640625 0.3 0.853125 0.3145833328125 0.840625 0.30625 0.8265625 0.3125 0.821875 0.29375 0.7515625 0.23333333281250002 0.728125 0.22291666718749997 0.7109375 0.23333333281250002 0.709375 0.2208333328125 0.7 0.2125 0.6875 0.2208333328125 0.6484375 0.1916666671875 0.6375 0.20625 0.6359375 0.2270833328125 0.6765625 0.25833333281250004
2 0.6398332140625 0.22585091093749998 0.648956703125 0.23318647343749999 0.6575802734375 0.2413556296875 0.6685784406249999 0.2496915 0.682326159375 0.21751503906249997 0.662329478125 0.20117673125 0.6524561265625 0.1926741421875 0.645207325 0.1945080328125 0.641124996875 0.1998333328125 0.6378335484375001 0.2073452734375 0.6357089046875 0.21951564375000002 0.6398332140625 0.22585091093749998