0 0.534375 0.734375 0.025 0.03359375
0 0.5875 0.53359375 0.0234375 0.03125
0 0.70078125 0.74609375 0.021875 0.03125
3 0.40859375 0.64765625 0.028125 0.03359375
0 0.82890625 0.703125 0.025 0.02890625
3 0.83984375 0.39921875 0.021875 0.02890625
3 0.790625 0.56953125 0.0203125 0.02890625
3 0.4953125 0.63515625 0.025 0.03515625
1 0.97890625 0.3416666671875 0.96015625 0.3479166671875 0.95234375 0.33541666718749996 0.94140625 0.33541666718749996 0.88203125 0.21875 0.86328125 0.225 0.85078125 0.1895833328125 0.83984375 0.1916666671875 0.81640625 0.15 0.80078125 0.1520833328125 0.7921875 0.178125 0.815625 0.215625 0.8078125 0.2677083328125 0.83125 0.334375 0.81875 0.35104166718749996 0.821875 0.3760416671875 0.83828125 0.3854166671875 0.85234375 0.3708333328125 0.86484375 0.3895833328125 0.88515625 0.38125 0.89765625 0.3854166671875 0.909375 0.434375 0.9234375 0.43645833281249996 0.96796875 0.425 0.9921875 0.3864583328125 0.9921875 0.3614583328125 0.97890625 0.3416666671875
2 0.7993002687499999 0.1927363140625 0.80554923125 0.20307279843749998 0.8110483187499999 0.21424285781250002 0.8347943671875001 0.1887351078125 0.8267957031250001 0.176564725 0.8204217625 0.16372748125 0.8154225937499999 0.15322428593749998 0.8080488156250001 0.1498899375 0.7998001875 0.1548914609375 0.7928013421875 0.16339404531249999 0.791124996875 0.1717083328125 0.79130159375 0.1770648875 0.7943010984375001 0.18440044375 0.7993002687499999 0.1927363140625
3 0.32734375 0.26640625 0.02421875 0.03046875
3 0.678125 0.159375 0.028125 0.0390625
3 0.87890625 0.18671875 0.03203125 0.03828125