0 0.775 0.8703125 0.021875 0.02890625
0 0.83671875 0.38984375 0.02421875 0.0296875
3 0.50703125 0.81484375 0.02109375 0.0296875
0 0.178125 0.64140625 0.025 0.03046875
3 0.1265625 0.5078125 0.025 0.02890625
0 0.790625 0.853125 0.02109375 0.028125
3 0.12890625 0.37890625 0.02421875 0.02890625
3 0.76015625 0.79453125 0.02109375 0.02890625
3 0.19453125 0.28359375 0.02421875 0.0296875
3 0.1890625 0.31796875 0.0234375 0.03046875
3 0.94296875 0.62734375 0.0234375 0.02734375
1 0.24375 0.3604166671875 0.20625 0.375 0.171875 0.3708333328125 0.1625 0.3854166671875 0.1625 0.40208333281249997 0.16875 0.4125 0.19375 0.4145833328125 0.23125 0.43125 0.25 0.45625 0.2609375 0.4604166671875 0.3140625 0.46875 0.325 0.48125 0.415625 0.48541666718750004 0.4203125 0.4770833328125 0.41875 0.45416666718750004 0.43125 0.4270833328125 0.4234375 0.39791666718749996 0.421875 0.3583333328125 0.378125 0.3583333328125 0.3625 0.3416666671875 0.3296875 0.3395833328125 0.3265625 0.3458333328125 0.25625 0.3458333328125 0.24375 0.3604166671875
2 0.16280518125000001 0.3980601015625 0.165429753125 0.40606254374999995 0.17055389999999998 0.4102304796875 0.18542643281249999 0.41173093125 0.202798540625 0.41373155468749995 0.20317348124999998 0.3743862375 0.18542643281249999 0.372885775 0.171437496875 0.3715 0.1675543953125 0.3760534109375 0.1634300765625 0.3860564515625 0.16280518125000001 0.3980601015625