0 0.5515625 0.77265625 0.025 0.03359375
0 0.834375 0.89921875 0.0234375 0.03125
0 0.659375 0.61484375 0.028125 0.03515625
3 0.54375 0.66015625 0.025 0.03515625
0 0.70234375 0.87265625 0.021875 0.03359375
3 0.4609375 0.628125 0.025 0.03515625
3 0.4921875 0.23671875 0.025 0.03359375
3 0.8484375 0.31328125 0.0265625 0.03515625
3 0.928125 0.578125 0.015625 0.03125
1 1 0.4302083328125 0.9921875 0.42604166718750003 0.9828125 0.378125 0.96640625 0.3708333328125 0.9515625 0.38229166718749996 0.959375 0.4302083328125 0.9421875 0.478125 0.9453125 0.503125 0.9390625 0.5385416671875001 0.9453125 0.559375 0.9234375 0.5677083328125 0.921875 0.5947916671875 0.93203125 0.6041666671875 0.95546875 0.6 0.96484375 0.6208333328125 0.98359375 0.6208333328125 1 0.646875 1 0.4302083328125
2 0.955908475 0.4142268890625 0.9585102859375001 0.4310020546875 0.9875639187499999 0.42001142500000005 0.9816375484375 0.38549704375 0.9787466406249999 0.3739279546875 0.9683393765625 0.3704572359375 0.9569202890625 0.37508486093750004 0.9518448671874999 0.3800247390625 0.9504157453125 0.3876180234375 0.95200574375 0.39783737656249996 0.955908475 0.4142268890625