0 0.5515625 0.77265625 0.0265625 0.03515625
0 0.834375 0.89921875 0.0234375 0.03359375
0 0.703125 0.87265625 0.021875 0.03359375
0 0.659375 0.61484375 0.028125 0.03359375
3 0.54375 0.66015625 0.025 0.03515625
3 0.4921875 0.23671875 0.025 0.03359375
3 0.4609375 0.628125 0.025 0.03515625
3 0.8484375 0.31328125 0.028125 0.03515625
3 0.928125 0.578125 0.015625 0.03125
1 1 0.4291666671875 0.9890625 0.425 0.9796875 0.375 0.9625 0.3708333328125 0.9484375 0.38125 0.9578125 0.4291666671875 0.9515625 0.43125 0.9515625 0.4604166671875 0.9390625 0.4770833328125 0.9421875 0.50625 0.9375 0.5479166671875 0.94375 0.5604166671875 0.9234375 0.5645833328125 0.91875 0.5833333328125 0.9265625 0.6041666671875 0.9546875 0.6020833328124999 0.965625 0.6104166671875 0.9703125 0.6229166671875 0.98125 0.6208333328125 0.9984375 0.65 0.9921875 0.6666666671875 0.996875 0.66875 1 0.6875 1 0.6375 0.9859375 0.6145833328125 0.990625 0.6125 0.9875 0.5854166671875001 1 0.5833333328125 1 0.4291666671875
2 0.9510132078125 0.3943930859375 0.9536377796875 0.4068968921875 0.9561373640624999 0.41806695468750005 0.9595117999999999 0.43140435468750005 0.9875071453125001 0.4220681875 0.9857574421875 0.4150660421875 0.981883078125 0.3960602578125 0.980883240625 0.38505690625 0.9785086421875 0.3757207296875 0.9723846671875 0.3717195125 0.962531246875 0.37170833281250004 0.95338780625 0.3780547734375 0.9491385187500001 0.38405660468749997 0.9510132078125 0.3943930859375