1 0.49375 0.434375 0.5078125 0.4135416671875 0.50078125 0.3541666671875 0.46328125 0.34375 0.45859375 0.35625 0.42890625 0.3395833328125 0.34921875 0.33541666718749996 0.33359375 0.3479166671875 0.27265625 0.3416666671875 0.2625 0.3552083328125 0.26796875 0.3791666671875 0.30234375 0.3875 0.32578125 0.40208333281249997 0.33671875 0.4270833328125 0.39296875 0.44375 0.40078125 0.46666666718750005 0.425 0.46979166718750004 0.43203125 0.45625 0.45234375 0.45 0.4890625 0.4614583328125 0.49375 0.434375
2 0.2624005453125 0.3684821046875 0.2672115953125 0.37864354375 0.2787046625 0.3822089640625 0.2936723875 0.3857743828125 0.29888435156250004 0.34780266718749997 0.28605488125 0.34548514531249996 0.2727049703125 0.3415523140625 0.267345234375 0.3479809453125 0.2633360234375 0.3568944921875 0.2624005453125 0.3684821046875
3 0.3921875 0.065625 0.0203125 0.0296875
3 0.303125 0.271875 0.021875 0.02890625
3 0.29453125 0.29921875 0.02109375 0.02734375
3 0.23359375 0.34296875 0.0203125 0.028125
3 0.21328125 0.4609375 0.02109375 0.028125
3 0.846875 0.23828125 0.02265625 0.02734375
3 0.9078125 0.24296875 0.02265625 0.0265625
0 0.68515625 0.1703125 0.021875 0.03046875
0 0.24609375 0.5765625 0.0234375 0.02890625
0 0.85078125 0.2984375 0.021875 0.028125