0 0.7078125 0.53515625 0.0234375 0.03125
0 0.39921875 0.76171875 0.025 0.03125
1 0.8732552546875001 0.5329051125 0.8630990046875 0.5110301125000001 0.8334115046875 0.3839467796875 0.8248177546875001 0.3724884453125 0.8099740046875 0.3735301125 0.8099740046875 0.3422801125 0.7959115046874999 0.33394677968750003 0.7849740046875 0.2901967796875 0.7763802546874999 0.2829051125 0.7638802546875 0.28707177968750003 0.7568490046874999 0.2943634453125 0.7568490046874999 0.3089467796875 0.7677865046875 0.3589467796875 0.7537240046875 0.4006134453125 0.7646615046874999 0.4818634453125 0.7474740046874999 0.48603011250000006 0.7474740046874999 0.5089467796875 0.7560677546875 0.5224884453125 0.7638802546875 0.5224884453125 0.7716927546875 0.5099884453125 0.7810677546875 0.5349884453125 0.8099740046875 0.5485301125 0.8068490046875001 0.5714467796875 0.8138802546875 0.6037384453125 0.8435677546875 0.5995717796875 0.8482552546875001 0.6079051125 0.8646615046875 0.6068634453125 0.8951302546875001 0.5829051125 0.9037240046875 0.5610301125 0.8920052546875 0.5287384453125 0.8732552546875001 0.5329051125
3 0.84140625 0.3453125 0.02421875 0.03515625
3 0.65 0.25078125 0.0234375 0.028125
3 0.28671875 0.23828125 0.02421875 0.03515625
3 0.29375 0.63515625 0.0265625 0.03203125
3 0.38125 0.653125 0.02578125 0.0359375
3 0.68203125 0.68671875 0.0234375 0.0296875
0 0.49140625 0.5828125 0.02734375 0.03203125
0 0.509375 0.7484375 0.02578125 0.03203125
3 0.7625 0.53671875 0.0234375 0.0265625
2 0.7583256281249999 0.31120695 0.7606386374999999 0.3204633296875 0.763465640625 0.3314338484375 0.76654965 0.3456612421875 0.793277721875 0.3314338484375 0.7905792078125 0.3232059578125 0.7885232140625 0.3132639234375 0.785696190625 0.3026362296875 0.7837686859375 0.29252278125000003 0.7804276890625 0.28703751875 0.7734886609375 0.2846377171875 0.765378625 0.28643194375 0.759096628125 0.2913228859375 0.7565266203125 0.30160775 0.7583256281249999 0.31120695