0 0.68515625 0.16953125 0.025 0.03359375
3 0.8484375 0.23828125 0.021875 0.03515625
3 0.39140625 0.065625 0.0203125 0.03515625
0 0.84921875 0.29765625 0.0234375 0.03125
0 0.24609375 0.57578125 0.0234375 0.02890625
3 0.303125 0.27109375 0.01953125 0.025
3 0.29375 0.29921875 0.0203125 0.02578125
3 0.2328125 0.34296875 0.01953125 0.02734375
3 0.21328125 0.45859375 0.02109375 0.0265625
1 0.2625 0.3729166671875 0.31875 0.40208333281249997 0.3359375 0.4291666671875 0.39375 0.4479166671875 0.396875 0.46666666718750005 0.4078125 0.475 0.4265625 0.4770833328125 0.43125 0.4583333328125 0.4515625 0.45416666718750004 0.4703125 0.45625 0.48125 0.46875 0.4890625 0.46458333281249997 0.49375 0.43541666718750005 0.5078125 0.41041666718750003 0.5015625 0.3854166671875 0.503125 0.3541666671875 0.4671875 0.34375 0.4546875 0.3541666671875 0.4265625 0.3395833328125 0.35 0.33541666718749996 0.3078125 0.3479166671875 0.26875 0.34375 0.2625 0.3729166671875
2 0.2648639671875 0.3726452125 0.27036305625 0.37781345625 0.27723691562499997 0.38014749531250003 0.287485209375 0.3824815546875 0.2961087796875 0.3849823171875 0.30110795 0.3493047734375 0.284985625 0.3451368390625 0.2738624796875 0.34280279375 0.2682384140625 0.3463038609375 0.265499996875 0.3537916671875 0.26348919843749996 0.3588076671875 0.2629892796875 0.3651429265625 0.2648639671875 0.3726452125