3 0.14921875 0.07734375 0.0203125 0.03125
0 0.77421875 0.82265625 0.025 0.03359375
0 0.17421875 0.6609375 0.02890625 0.0328125
3 0.9015625 0.58828125 0.0265625 0.03359375
3 0.740625 0.765625 0.025 0.03359375
3 0.49453125 0.80625 0.02265625 0.0296875
0 0.76171875 0.83984375 0.028125 0.03515625
0 0.7796875 0.375 0.02421875 0.0296875
3 0.12734375 0.4171875 0.0203125 0.0296875
3 0.12578125 0.53671875 0.02265625 0.0296875
3 0.18671875 0.32734375 0.0234375 0.03203125
3 0.1828125 0.35859375 0.02421875 0.028125
1 0.34375 0.36666666718749996 0.3171875 0.3625 0.24375 0.375 0.225 0.3916666671875 0.2015625 0.3958333328125 0.2 0.40416666718750005 0.16875 0.40416666718750005 0.159375 0.4125 0.1578125 0.43125 0.165625 0.44375 0.1953125 0.44375 0.2265625 0.45416666718750004 0.240625 0.47291666718750003 0.296875 0.47083333281249995 0.3109375 0.49583333281249997 0.340625 0.49583333281249997 0.34375 0.4770833328125 0.3515625 0.475 0.353125 0.46666666718750005 0.3921875 0.46875 0.4015625 0.40416666718750005 0.39375 0.3895833328125 0.3921875 0.3583333328125 0.3765625 0.3583333328125 0.371875 0.35208333281250004 0.35625 0.3604166671875 0.346875 0.35625 0.34375 0.36666666718749996
2 0.15933620937499998 0.4309382015625 0.1622107265625 0.4376068984375 0.1674598609375 0.44194155 0.1820824296875 0.44177483281249996 0.1977048359375 0.44194155 0.19745488125 0.4057638671875 0.180207740625 0.4055971515625 0.167531246875 0.40441666718749997 0.1628356234375 0.4097650875 0.15908624531249999 0.41960141875 0.15933620937499998 0.4309382015625