3 0.778125 0.559375 0.015625 0.025
0 0.76328125 0.81640625 0.01875 0.02734375
0 0.521875 0.82265625 0.0234375 0.03125
0 0.66171875 0.846875 0.0203125 0.02890625
3 0.3625 0.36640625 0.025 0.03125
3 0.4125 0.73046875 0.025 0.03359375
3 0.6640625 0.34140625 0.015625 0.01953125
3 0.8109375 0.39765625 0.015625 0.0203125
3 0.49296875 0.72578125 0.01796875 0.02578125
0 0.57890625 0.64296875 0.0171875 0.02265625
3 0.73984375 0.69609375 0.01875 0.02421875
1 0.7625 0.4125 0.759375 0.45416666718750004 0.7640625 0.46875 0.7625 0.5395833328124999 0.7703125 0.55 0.7921875 0.54375 0.803125 0.5604166671875 0.81875 0.5520833328125 0.8328125 0.55625 0.8359375 0.575 0.8484375 0.5979166671875 0.8671875 0.5916666671875 0.88125 0.5958333328125 0.8921875 0.5875 0.909375 0.5520833328125 0.89375 0.53125 0.88125 0.53125 0.875 0.5208333328125 0.865625 0.5208333328125 0.8578125 0.5104166671875 0.85 0.49375 0.8484375 0.475 0.8163389890625 0.42308797499999995 0.7859375 0.3895833328125 0.7671875 0.3583333328125 0.7578125 0.3583333328125 0.746875 0.36875 0.746875 0.3791666671875 0.7625 0.4125
2 0.7541719703124999 0.3889797171875 0.759171140625 0.398149175 0.7651701390625 0.41031954531250003 0.7826672343750001 0.3926474953125 0.772043996875 0.37247468906250003 0.7681696421875001 0.36197149375 0.76279553125 0.3574701234375 0.755812496875 0.3604583328125 0.747173125 0.37097423125 0.7490478140625 0.3814774328125 0.7541719703124999 0.3889797171875