0 0.7234375 0.90625 0.0203125 0.028125
0 0.68828125 0.50078125 0.01875 0.0234375
0 0.7125 0.92578125 0.02109375 0.02734375
0 0.1453125 0.81484375 0.0234375 0.0296875
3 0.46171875 0.92421875 0.0203125 0.0296875
3 0.8109375 0.675 0.01875 0.025
3 0.1015625 0.58671875 0.021875 0.0265625
3 0.0984375 0.69921875 0.02109375 0.0265625
3 0.12578125 0.2875 0.0203125 0.02421875
3 0.16015625 0.50078125 0.0203125 0.0234375
3 0.1546875 0.528125 0.02109375 0.02421875
3 0.6875 0.8546875 0.0203125 0.028125
1 0.3125 0.5208333328125 0.2421875 0.5270833328125 0.178125 0.5541666671875001 0.171875 0.56875 0.1375 0.5729166671875 0.1328125 0.5958333328125 0.1375 0.6041666671875 0.18125 0.6041666671875 0.1984375 0.6145833328125 0.20625 0.6270833328125 0.2734375 0.625 0.2734375 0.6375 0.2796875 0.6458333328125 0.3015625 0.64375 0.3078125 0.6375 0.3078125 0.6208333328125 0.3203125 0.6145833328125 0.321875 0.6020833328124999 0.359375 0.6 0.359375 0.56875 0.365625 0.5604166671875 0.365625 0.5416666671875 0.3578125 0.5291666671875 0.35625 0.5041666671875 0.3375 0.49583333281249997 0.3328125 0.5020833328125 0.315625 0.5020833328125 0.3125 0.5208333328125
2 0.13589362656249998 0.6003132015625 0.14114275 0.605314725 0.15314075625 0.6046478515625 0.1717626765625 0.6018136546874999 0.1698879875 0.56897033125 0.1467668171875 0.5711376546875 0.138156246875 0.5735833328125 0.13414391406249998 0.5813074125 0.1332690546875 0.5919773312500001 0.13589362656249998 0.6003132015625