0 0.1734375 0.6 0.025 0.03125
3 0.09765625 0.35546875 0.0203125 0.02890625
3 0.10703125 0.315625 0.0203125 0.02890625
3 0.11328125 0.37265625 0.021875 0.03125
0 0.1375 0.634375 0.021875 0.0265625
3 0.12890625 0.31328125 0.0234375 0.03125
0 0.16171875 0.62890625 0.0234375 0.03125
3 0.15390625 0.365625 0.0203125 0.03125
3 0.134375 0.37890625 0.021875 0.03125
3 0.14609375 0.33125 0.021875 0.03125
3 0.11796875 0.33984375 0.01875 0.03515625
0 0.1421875 0.3489583328125 0.13828125 0.34375 0.13515625 0.3416666671875 0.12734375 0.3416666671875 0.121875 0.346875 0.1203125 0.35104166718749996 0.1203125 0.3614583328125 0.12578125 0.36875 0.1390625 0.36770833281250004 0.1421875 0.3635416671875 0.14375 0.3552083328125 0.1421875 0.353125 0.1421875 0.3489583328125
1 0.70625 0.2104166671875 0.7 0.2645833328125 0.728125 0.3333333328125 0.7140625 0.3479166671875 0.721875 0.375 0.73125 0.38125 0.75 0.36875 0.7578125 0.38333333281250004 0.78125 0.3854166671875 0.8015625 0.4270833328125 0.83125 0.4125 0.8421875 0.41875 0.853125 0.41041666718750003 0.8765625 0.36666666718749996 0.8765625 0.35208333281250004 0.8625 0.33541666718749996 0.8625 0.325 0.8421875 0.3333333328125 0.821875 0.3083333328125 0.7734375 0.2125 0.7578125 0.20416666718749998 0.746875 0.2125 0.7453125 0.1875 0.740625 0.18125 0.7296875 0.1854166671875 0.70625 0.14375 0.696875 0.14375 0.6859375 0.1541666671875 0.6828125 0.1708333328125 0.70625 0.2104166671875
2 0.686673734375 0.17431010156249999 0.6912979625 0.18281269375 0.6969220296875 0.1919821515625 0.70279605 0.20331894843749998 0.7251673375000001 0.1799784984375 0.7144191328125 0.1603058421875 0.706545428125 0.1461348578125 0.701171325 0.1438008140625 0.6945624968749999 0.145875 0.6865487484374999 0.1549708828125 0.6840491625 0.1649739296875 0.686673734375 0.17431010156249999