0 0.534375 0.734375 0.025 0.03359375
0 0.70078125 0.74609375 0.021875 0.03125
0 0.5875 0.53359375 0.0234375 0.03125
0 0.828125 0.703125 0.025 0.02734375
3 0.83984375 0.39921875 0.021875 0.02890625
3 0.790625 0.56953125 0.01875 0.02734375
3 0.40859375 0.64765625 0.0265625 0.03359375
3 0.4953125 0.6359375 0.01875 0.025
3 0.3265625 0.26796875 0.0171875 0.0265625
3 0.67890625 0.1609375 0.01875 0.025
3 0.88046875 0.18828125 0.01796875 0.02734375
1 0.8125 0.2208333328125 0.80625 0.275 0.8234375 0.3395833328125 0.815625 0.3541666671875 0.81875 0.3770833328125 0.828125 0.3875 0.853125 0.38125 0.8625 0.39375 0.8984375 0.39791666718749996 0.896875 0.4125 0.915625 0.44166666718750003 0.9421875 0.4270833328125 0.9546875 0.43333333281249997 0.9671875 0.425 0.9890625 0.39375 0.99375 0.36875 0.9765625 0.3416666671875 0.95625 0.35 0.9515625 0.3375 0.940625 0.33541666718749996 0.890625 0.23333333281250002 0.8515625 0.1916666671875 0.8390625 0.19375 0.809375 0.15 0.7921875 0.1625 0.7890625 0.1770833328125 0.8125 0.2208333328125
2 0.7911406953125 0.1773379640625 0.79669715625 0.1875231484375 0.802948165625 0.19900463125 0.8108660953125 0.2136342546875 0.8348977515625 0.18993055781249998 0.8219790046875 0.1680787015625 0.8160058171875001 0.1545601828125 0.8100326296875 0.150300925 0.8044761796875 0.15196759843750002 0.7998611109375 0.15585648125 0.7946134796875 0.16122685625 0.790723959375 0.16826389218749999 0.7911406953125 0.1773379640625