0 0.490625 0.11796875 0.025 0.03515625
3 0.6609375 0.12734375 0.0234375 0.03359375
0 0.14453125 0.67421875 0.02421875 0.02890625
0 0.67421875 0.18203125 0.025 0.03359375
3 0.08828125 0.5734375 0.02421875 0.02734375
3 0.0828125 0.45078125 0.0234375 0.03125
3 0.184375 0.1203125 0.02109375 0.03046875
1 0.346875 0.46979166718750004 0.353125 0.4135416671875 0.33828125 0.3645833328125 0.29453125 0.36666666718749996 0.29140625 0.3770833328125 0.19453125 0.3958333328125 0.17578125 0.41875 0.15703125 0.42083333281249996 0.15234375 0.43125 0.12109375 0.43541666718750005 0.1125 0.44895833281249997 0.12265625 0.47291666718750003 0.15390625 0.46875 0.18359375 0.475 0.19765625 0.49375 0.26015625 0.4916666671875 0.27109375 0.5083333328124999 0.290625 0.5072916671875001 0.3015625 0.503125 0.3015625 0.490625 0.31328125 0.475 0.346875 0.46979166718750004
2 0.11536409375000001 0.4625289921875 0.11973836874999999 0.47053143124999997 0.12523745625 0.4725320359375 0.1363606125 0.47169845 0.150858203125 0.4698645609375 0.1486085734375 0.432186425 0.13011165 0.4340203140625 0.120343746875 0.43587499999999996 0.1158640125 0.44252290624999996 0.1142392796875 0.45135892968749997 0.11536409375000001 0.4625289921875
3 0.1390625 0.35703125 0.021875 0.028125
3 0.134375 0.3875 0.0234375 0.028125