0 0.4921875 0.1171875 0.021875 0.03046875
3 0.66171875 0.12578125 0.021875 0.03046875
0 0.14453125 0.67421875 0.02421875 0.0296875
0 0.67578125 0.18359375 0.021875 0.03046875
3 0.08828125 0.57265625 0.02265625 0.0265625
3 0.08359375 0.45234375 0.02109375 0.02890625
3 0.18359375 0.12109375 0.021875 0.028125
1 0.346875 0.46979166718750004 0.353125 0.4135416671875 0.33828125 0.3645833328125 0.29453125 0.36666666718749996 0.29140625 0.3770833328125 0.19453125 0.3958333328125 0.17578125 0.41875 0.15703125 0.42083333281249996 0.15234375 0.43125 0.12109375 0.43541666718750005 0.1125 0.44895833281249997 0.12265625 0.47291666718750003 0.15390625 0.46875 0.18359375 0.475 0.19765625 0.49375 0.26015625 0.4916666671875 0.27109375 0.5083333328124999 0.290625 0.5072916671875001 0.3015625 0.503125 0.3015625 0.490625 0.31328125 0.475 0.346875 0.46979166718750004
2 0.1148703078125 0.46155311718750003 0.1188795171875 0.46993185468750004 0.1256951734375 0.47260591874999996 0.1366536765625 0.47207110625000004 0.1478794671875 0.47082320781250003 0.1464094265625 0.43231667656250006 0.129838021875 0.43463420625 0.12049676718749999 0.43689825156250006 0.11527122187500001 0.4444391078125 0.11353390468749999 0.4535309234375 0.1148703078125 0.46155311718750003
3 0.13828125 0.35546875 0.0234375 0.028125
3 0.13515625 0.38671875 0.021875 0.02734375