0 0.16171875 0.57890625 0.025 0.03515625
3 0.084375 0.45 0.025 0.03125
3 0.1828125 0.12265625 0.0265625 0.03984375
3 0.0921875 0.371875 0.0296875 0.03359375
0 0.17421875 0.59921875 0.028125 0.0375
0 0.1609375 0.628125 0.0296875 0.03984375
3 0.15859375 0.27265625 0.03125 0.0375
3 0.09765625 0.16953125 0.0265625 0.03515625
0 0.128125 0.63046875 0.0265625 0.03515625
3 0.14921875 0.609375 0.0265625 0.0375
3 0.584375 0.3640625 0.01796875 0.02578125
1 0.6765625 0.25833333281250004 0.68125 0.30416666718749996 0.7265625 0.35 0.7203125 0.3770833328125 0.7296875 0.3895833328125 0.7453125 0.3958333328125 0.75625 0.3770833328125 0.7765625 0.3875 0.7890625 0.3708333328125 0.8125 0.38125 0.815625 0.4 0.8421875 0.41875 0.853125 0.39791666718749996 0.86875 0.3895833328125 0.8828125 0.35625 0.8890625 0.325 0.8859375 0.3145833328125 0.8640625 0.3 0.8546875 0.3145833328125 0.840625 0.30625 0.825 0.3104166671875 0.8234375 0.2958333328125 0.753125 0.23541666718749998 0.73125 0.22291666718749997 0.709375 0.23333333281250002 0.703125 0.21458333281250003 0.6875 0.2208333328125 0.6484375 0.1916666671875 0.6390625 0.20208333281250002 0.634375 0.225 0.6765625 0.25833333281250004
2 0.6364576375000001 0.21380614375 0.6377074296874999 0.2234757546875 0.6455811265625 0.23047788749999998 0.6532048578125 0.23664643281250003 0.6610785453125 0.2441487296875 0.6680773906249999 0.24948367500000002 0.6825749812499999 0.2178073640625 0.6622033609375 0.20146906250000002 0.6527049390624999 0.1929664671875 0.646281246875 0.1931666671875 0.642081703125 0.1979679890625 0.638457303125 0.20446996875 0.6364576375000001 0.21380614375