0 0.59765625 0.15 0.021875 0.02890625
3 0.63359375 0.70234375 0.025 0.0375
3 0.6625 0.21953125 0.01875 0.02890625
3 0.33203125 0.67734375 0.0265625 0.03515625
0 0.73515625 0.57578125 0.025 0.03125
3 0.60546875 0.0859375 0.01875 0.03125
3 0.6546875 0.59140625 0.025 0.03359375
1 0.63203125 0.009027776562500001 0.64140625 0.0173611109375 0.66796875 0.015277776562500001 0.671875 0.0038194437499999997 0.61953125 0.0027777765624999997 0.60546875 0.0173611109375 0.59921875 0.0027777765624999997 0.46484375 0.0027777765624999997 0.41875 0.0267361109375 0.42578125 0.061111110937500004 0.47421875 0.0486111109375 0.49921875 0.07569444374999999 0.55703125 0.0736111109375 0.56640625 0.0986111109375 0.58125 0.0996527765625 0.5921875 0.0892361109375 0.590625 0.0621527765625 0.60859375 0.0548611109375 0.63203125 0.009027776562500001
2 0.453222453125 0.05140875 0.4620959765625 0.048907989062500004 0.4538473484375 0.011229848437499999 0.4393497578125 0.016731525 0.4278516609375 0.0183987 0.42135274375 0.021232893750000002 0.4186032046875 0.030235637500000002 0.4201029515625 0.0414057046875 0.4232274328125 0.052409051562499996 0.42789583125 0.0580972234375 0.4334757265625 0.0575772890625 0.44134942343750005 0.05490981406249999 0.453222453125 0.05140875
3 0.3796875 0.19296875 0.028125 0.04140625
0 0.6171875 0.4328125 0.028125 0.040625
0 0.7375 0.43203125 0.02109375 0.0390625