1 0.8234375 0.5135416671875 0.80859375 0.48541666718750004 0.7890625 0.48854166718750003 0.7453125 0.3614583328125 0.73515625 0.35 0.72109375 0.35 0.715625 0.31979166718749996 0.7046875 0.3177083328125 0.68671875 0.27291666718749996 0.67578125 0.27291666718749996 0.6640625 0.284375 0.6640625 0.296875 0.6796875 0.33645833281250004 0.6796875 0.3614583328125 0.6703125 0.384375 0.6921875 0.446875 0.6921875 0.465625 0.67890625 0.46458333281249997 0.675 0.484375 0.68671875 0.50625 0.70234375 0.49583333281249997 0.71015625 0.5104166671875 0.73359375 0.51875 0.7421875 0.5677083328125 0.75 0.5697916671875001 0.79609375 0.5625 0.80703125 0.54375 0.821875 0.534375 0.8234375 0.5135416671875
2 0.6663932234375001 0.3025627421875 0.6697676687499999 0.31289923750000004 0.674516875 0.3255697453125 0.6971381171875 0.3067306765625 0.69026426875 0.2862244375 0.6860149718749999 0.2757212390625 0.6802659281250001 0.27288704375 0.6732670828125 0.2745542171875 0.666906246875 0.2800416671875 0.664143603125 0.2838903890625 0.6632687421875 0.2912259578125 0.6663932234375001 0.3025627421875
3 0.5578125 0.2625 0.02265625 0.028125
3 0.74921875 0.31875 0.0234375 0.03203125
3 0.2015625 0.3140625 0.0234375 0.02734375
3 0.6921875 0.51875 0.01875 0.02578125
3 0.2453125 0.70078125 0.02578125 0.0296875
3 0.3328125 0.7015625 0.02421875 0.0328125
3 0.63125 0.67734375 0.021875 0.028125
3 0.61015625 0.6203125 0.02421875 0.0234375
0 0.43671875 0.61328125 0.0234375 0.0328125
0 0.3625 0.80859375 0.0265625 0.04140625
0 0.46875 0.77109375 0.0234375 0.03046875
0 0.640625 0.525 0.021875 0.0328125