0 0.69296875 0.86953125 0.0171875 0.02421875
3 0.06875 0.6296875 0.02421875 0.028125
0 0.6859375 0.88984375 0.0203125 0.02421875
0 0.125 0.84921875 0.03046875 0.03359375
3 0.75703125 0.64453125 0.0171875 0.025
3 0.446875 0.91875 0.01953125 0.028125
3 0.1234375 0.540625 0.0234375 0.02890625
3 0.0703125 0.74140625 0.0234375 0.02890625
3 0.65703125 0.82578125 0.02109375 0.02890625
3 0.11875 0.56875 0.0234375 0.02890625
3 0.07890625 0.340625 0.0234375 0.03046875
0 0.63359375 0.4953125 0.01875 0.02265625
1 0.28125 0.5416666671875 0.1859375 0.5645833328125 0.175 0.5708333328124999 0.165625 0.5895833328125 0.146875 0.5875 0.140625 0.6041666671875 0.1078125 0.6104166671875 0.1 0.61875 0.1 0.6333333328124999 0.1078125 0.6479166671875001 0.1671875 0.6479166671875001 0.178125 0.6583333328125 0.2453125 0.6479166671875001 0.2484375 0.66875 0.2734375 0.6666666671875 0.278125 0.6625 0.278125 0.65 0.2734375 0.6416666671875 0.2890625 0.6354166671875 0.29375 0.6145833328125 0.3296875 0.6104166671875 0.3328125 0.5520833328125 0.3234375 0.5395833328124999 0.321875 0.5166666671875 0.303125 0.5104166671875 0.296875 0.51875 0.28125 0.5208333328125 0.28125 0.5416666671875
2 0.1040219453125 0.6381425765625 0.1083962203125 0.6443111171875 0.11452019531249999 0.6438109671875 0.1282679125 0.6408100546875 0.141390734375 0.6356418171875 0.13714144687500002 0.6051325265624999 0.11876949218749999 0.6096338953125 0.10652153125 0.6114677937499999 0.10189729375 0.6199703765625 0.101272396875 0.6286396828124999 0.1040219453125 0.6381425765625