0 0.1609375 0.57890625 0.02265625 0.028125
3 0.084375 0.45078125 0.0265625 0.03125
3 0.0921875 0.37109375 0.028125 0.03359375
0 0.175 0.60078125 0.021875 0.02734375
3 0.18359375 0.12265625 0.0265625 0.0375
0 0.16171875 0.628125 0.021875 0.0265625
3 0.159375 0.27265625 0.0296875 0.03515625
0 0.13671875 0.63515625 0.021875 0.028125
3 0.09765625 0.16953125 0.0265625 0.03515625
3 0.584375 0.36484375 0.025 0.03359375
3 0.14765625 0.61015625 0.02109375 0.0265625
1 0.684375 0.3083333328125 0.7375 0.3479166671875 0.7203125 0.3645833328125 0.7203125 0.3770833328125 0.7296875 0.3895833328125 0.746875 0.3958333328125 0.7578125 0.3770833328125 0.778125 0.3875 0.784375 0.3708333328125 0.7921875 0.3708333328125 0.8140625 0.38125 0.815625 0.4 0.8421875 0.41875 0.853125 0.39791666718749996 0.8703125 0.3854166671875 0.8875 0.3333333328125 0.8859375 0.3145833328125 0.86875 0.3083333328125 0.8625 0.2958333328125 0.853125 0.3125 0.834375 0.30416666718749996 0.8265625 0.3125 0.8234375 0.2958333328125 0.7421875 0.2270833328125 0.7296875 0.22291666718749997 0.709375 0.23333333281250002 0.703125 0.21458333281250003 0.6890625 0.2208333328125 0.6546875 0.1916666671875 0.6453125 0.1916666671875 0.634375 0.225 0.675 0.25625 0.684375 0.3083333328125
2 0.64070185 0.2269379953125 0.6482006046875 0.2337734140625 0.6550744625 0.23960852500000002 0.669072134375 0.2509453078125 0.68331978125 0.2182686890625 0.6724465703125 0.20909923125000002 0.6595737234375 0.1984293203125 0.6502002796874999 0.1924274921875 0.643576365625 0.1962619984375 0.6398749968749999 0.20400000000000001 0.6359526343749999 0.21210015000000002 0.6359526343749999 0.2216030375 0.64070185 0.2269379953125