0 0.840625 0.97265625 0.0265625 0.03359375
3 0.86484375 0.70546875 0.0171875 0.02734375
0 0.57265625 0.9125 0.0234375 0.02890625
3 0.47578125 0.8 0.0234375 0.03359375
3 0.465625 0.48828125 0.0203125 0.02734375
3 0.81484375 0.8375 0.01875 0.02734375
1 0.97734375 0.66875 0.94765625 0.65625 0.9125 0.5822916671875 0.88828125 0.5645833328125 0.88203125 0.54375 0.87109375 0.54375 0.85390625 0.5104166671875 0.83828125 0.5125 0.8328125 0.5239583328124999 0.85 0.5572916671875 0.84375 0.596875 0.8578125 0.6510416671875 0.846875 0.6697916671875 0.853125 0.690625 0.87578125 0.6854166671875 0.89140625 0.7 0.91328125 0.69375 0.92734375 0.7333333328125 0.965625 0.7322916671875 0.9890625 0.709375 0.9921875 0.6927083328125 0.9859375 0.6802083328124999 0.97734375 0.66875
2 0.8392977953124999 0.5395601625 0.8462368140625 0.5515591625 0.8655118640625 0.5373317625 0.8560028375 0.5205331515625 0.8520193296875 0.5090483875 0.8428958078125 0.5090483875 0.8363422843749999 0.5133337453125 0.832691846875 0.5194845578125 0.8322302765625 0.5241328515625 0.8354427859375001 0.5306465984375001 0.8392977953124999 0.5395601625
3 0.7453125 0.48984375 0.01953125 0.02734375
3 0.90546875 0.55390625 0.02265625 0.0296875
3 0.55078125 0.8125 0.02109375 0.0296875
0 0.72265625 0.9765625 0.02578125 0.0375
0 0.6421875 0.75078125 0.025 0.0390625