0 0.53203125 0.75234375 0.0203125 0.03359375
0 0.69921875 0.75625 0.025 0.03515625
0 0.82109375 0.70703125 0.021875 0.03359375
3 0.40546875 0.67734375 0.0265625 0.03515625
3 0.77890625 0.58125 0.01875 0.02734375
3 0.49140625 0.66015625 0.01953125 0.03203125
3 0.31875 0.31796875 0.02421875 0.0296875
3 0.65546875 0.2015625 0.02265625 0.03671875
3 0.8515625 0.215625 0.0234375 0.02890625
3 0.82109375 0.41484375 0.01875 0.0234375
0 0.57890625 0.55703125 0.02109375 0.03046875
1 0.78125 0.2979166671875 0.8 0.3604166671875 0.7953125 0.3708333328125 0.7984375 0.3958333328125 0.80625 0.40625 0.834375 0.39791666718749996 0.840625 0.40833333281249995 0.8625 0.41041666718750003 0.8921875 0.4479166671875 0.91875 0.43333333281249997 0.9296875 0.43958333281249995 0.946875 0.425 0.9625 0.4 0.965625 0.3770833328125 0.9484375 0.3541666671875 0.9234375 0.3583333328125 0.921875 0.3458333328125 0.9125 0.3458333328125 0.903125 0.3333333328125 0.853125 0.24375 0.809375 0.2208333328125 0.7875 0.1833333328125 0.778125 0.1833333328125 0.7625 0.2104166671875 0.7828125 0.2625 0.78125 0.2979166671875
2 0.774773353125 0.22749999999999998 0.784774978125 0.2404629640625 0.8036669218749999 0.214722225 0.7893590390624999 0.1917592609375 0.7825523859375 0.18361111875 0.775190090625 0.1867592578125 0.7701736109375 0.19398148125 0.7640771890625 0.20750000000000002 0.7672721421875 0.21620370156250002 0.774773353125 0.22749999999999998