3 0.18359375 0.0490740734375 0.18020833281249998 0.05601851875 0.18125 0.0699074078125 0.18671875 0.077777778125 0.1927083328125 0.078240740625 0.1979166671875 0.0699074078125 0.1973958328125 0.05694444375 0.19088541718750002 0.048148148437499996 0.18359375 0.0490740734375
3 0.18359375 0.127777778125 0.17916666718750002 0.1384259265625 0.1807291671875 0.1495370375 0.1856770828125 0.15648148125 0.1927083328125 0.15694444375 0.1979166671875 0.1476851859375 0.19583333281249998 0.13287037031249999 0.1888020828125 0.12592592656249998 0.18359375 0.127777778125
3 0.23411458281250003 0.271296296875 0.23125 0.278240740625 0.23177083281250002 0.2893518515625 0.23723958281250002 0.29814814843750004 0.2442708328125 0.2986111109375 0.2494791671875 0.2893518515625 0.2484375 0.27638888906250003 0.24140625 0.26851851875 0.23411458281250003 0.271296296875
3 0.45859375 0.0981481484375 0.45416666718750004 0.1050925921875 0.45416666718750004 0.11898148125 0.45911458281249995 0.127777778125 0.46458333281249997 0.1273148140625 0.4682291671875 0.1226851859375 0.46979166718750004 0.109722221875 0.4653645828125 0.0990740734375 0.45859375 0.0981481484375
3 0.3966145828125 0.47407407343749997 0.39010416718749996 0.48101851875 0.3890625 0.48842592656250006 0.3924479171875 0.5009259265625 0.3984375 0.503240740625 0.40520833281249996 0.496759259375 0.40625 0.48842592656250006 0.40338541718750004 0.477777778125 0.3966145828125 0.47407407343749997
3 0.4205729171875 0.515740740625 0.4171875 0.5226851859375 0.4171875 0.5337962968750001 0.42265625 0.5425925921875 0.42760416718750005 0.5421296296875 0.43177083281249995 0.5365740734375 0.4328125 0.5236111109375 0.4283854171875 0.5148148140625 0.4205729171875 0.515740740625
3 0.51328125 0.3703703703125 0.5088541671875 0.378240740625 0.5088541671875 0.38842592656249997 0.5127604171875 0.396296296875 0.51875 0.3976851859375 0.5234375 0.39027777812500003 0.5234375 0.3773148140625 0.5190104171875001 0.3703703703125 0.51328125 0.3703703703125
3 0.6388020828125 0.10648148125000001 0.6338541671875 0.11620370312499999 0.634375 0.128240740625 0.63828125 0.134259259375 0.6442708328125 0.133796296875 0.6489583328124999 0.1254629625 0.6489583328124999 0.11342592656249999 0.6466145828125 0.1074074078125 0.6388020828125 0.10648148125000001
3 0.64296875 0.3009259265625 0.6385416671875 0.309722221875 0.6385416671875 0.31990740781250004 0.64296875 0.328703703125 0.6494791671875 0.32824074062499997 0.6541666671875 0.31898148125 0.6541666671875 0.308796296875 0.6502604171875 0.3009259265625 0.64296875 0.3009259265625
3 0.5299479171875 0.815740740625 0.5244791671875 0.8254629625 0.5244791671875 0.8365740734375 0.5278645828124999 0.8444444437499999 0.534375 0.8458333328125001 0.5390625 0.840277778125 0.540625 0.8300925921875001 0.53671875 0.81851851875 0.5299479171875 0.815740740625
3 0.7372395828125 0.75648148125 0.7317708328125 0.7643518515625 0.7317708328125 0.7745370375 0.73671875 0.784259259375 0.7427083328124999 0.784722221875 0.7473958328125 0.7773148140624999 0.7473958328125 0.766203703125 0.7440104171875 0.759259259375 0.7372395828125 0.75648148125
0 0.49244791718750003 0.1518518515625 0.4869791671875 0.1578703703125 0.48541666718750004 0.16805555625 0.48984375 0.18055555625 0.4953125 0.18194444375000002 0.5005208328124999 0.17546296249999999 0.5015625 0.1634259265625 0.49765625 0.15370370312499998 0.49244791718750003 0.1518518515625