3 0.28671875 0.10833333281249999 0.2822916671875 0.11435185156250001 0.28125 0.1273148140625 0.2861979171875 0.1379629625 0.2932291671875 0.13935185156250002 0.2979166671875 0.13287037031249999 0.2979166671875 0.11805555625 0.29244791718749996 0.109259259375 0.28671875 0.10833333281249999
3 0.3018229171875 0.10555555624999999 0.2979166671875 0.1125 0.2984375 0.1273148140625 0.3033854171875 0.1351851859375 0.3083333328125 0.1356481484375 0.3140625 0.1291666671875 0.3145833328125 0.1171296296875 0.31015625 0.1074074078125 0.3018229171875 0.10555555624999999
3 0.3221354171875 0.140740740625 0.31875 0.1476851859375 0.3192708328125 0.1606481484375 0.32421875 0.16944444375 0.3302083328125 0.1699074078125 0.33541666718749996 0.1606481484375 0.3348958328125 0.1495370375 0.3299479171875 0.140740740625 0.3221354171875 0.140740740625
3 0.42265625 0.10833333281249999 0.41875 0.11342592656249999 0.4171875 0.1263888890625 0.42161458281249997 0.13703703750000001 0.428125 0.1384259265625 0.4322916671875 0.13287037031249999 0.43333333281249997 0.11805555625 0.42994791718750003 0.1101851859375 0.42265625 0.10833333281249999
3 0.47578125 0.08148148125 0.471875 0.0865740734375 0.4703125 0.0986111109375 0.47369791718750004 0.1101851859375 0.4791666671875 0.1125 0.4859375 0.1050925921875 0.4869791671875 0.0949074078125 0.4830729171875 0.08333333281250001 0.47578125 0.08148148125
3 0.53671875 0.0703703703125 0.53125 0.0754629625 0.5296875 0.0921296296875 0.5325520828125 0.0990740734375 0.5385416671875001 0.10138888906250001 0.5442708328125 0.09398148125 0.5453125 0.08101851875 0.5419270828125 0.072222221875 0.53671875 0.0703703703125
3 0.44296875 0.4768518515625 0.4375 0.48194444374999995 0.43541666718750005 0.49490740781250003 0.4388020828125 0.502777778125 0.44427083281249996 0.5050925921875 0.44817708281249996 0.502777778125 0.4515625 0.49305555625 0.44895833281249997 0.4800925921875 0.44296875 0.4768518515625
3 0.1736979171875 0.8435185187500001 0.1653645828125 0.847222221875 0.1609375 0.8578703703125001 0.1625 0.871759259375 0.1703125 0.8763888890624999 0.17578125 0.8731481484374999 0.1807291671875 0.858796296875 0.1796875 0.8504629625 0.1736979171875 0.8435185187500001
3 0.17109375 0.8870370375000001 0.16354166718750002 0.8949074078124999 0.1619791671875 0.909722221875 0.1653645828125 0.91851851875 0.1734375 0.9199074078124999 0.18020833281249998 0.9106481484375 0.18125 0.8976851859374999 0.17734375 0.8888888890625 0.17109375 0.8870370375000001
3 0.38359375 0.8824074078124999 0.3763020828125 0.8851851859375 0.371875 0.8986111109375001 0.3723958328125 0.9087962968750001 0.3752604171875 0.9138888890624999 0.3807291671875 0.915277778125 0.38619791718749996 0.9129629625 0.39010416718749996 0.9013888890624999 0.3885416671875 0.8884259265625 0.38359375 0.8824074078124999
3 0.68203125 0.540740740625 0.6770833328125 0.5504629624999999 0.6776041671875 0.559722221875 0.6830729171875001 0.56851851875 0.6880208328124999 0.56805555625 0.6927083328125 0.5615740734375 0.69375 0.5513888890625 0.6893229171875 0.5416666671875 0.68203125 0.540740740625
0 0.6388020828125 0.6870370375 0.6333333328124999 0.69398148125 0.6328125 0.7041666671875 0.6372395828124999 0.7148148140624999 0.6427083328125 0.7162037031249999 0.6484375 0.709722221875 0.6489583328124999 0.6976851859375001 0.6455729171875 0.6898148140625 0.6388020828125 0.6870370375
1 0.6138020828124999 0.32685185156249996 0.6200520828125 0.34351851875 0.63515625 0.3361111109375 0.6395833328125 0.3263888890625 0.6395833328125 0.31990740781250004 0.63515625 0.32592592656249997 0.6333333328124999 0.32083333281250004 0.6375 0.3143518515625 0.6315104171875 0.3138888890625 0.6260416671875 0.30694444375 0.6388020828125 0.29444444375 0.6513020828125 0.29907407343750003 0.6747395828125 0.2796296296875 0.684375 0.258796296875 0.684375 0.2523148140625 0.6888020828125 0.2398148140625 0.69609375 0.240740740625 0.7059895828125 0.26944444375 0.7216145828125 0.25648148125 0.7294270828125 0.2546296296875 0.7317708328125 0.24305555625 0.728125 0.2226851859375 0.7338541671875001 0.21342592656249998 0.7338541671875001 0.19583333281249998 0.728125 0.17268518593749999 0.72578125 0.16944444375 0.7200520828125 0.1703703703125 0.7166666671875 0.1643518515625 0.7114583328124999 0.140277778125 0.70859375 0.13888888906250002 0.6950520828125 0.15277777812499999 0.6864583328125 0.15601851875 0.6854166671875 0.16898148125 0.6901041671875 0.1893518515625 0.6830729171875001 0.1990740734375 0.6768229171875 0.1925925921875 0.6669270828125 0.19444444375 0.6622395828125 0.190740740625 0.6513020828125 0.19537037031249999 0.64453125 0.20648148125 0.6278645828125 0.2175925921875 0.62421875 0.2166666671875 0.6203125 0.203240740625 0.6158854171875 0.2009259265625 0.5966145828125 0.21296296250000002 0.5924479171875 0.20740740781250003 0.5783854171875 0.209259259375 0.58046875 0.2138888890625 0.59453125 0.2138888890625 0.5942708328124999 0.2236111109375 0.5794270828125 0.234259259375 0.5684895828125 0.24907407343750002 0.5635416671875 0.2375 0.5666666671875 0.2236111109375 0.5591145828124999 0.22314814843750003 0.55625 0.23009259218749997 0.5588541671875 0.2671296296875 0.55390625 0.272222221875 0.5466145828125 0.271296296875 0.54375 0.278240740625 0.5434895828124999 0.2870370375 0.51796875 0.3018518515625 0.5135416671875 0.309722221875 0.5151041671875001 0.32824074062499997 0.5216145828125 0.34351851875 0.5497395828125 0.328703703125 0.5549479171875 0.3425925921875 0.5596354171875 0.34444444375 0.56484375 0.3324074078125 0.57265625 0.3296296296875 0.5763020828125 0.34351851875 0.58046875 0.334259259375 0.5841145828125 0.3379629625 0.5971354171875001 0.334259259375 0.5942708328124999 0.3495370375 0.5942708328124999 0.3550925921875 0.5963541671875 0.35601851875 0.6005208328125 0.3449074078125 0.6020833328124999 0.33101851875 0.6065104171875 0.325 0.6138020828124999 0.32685185156249996