3 0.5643408 0.3281917 0.01864071 0.030506518
1 0.8134125 0.39902797 0.2871006 0.21292166
3 0.5230388 0.37225413 0.016178418 0.028261695
3 0.73463297 0.31575426 0.018314743 0.027999243
2 0.6585598 0.44445637 0.022382164 0.02666588
3 0.59085584 0.3327728 0.016648008 0.030141132
0 0.5658674 0.36506164 0.016704941 0.024366125
3 0.5098848 0.4821151 0.018346978 0.030362513
3 0.6608413 0.81040084 0.018181039 0.030798342
1 0.10334394 0.50713134 0.20080256 0.39134446
3 0.8219593 0.7906937 0.018819427 0.028635662
0 0.15504079 0.17352241 0.020380665 0.026103467
0 0.5626708 0.36613426 0.015041542 0.024447188
3 0.979373 0.03120912 0.03388214 0.053313527