4 0.29548684 0.26756302 0.017395198 0.040141582
1 0.31163514 0.774212 0.2649343 0.2098075
4 0.49242562 0.063281305 0.016566247 0.03863034
3 0.29350224 0.79281616 0.02480042 0.059428588
4 0.6284239 0.056029636 0.015649617 0.036399767
4 0.45068723 0.7026979 0.015281498 0.034643546
0 0.37048197 0.3039742 0.017219692 0.032863274
0 0.14132144 0.52090675 0.018256009 0.032335598
4 0.5358481 0.41646552 0.016038895 0.035398696
2 0.4498155 0.7734827 0.02400893 0.054152064
4 0.6432533 0.9395707 0.016238749 0.036247782
4 0.72359955 0.7994758 0.016992569 0.035814233
4 0.12376725 0.8991619 0.017324165 0.030750223
1 0.31674582 0.81804204 0.27459437 0.27595964