1 0.20880423 0.65126467 0.2806855 0.23574068
3 0.101098195 0.09162803 0.018274402 0.030973054
3 0.09323196 0.8838976 0.021573389 0.03057035
3 0.3465368 0.11909241 0.019166565 0.030484853
0 0.80746216 0.14369489 0.020240594 0.030764764
3 0.9023916 0.48925292 0.019400788 0.027763495
3 0.5697352 0.32245904 0.018172264 0.030162241
3 0.90220803 0.2391941 0.020645523 0.028681947
3 0.61464745 0.86721236 0.017842293 0.032900494
3 0.51045126 0.48158088 0.017990876 0.029163998
0 0.8286583 0.41337317 0.019138336 0.028014502
0 0.8524783 0.32718527 0.019148827 0.029535549
0 0.7839163 0.8848762 0.020003319 0.028571067
3 0.75491184 0.18041351 0.01767521 0.033371355
3 0.5907235 0.3320614 0.01625557 0.029371263
2 0.33940816 0.71470845 0.057910252 0.057041552
3 0.80758774 0.25203013 0.016272737 0.029365415