1 0.32342076 0.7764754 0.26856038 0.22904237
3 0.29364502 0.79293686 0.024610728 0.05981578
2 0.44937554 0.77338517 0.023747742 0.05390798
4 0.4924885 0.06318984 0.01685217 0.038670607
4 0.70872927 0.7191623 0.015361607 0.034546904
4 0.6013646 0.3858273 0.015316188 0.0339827
4 0.43757382 0.5129205 0.015581906 0.038305495
4 0.4684602 0.5300897 0.013731569 0.033100713
4 0.62854344 0.05576561 0.01533401 0.0357395
4 0.6436911 0.93966717 0.01602006 0.036285084
4 0.12423165 0.93329364 0.016862012 0.037143603
0 0.37188572 0.27847603 0.015853435 0.033773925