4 0.20741665 0.7544398 0.01659818 0.036756355
4 0.2568776 0.07207361 0.01620683 0.037800916
0 0.7178634 0.6750243 0.016687632 0.033814166
0 0.2852626 0.6642733 0.016387045 0.032713573
4 0.14625342 0.49669442 0.016256392 0.033594556
4 0.7407447 0.21033144 0.015954614 0.032789458
4 0.6513331 0.26322725 0.01620251 0.036031086
4 0.12653963 0.8484928 0.017808817 0.036101766
0 0.29743445 0.5483554 0.017709106 0.034034148
3 0.6869605 0.4361243 0.022986412 0.053540707
0 0.7896253 0.29517168 0.015568376 0.03523281
1 0.68794966 0.4386105 0.24692076 0.3969396
4 0.812266 0.03875433 0.017863452 0.03617829
2 0.59790814 0.2578149 0.02326715 0.050850764