4 0.7598522 0.032010563 0.01544112 0.03433521
1 0.2623055 0.5143847 0.116006956 0.43264213
4 0.7197631 0.91743916 0.015985847 0.036979888
4 0.7284735 0.3160476 0.014958024 0.034213357
4 0.62669176 0.037660588 0.015278339 0.037044227
3 0.24376708 0.47010434 0.024213135 0.059610683
4 0.13038398 0.8406673 0.015569836 0.036205716
0 0.12632151 0.12592202 0.016137697 0.03799659
4 0.31832802 0.4964246 0.014152825 0.042771604
4 0.21977499 0.69516784 0.014356762 0.040900547
1 0.97874504 0.25501522 0.042509913 0.34266123
4 0.23105055 0.697411 0.015573159 0.04206848