1 0.25246704 0.5063626 0.23290125 0.16554649
3 0.91753656 0.1663614 0.019599915 0.035060376
3 0.087993756 0.7079004 0.019439673 0.031977337
2 0.12970087 0.49096185 0.03551793 0.03260015
3 0.14450005 0.6457512 0.019191219 0.03048719
3 0.91720915 0.19353104 0.018917084 0.029381976
3 0.5443775 0.7762487 0.01859789 0.031674452
3 0.4277597 0.52347064 0.018644428 0.027535886
0 0.6545717 0.1553318 0.0205163 0.029965593
3 0.45998994 0.31918088 0.018891526 0.030154167
0 0.13032173 0.11915743 0.020070314 0.028079638
0 0.13730088 0.09299876 0.018483877 0.02439402
0 0.7651173 0.60960627 0.01894684 0.028164674
3 0.09211871 0.89807683 0.019947136 0.028675335
3 0.10890744 0.094631456 0.018414969 0.030326463
3 0.7552082 0.32196265 0.019143296 0.027897455
3 0.91792995 0.18193609 0.021576881 0.05009524
3 0.14871073 0.64545375 0.01703763 0.029509101