4 0.37044054 0.93556446 0.015684217 0.040136233
4 0.35351402 0.94111943 0.016268432 0.039126292
4 0.24508223 0.6940381 0.015545651 0.036595345
4 0.1936095 0.55986905 0.015937418 0.036562074
4 0.4362916 0.41955662 0.014728367 0.032304898
2 0.46536732 0.6772297 0.021676451 0.05098894
0 0.11986251 0.15957583 0.01665929 0.03689423
0 0.7952528 0.7532849 0.018790185 0.03435331
4 0.45060438 0.1088693 0.016674906 0.038397897
0 0.5823344 0.8204173 0.016382635 0.03499381
1 0.5860279 0.6297261 0.277409 0.20501487
4 0.71217847 0.058795262 0.016575634 0.033932153
3 0.604332 0.6453163 0.02341497 0.060645
0 0.42942438 0.5225635 0.016142845 0.036038876