1 0.2855431 0.28266087 0.107045546 0.44792292
4 0.49237323 0.063471325 0.016370147 0.03723196
4 0.72196674 0.7226005 0.017695606 0.035292257
3 0.2605752 0.22499187 0.024982557 0.058710482
0 0.43300763 0.41363686 0.0143530965 0.031158447
2 0.26738834 0.4871013 0.021301657 0.04489242
4 0.6870514 0.38615113 0.017592072 0.03427691
4 0.13444585 0.06004768 0.016891822 0.032556914
4 0.30130506 0.46101803 0.013466835 0.034421604
4 0.77632475 0.15212817 0.016924858 0.035615075
4 0.23793665 0.4624983 0.01606384 0.03682134
4 0.81281793 0.6181114 0.016228855 0.03313266
4 0.7855378 0.3520824 0.014553189 0.035206955
4 0.434579 0.47656876 0.015313894 0.036197927