2 0.46533814 0.6767352 0.021832824 0.050847743
0 0.11978078 0.15924758 0.016290188 0.037011094
4 0.38194418 0.21875617 0.016290337 0.036757696
4 0.2452924 0.6938217 0.016469255 0.037494235
4 0.43598568 0.41813818 0.0144045055 0.033586793
1 0.57949436 0.6369463 0.24607047 0.19030805
4 0.35356337 0.94150376 0.016756862 0.03949568
4 0.371591 0.9356249 0.016782165 0.04008717
0 0.43027982 0.5236009 0.017139435 0.032832254
4 0.7132237 0.057463076 0.0148355365 0.033914268
0 0.7956083 0.75318384 0.020479023 0.036303733
0 0.58223945 0.8205306 0.016903639 0.033722613
3 0.60486966 0.64570564 0.023462296 0.057603784
4 0.7530335 0.373969 0.016813457 0.029624011
4 0.6800293 0.71123815 0.015131772 0.03779332