1 0.20828724 0.6609877 0.2878092 0.26909816
3 0.101159506 0.091524206 0.01825661 0.030453207
3 0.34660757 0.118914105 0.018877983 0.030375356
3 0.097541094 0.87403774 0.019834185 0.034283195
0 0.80748796 0.1437297 0.020308686 0.030617047
3 0.9024607 0.48920104 0.019694138 0.02775542
3 0.90212023 0.23929986 0.020876694 0.02864539
3 0.56978387 0.32229722 0.01809063 0.030324746
3 0.61458826 0.8672198 0.017815018 0.03279915
3 0.5103421 0.48147961 0.01810627 0.029089738
0 0.8286559 0.41330507 0.019483376 0.028181968
0 0.85247165 0.3272196 0.019410897 0.02955119
0 0.7839489 0.8847082 0.019922256 0.02853025
3 0.7548947 0.18033242 0.017729187 0.033328567
3 0.5908165 0.33216566 0.01599369 0.02937991
2 0.33977175 0.7147334 0.057812978 0.057055414
3 0.80770457 0.2519538 0.016266633 0.029383756
1 0.21934989 0.9409247 0.29180098 0.11815072