3 0.5985318 0.31998834 0.01753874 0.03210443
2 0.69258636 0.30952027 0.03998499 0.06715368
1 0.7592792 0.46046743 0.17240095 0.34969002
0 0.6731804 0.6094508 0.019189453 0.02837194
3 0.5301179 0.34344476 0.017685318 0.02875875
3 0.46467575 0.11923112 0.018391037 0.03067198
3 0.4106733 0.14499608 0.017822647 0.032734267
0 0.5643064 0.37337223 0.018445969 0.027316667
3 0.36813733 0.147848 0.018655682 0.033423234
0 0.2625865 0.6580787 0.020616818 0.027907563
3 0.7176505 0.786015 0.017788697 0.029006196
3 0.51532954 0.8940024 0.01825819 0.031536102
3 0.32656345 0.31924734 0.018629933 0.03087044
3 0.5102642 0.48209944 0.017505264 0.028474683
3 0.43826315 0.834001 0.018415643 0.031023154
3 0.09747282 0.40191957 0.019969046 0.027818045