3 0.5643242 0.32831404 0.018253136 0.030291367
3 0.5230375 0.37224203 0.01611786 0.028171033
1 0.8138447 0.3989589 0.28657553 0.21100534
3 0.7346095 0.3154346 0.018338585 0.027947491
3 0.59082216 0.3326657 0.016581059 0.030230206
2 0.658846 0.4442687 0.022564506 0.027306622
0 0.56583667 0.3652117 0.016701126 0.024255373
3 0.5098569 0.48218983 0.018426133 0.030286409
3 0.26838812 0.6020261 0.018005228 0.030861793
0 0.17568557 0.3480265 0.019524742 0.02677301
3 0.66224235 0.80799514 0.016418839 0.031003572
0 0.2893145 0.62714934 0.019095039 0.028787233
3 0.8220564 0.7906901 0.018622208 0.028587852
3 0.20581312 0.34838456 0.020654345 0.029592007
0 0.562693 0.36629638 0.015099049 0.024324609
3 0.97954065 0.03134845 0.03405304 0.05380288