1 0.29999274 0.7443045 0.15491672 0.40683836
4 0.71981347 0.9159339 0.016304016 0.036739774
4 0.7288616 0.31529942 0.01567924 0.032530732
3 0.29612726 0.7204339 0.02501002 0.05669673
4 0.14379314 0.8528596 0.016425341 0.037095282
4 0.6151179 0.03755716 0.016134143 0.037624955
4 0.76074636 0.03186005 0.015563428 0.035417147
0 0.12699313 0.100920826 0.015671492 0.03339914
4 0.36403048 0.6660128 0.013464838 0.042060852
1 0.97908103 0.25166094 0.04183787 0.34910515
1 0.9718096 0.27319708 0.05638081 0.30642536