2 0.46601284 0.6771105 0.021645278 0.048647564
0 0.11983226 0.16072106 0.016468294 0.034960933
4 0.24576107 0.69322854 0.016109362 0.038177438
4 0.3818292 0.21934243 0.015636772 0.03419705
4 0.43597567 0.4175639 0.014182836 0.03318405
0 0.42992172 0.52403325 0.016075134 0.030463167
4 0.7134111 0.05877849 0.015237391 0.035411574
4 0.3716246 0.93477565 0.016714782 0.04073588
4 0.75336504 0.37467667 0.016417682 0.029523214
4 0.3538825 0.93943405 0.017199725 0.041685
0 0.58131796 0.8205944 0.017176867 0.033857718
0 0.7949586 0.75319445 0.017671883 0.032510016
3 0.6042185 0.64525497 0.024850488 0.06188933
1 0.58536303 0.637478 0.26572362 0.17108594