0 0.1651438 0.6597056 0.017983675 0.034205597
4 0.26510048 0.6379263 0.016885191 0.032880146
0 0.29820335 0.5489154 0.01698342 0.036072627
4 0.14515086 0.49531072 0.015515119 0.03411293
4 0.3391184 0.79626954 0.015865982 0.039147962
4 0.1267626 0.8490821 0.01728309 0.036042638
0 0.29847527 0.63907313 0.017736256 0.03483889
4 0.1253254 0.52750957 0.016608149 0.03328027
4 0.5983417 0.2569891 0.02325195 0.052106645
1 0.69085467 0.4328529 0.22980177 0.37983492
3 0.6874591 0.43625003 0.02382195 0.054996755
4 0.5767518 0.62161565 0.015756607 0.032102957
0 0.45866632 0.21868032 0.016424567 0.036453538
4 0.45911372 0.21975194 0.016335756 0.03842816
4 0.6382702 0.12081771 0.01579988 0.035203498