1 0.32092798 0.77345926 0.25569463 0.21485291
4 0.64358646 0.9393955 0.015319586 0.036716357
4 0.49226367 0.063365296 0.01669845 0.03893577
2 0.44943774 0.77334356 0.023813337 0.053830463
3 0.2936682 0.7931561 0.024376601 0.058031876
4 0.71042013 0.72298545 0.0154951215 0.0358412
4 0.6022954 0.38692442 0.015853524 0.03508698
4 0.62877095 0.056388326 0.015403569 0.037073098
0 0.38200203 0.3374334 0.016841114 0.03482885
4 0.46891323 0.5297766 0.013631463 0.032659054
4 0.43807 0.5128323 0.015061766 0.040553305
0 0.46352214 0.45090362 0.013462812 0.036140364
4 0.74196196 0.044547006 0.016111374 0.035669677
0 0.124780945 0.93412334 0.016891673 0.03774717