1 0.20972627 0.28538096 0.12180941 0.36905658
0 0.28520587 0.6665024 0.018161237 0.037460487
4 0.35604644 0.7358758 0.016611397 0.038235612
4 0.45098352 0.70146626 0.016381085 0.03431156
4 0.6441188 0.9406294 0.0152282715 0.03503312
4 0.58016646 0.39488956 0.015821278 0.03548365
4 0.12733255 0.84827626 0.017212756 0.03632678
2 0.17035528 0.11883262 0.021690518 0.043214295
4 0.48227185 0.09105232 0.016359895 0.038618173
4 0.82896256 0.6366408 0.01750356 0.03301594
3 0.18236107 0.3014461 0.024029031 0.04464605
4 0.5338005 0.044922974 0.020258367 0.033906505