0 0.120714575 0.1575031 0.016718365 0.035629947
4 0.3814999 0.2210456 0.01613012 0.036433842
4 0.24509495 0.69547486 0.015912816 0.036040943
4 0.37056124 0.93532574 0.016464025 0.040821075
4 0.43672597 0.42001978 0.014853209 0.032841656
4 0.3532863 0.94113773 0.01698935 0.041138332
0 0.7942653 0.7529363 0.018494248 0.035680134
2 0.46540138 0.6769822 0.021753788 0.050547972
4 0.7128875 0.059121747 0.016206741 0.03450008
1 0.57917726 0.6407044 0.24912947 0.22059965
0 0.58195686 0.81996864 0.016864896 0.03542344
0 0.42941254 0.52320004 0.016228884 0.0355347
4 0.7530197 0.3742005 0.017596662 0.031045463