4 0.25693488 0.07042948 0.016224086 0.037676074
0 0.7183366 0.6756294 0.016779423 0.033707514
4 0.20717189 0.7559985 0.016838834 0.037847042
0 0.28517735 0.6648973 0.016113073 0.034248035
4 0.81858236 0.4200973 0.016666412 0.033725236
0 0.29700154 0.547705 0.017396837 0.036506493
4 0.7977791 0.25727126 0.014477551 0.033375952
4 0.740237 0.21037371 0.016061604 0.03286909
4 0.12628622 0.8496828 0.017856069 0.036980525
1 0.69098717 0.4284915 0.23464191 0.3755655
4 0.65145254 0.26197997 0.015667737 0.035369344
3 0.6867639 0.43657875 0.02349168 0.05488618
2 0.59768516 0.2570092 0.02336216 0.04943053
0 0.81231004 0.036447514 0.017160654 0.037344605