0 0.944088 0.37247902 0.017548382 0.03201964
0 0.12090145 0.15855362 0.016615562 0.036213927
0 0.58487654 0.80410206 0.01643467 0.035114553
4 0.2427051 0.69752365 0.015544519 0.035624877
4 0.43621325 0.41956663 0.014137566 0.032788355
2 0.5978506 0.2556272 0.022168279 0.050468445
4 0.37000227 0.9320789 0.015844047 0.041447427
0 0.43083775 0.52286625 0.016135782 0.035747793
4 0.19757864 0.5516308 0.017078832 0.036254514
4 0.35300007 0.94454366 0.016340017 0.03915183
3 0.687484 0.43621683 0.023344457 0.054373953
4 0.70696723 0.061525047 0.015978038 0.03384701
1 0.68919474 0.4390698 0.22636342 0.3659486
4 0.67872727 0.71341145 0.016188502 0.036794715
0 0.82627213 0.72125703 0.018732846 0.030352434