1 0.32387668 0.77714235 0.26530424 0.2294694
2 0.44969803 0.7740368 0.023810208 0.053412862
3 0.29371694 0.79304355 0.024943352 0.05941142
4 0.7220088 0.7225471 0.017892838 0.035231538
4 0.4694344 0.530321 0.013690293 0.03227112
4 0.4384138 0.51499397 0.014900953 0.03914335
0 0.496077 0.48044142 0.016784698 0.03415717
4 0.46566457 0.4531769 0.012233168 0.03269553
4 0.49279875 0.062877394 0.016381294 0.037554342
4 0.13270235 0.059301503 0.014331266 0.03088888
4 0.81293225 0.6178785 0.016420186 0.034566563
4 0.7763232 0.15190004 0.016809046 0.03684595
4 0.50453645 0.5000766 0.016122937 0.036561437
0 0.49347776 0.4852117 0.01840964 0.03831413