0 0.10472222 0.8506216 0.02052176 0.030019507
2 0.5011899 0.4358723 0.03229046 0.07538669
3 0.10886214 0.09724813 0.01944576 0.030252712
3 0.17173107 0.8501165 0.019875813 0.033415604
3 0.14052622 0.11572857 0.019178176 0.029000077
0 0.08273043 0.90142524 0.02141862 0.030989077
3 0.5152816 0.8941146 0.018401338 0.031328075
1 0.48735934 0.2673112 0.10918903 0.42670238
3 0.14386499 0.64484304 0.017635107 0.030928168
0 0.5764291 0.7989801 0.016224861 0.026581574
3 0.1454222 0.14270064 0.01979704 0.030751612