4 0.2583917 0.07053027 0.015445948 0.036587607
0 0.28535104 0.6655802 0.016548425 0.03335354
0 0.7180957 0.676451 0.01584053 0.032461062
4 0.20662749 0.75526226 0.015963793 0.036065686
4 0.60146976 0.2575576 0.023636997 0.050502274
0 0.30061248 0.5584933 0.017462969 0.037407875
4 0.14561641 0.4604433 0.01550518 0.031656373
4 0.1264288 0.8484662 0.017431922 0.036244024
0 0.79869777 0.2573458 0.015572786 0.032902744
4 0.73948014 0.20976359 0.015972137 0.033176675
4 0.81650925 0.043865297 0.016738892 0.03175247
1 0.7039159 0.43500474 0.25207925 0.39553943
3 0.6883329 0.4384183 0.025062144 0.05551293
0 0.81849134 0.42191792 0.017782629 0.033112604