1 0.2815123 0.48535207 0.27014214 0.22998156
3 0.10906064 0.24440204 0.019032646 0.031514104
3 0.15766011 0.14134835 0.019021392 0.031090451
3 0.4649248 0.11852634 0.018842507 0.030477779
3 0.14452194 0.6454627 0.019150352 0.030725354
3 0.14985082 0.09361115 0.016144872 0.030836392
3 0.109403685 0.097425945 0.02019763 0.032203805
0 0.57572025 0.79837257 0.016978169 0.027159883
3 0.1683443 0.10809101 0.019483948 0.029991278
3 0.17175302 0.85023415 0.019769026 0.033327486
0 0.104738 0.8504578 0.020414114 0.03018977
3 0.5152885 0.89397055 0.01870861 0.031312056
0 0.08276229 0.9013529 0.021297146 0.031192018
3 0.49866945 0.50912225 0.01615715 0.029558184
0 0.49587178 0.5809916 0.016427517 0.027335614
3 0.71009225 0.7273677 0.016838266 0.029433316
2 0.41804996 0.5412278 0.04792881 0.035813525
3 0.14805162 0.6452331 0.018252922 0.030359143