0 0.7895516 0.29378137 0.017833233 0.035697937
4 0.2573166 0.07101486 0.015870571 0.036676172
4 0.2066137 0.75558555 0.015986681 0.036005974
4 0.14571813 0.49655068 0.016072467 0.033761077
0 0.7187689 0.6760363 0.015735388 0.032439496
0 0.29823047 0.5493102 0.017134368 0.03547584
0 0.28526986 0.66567796 0.01616469 0.033196345
4 0.12633538 0.848703 0.017300807 0.035716057
4 0.59793866 0.25770965 0.023972332 0.051326565
4 0.8122032 0.037210207 0.015555143 0.03407649
4 0.6521894 0.26264372 0.016390622 0.03430364
0 0.7402513 0.21066917 0.016245067 0.036333602
0 0.818273 0.41981834 0.01758957 0.034250814
3 0.68722427 0.4364848 0.023749769 0.05557969
1 0.69934154 0.44201118 0.26224393 0.406041