1 0.20941666 0.65050477 0.28141904 0.2359379
3 0.3466725 0.1190004 0.019239187 0.03045087
3 0.16722897 0.4182415 0.020337343 0.030211259
0 0.80747336 0.14380555 0.020283842 0.03068243
3 0.9024515 0.48916826 0.019524766 0.027737556
3 0.9021017 0.23934804 0.020770265 0.028750103
3 0.5694606 0.32262632 0.018231774 0.030100632
3 0.61447716 0.86723864 0.017720986 0.033103183
3 0.5104166 0.48164517 0.017956734 0.029331971
0 0.82863104 0.4133709 0.019263078 0.028181968
0 0.8524464 0.32724822 0.019348336 0.029379655
2 0.34000495 0.7147787 0.058717586 0.056756467
3 0.590864 0.3321786 0.016208459 0.029594805
0 0.783976 0.88501835 0.020277215 0.028693138
3 0.75486517 0.18057689 0.017904092 0.03324099
3 0.80755484 0.25189003 0.016108323 0.029255964