1 0.8583481 0.30423853 0.2646885 0.31505433
0 0.579406 0.34210616 0.017242623 0.028955143
3 0.5228352 0.37212324 0.01644726 0.027877301
0 0.7366689 0.2832057 0.020052338 0.028074011
3 0.53542215 0.22659679 0.017840957 0.032127287
2 0.7508578 0.1783719 0.05686264 0.06608903
3 0.6248541 0.3976525 0.018207742 0.030094085
3 0.41506407 0.15491846 0.019070053 0.032302476
3 0.19298342 0.8875299 0.019627953 0.03275935
3 0.5098412 0.48195618 0.018145943 0.03011729
3 0.29675254 0.24645126 0.019066095 0.031541064
0 0.111734845 0.33740765 0.021240283 0.026409533
3 0.1860108 0.15938629 0.018111182 0.032254413
3 0.7384937 0.30992797 0.019974709 0.028116481
3 0.20875125 0.34123224 0.018691814 0.03256658
3 0.69918126 0.82794636 0.018323136 0.029490028
0 0.73819685 0.29514843 0.02194786 0.047293093