0 0.119813204 0.15926905 0.016779922 0.036854044
4 0.37072438 0.9355877 0.015896112 0.040283415
4 0.24485426 0.6943148 0.015461534 0.036105156
4 0.3530252 0.9412983 0.016121686 0.03960652
4 0.19325876 0.5600624 0.016207978 0.036273215
2 0.46528643 0.6770102 0.021580905 0.05073251
4 0.43638563 0.41944715 0.0145033 0.032146957
0 0.7952665 0.7534415 0.018618762 0.033947576
0 0.5823152 0.8207048 0.016559541 0.0348284
1 0.5858756 0.62757653 0.27794182 0.20836826
4 0.71226364 0.059007686 0.016462088 0.033422347
0 0.4293433 0.5229295 0.016079903 0.035910342
3 0.6043793 0.64526856 0.023253083 0.060421783