4 0.19342571 0.55974454 0.01704505 0.03723738
4 0.2449677 0.694784 0.016471013 0.036616698
4 0.35325003 0.9414836 0.017009437 0.0387746
4 0.37097546 0.93640095 0.016477108 0.040376134
0 0.12028354 0.15936044 0.01667653 0.035045505
0 0.583432 0.8204975 0.016225815 0.033710744
2 0.46550837 0.67781407 0.022486866 0.05188804
1 0.57835114 0.64386904 0.24788684 0.22377555
4 0.43653622 0.41900584 0.015928566 0.034325175
0 0.42979446 0.5235887 0.015882969 0.03279066
4 0.7121732 0.0598656 0.017284214 0.03412787
0 0.79801786 0.75372386 0.01605624 0.032724697
3 0.60502493 0.6447348 0.024477184 0.0628135
0 0.7530478 0.37371683 0.018771946 0.03292288