4 0.35579145 0.7354082 0.016758263 0.039035372
1 0.20999289 0.28339723 0.123025715 0.37336236
4 0.45071787 0.7012416 0.015831381 0.034633055
4 0.48225966 0.09087185 0.016513467 0.039546497
4 0.5792258 0.39430934 0.015761793 0.03447469
0 0.2854452 0.6657384 0.017612934 0.036007512
4 0.12725662 0.84835505 0.017825611 0.03702312
2 0.17018911 0.118841276 0.021974191 0.04514368
4 0.6436262 0.939552 0.015705287 0.035641566
3 0.18231398 0.30019373 0.023367986 0.045826036
4 0.5342356 0.044558123 0.018822491 0.032872938
4 0.12203078 0.8966995 0.0143355355 0.031800322
4 0.8294836 0.6372315 0.016543984 0.03301647