0 0.7894345 0.29409498 0.018194199 0.035519574
4 0.25747493 0.07224087 0.015595302 0.036611475
4 0.20669916 0.7556322 0.016311973 0.0360411
0 0.28512812 0.66567785 0.016294688 0.033613734
0 0.71872556 0.6761315 0.015614331 0.03203445
0 0.29806983 0.5495371 0.017343432 0.035399385
4 0.12645802 0.8486718 0.017726563 0.03592968
0 0.81821346 0.42011648 0.01784861 0.03403007
4 0.65232015 0.2628818 0.01649654 0.03368272
4 0.59798586 0.257961 0.024054885 0.051138747
0 0.74028337 0.21066886 0.01630932 0.03576373
3 0.68719786 0.43617284 0.023515224 0.05605512
1 0.6987879 0.44235718 0.26109058 0.4067744