0 0.7897539 0.29372993 0.018003285 0.035362907
4 0.1450457 0.49379334 0.016280934 0.034537103
4 0.257085 0.071144976 0.015715897 0.03661567
4 0.20685855 0.7555798 0.016111001 0.03629287
0 0.71852076 0.6759397 0.015823185 0.03223626
0 0.28514907 0.6654803 0.01625204 0.033683088
0 0.29815271 0.5495281 0.017313063 0.035616715
4 0.12617362 0.84877217 0.017366372 0.035871346
4 0.6524302 0.26293197 0.016584575 0.033955812
4 0.5979072 0.25774235 0.023874104 0.05171177
4 0.8122225 0.037300535 0.015957654 0.034416538
0 0.8182602 0.42011473 0.017762005 0.03447824
0 0.74032605 0.21094294 0.016516984 0.03601282
3 0.6872245 0.43621296 0.023525596 0.055562947
1 0.6988102 0.44658974 0.262389 0.41342893