4 0.2572639 0.07084557 0.015639693 0.036362372
4 0.14556542 0.49633905 0.01603365 0.033257008
4 0.20648117 0.75547934 0.0162054 0.03573778
0 0.7898842 0.29339567 0.017536521 0.034948427
0 0.28515893 0.66563535 0.01661253 0.03352658
0 0.7186712 0.6761517 0.015879214 0.03201665
0 0.29833263 0.5494603 0.017468363 0.036053658
4 0.12626337 0.84793645 0.01734402 0.036540404
4 0.6525753 0.26298633 0.016452432 0.034391537
4 0.81216556 0.037685383 0.01687491 0.03484709
0 0.74055934 0.21077959 0.016178668 0.03540676
1 0.70156646 0.44588354 0.26440674 0.41487804
3 0.687124 0.43622538 0.023700535 0.05568287
0 0.81833196 0.42100325 0.01770538 0.03436213
4 0.5968845 0.25914803 0.023650348 0.055190377