1 0.23568232 0.7816323 0.121534675 0.40178463
4 0.7200649 0.9169638 0.015647352 0.037194464
4 0.72871685 0.3157491 0.014858246 0.03422284
4 0.76003206 0.032243475 0.015220165 0.034151375
4 0.14410473 0.8498213 0.01499936 0.034617636
4 0.6126469 0.038306165 0.015468001 0.037201278
0 0.1262419 0.10015299 0.015461586 0.034637492
3 0.21049507 0.75179654 0.026796103 0.052668467
2 0.20908108 0.9563033 0.017046258 0.043427892
4 0.28932354 0.73636895 0.013860941 0.04623837
1 0.9770715 0.25214872 0.045856953 0.35128292