1 0.35525796 0.7966978 0.2771519 0.3977478
3 0.14470685 0.6450521 0.019606734 0.030306881
3 0.6305928 0.7950761 0.018122483 0.03180402
3 0.10061216 0.21896379 0.019490058 0.031903397
3 0.1582127 0.1328184 0.020263506 0.032279048
3 0.455256 0.104152285 0.016864205 0.03029779
0 0.72103846 0.81364304 0.017057419 0.0273997
3 0.47511005 0.838417 0.018644525 0.03160858
0 0.6645808 0.6882391 0.018949509 0.02797572
3 0.46915838 0.12439416 0.016001511 0.028668866
3 0.10965773 0.09694698 0.020376896 0.033003967
3 0.7208383 0.68848747 0.01934719 0.02853648
0 0.90075415 0.86006576 0.022784425 0.02874044
3 0.4984326 0.5090044 0.016296674 0.029655267
2 0.46141407 0.6459886 0.05422764 0.07504247