4 0.35587874 0.735471 0.016941726 0.039015505
4 0.45072588 0.7013057 0.015886784 0.034753375
4 0.57917386 0.39455828 0.01565957 0.034622114
4 0.48209316 0.09097634 0.016515166 0.039063495
1 0.2091107 0.28385392 0.1253723 0.37449646
4 0.6435785 0.9393673 0.015715778 0.036271203
0 0.28579217 0.6657918 0.017482817 0.036501568
4 0.12714764 0.84820324 0.01800327 0.037060898
2 0.17019029 0.11936818 0.02208972 0.045165896
4 0.5344136 0.044775955 0.018769085 0.03283254
3 0.18219347 0.30048618 0.023912996 0.045441363
4 0.8292797 0.636411 0.016847968 0.032531578
4 0.12231367 0.89693505 0.014852002 0.031435173