4 0.49233785 0.06388791 0.01672107 0.038867146
1 0.28517622 0.28317085 0.11109629 0.44797766
3 0.2600059 0.22484466 0.02469863 0.05744942
4 0.13208815 0.6196357 0.017298505 0.033110727
4 0.16413999 0.40859753 0.017158464 0.034110945
4 0.81278074 0.61791337 0.015448034 0.034968216
2 0.26750296 0.48697272 0.021895617 0.04434951
0 0.43341285 0.4133338 0.014052212 0.031085784
4 0.13424298 0.060118385 0.016959623 0.032589786
4 0.12291537 0.7428736 0.015828706 0.032330353
4 0.5996788 0.9469407 0.014750481 0.033152476
4 0.3011679 0.46104315 0.0139198005 0.034559805
4 0.23701927 0.46241432 0.017420575 0.03796326