3 0.59575003 0.41383108 0.01755333 0.03126335
1 0.87371063 0.25363478 0.25257874 0.33027232
0 0.5806262 0.34176382 0.017670726 0.028561212
3 0.5228052 0.37181577 0.016508294 0.028001532
0 0.7398592 0.2805054 0.020454217 0.027993966
3 0.57524174 0.1737372 0.018629743 0.032629557
3 0.16719888 0.9021837 0.019371295 0.030926514
3 0.5099861 0.48163894 0.01783123 0.029767228
2 0.77847785 0.14555089 0.0650116 0.08726744
0 0.113112606 0.33677828 0.021535182 0.027059428
3 0.13883372 0.15589492 0.017768908 0.03224179
3 0.3264411 0.3194287 0.018897152 0.030568188
3 0.16493487 0.18737845 0.01781764 0.030824123
3 0.20652194 0.34174705 0.02089162 0.03116735
3 0.74118817 0.30938745 0.019497013 0.029912123
3 0.69923687 0.8278589 0.018200684 0.029408012
0 0.74066556 0.2878476 0.020779228 0.034123994