0 0.7889489 0.29419678 0.018453777 0.03672902
4 0.2070165 0.755521 0.016116053 0.035929363
0 0.7184584 0.6758848 0.015894711 0.033084445
0 0.29798695 0.54908097 0.017219782 0.03545936
4 0.25735223 0.072892085 0.015741497 0.035136748
4 0.14612077 0.49625292 0.016130209 0.033959124
0 0.2854498 0.6654362 0.01685676 0.034211107
4 0.12674007 0.8489821 0.017425492 0.03580051
0 0.8182213 0.42017272 0.017753601 0.035244573
4 0.8128772 0.03794419 0.015588939 0.033198696
3 0.6872733 0.43538338 0.02338779 0.055938534
4 0.5978012 0.25655052 0.02303058 0.051918454
4 0.65125275 0.2635502 0.016123414 0.03549152
0 0.74053085 0.21106441 0.016219914 0.037611816
1 0.6997955 0.43705076 0.25062007 0.3636903