1 0.72418725 0.5300969 0.14105426 0.35639098
3 0.56933945 0.32166106 0.016582107 0.029463833
3 0.10070925 0.091836125 0.018573642 0.030613106
0 0.557908 0.36742067 0.014336777 0.023824312
3 0.75510377 0.18043944 0.018857671 0.034593012
3 0.51004267 0.4822386 0.01771965 0.030378852
3 0.09498467 0.8832046 0.021359479 0.031433742
3 0.7344527 0.31651124 0.018443394 0.03102341
0 0.91677684 0.103169 0.017617036 0.027539669
3 0.84709114 0.38606894 0.01881733 0.02921963
3 0.58984536 0.3332134 0.015865708 0.029566322
3 0.61511457 0.8675416 0.018008804 0.032433067
0 0.6494041 0.8139831 0.017362023 0.027023826
3 0.84620017 0.6328213 0.01991043 0.029140983
3 0.8214369 0.7908707 0.019082641 0.030067699
0 0.78403234 0.8852673 0.020100975 0.027217358