1 0.21061632 0.28604394 0.12158699 0.37005505
4 0.36012188 0.7428367 0.016225457 0.035432924
4 0.6443815 0.9401639 0.015265107 0.034528628
4 0.45219603 0.7010666 0.015237629 0.032789126
0 0.292296 0.651851 0.018932521 0.03586568
4 0.58062017 0.39535847 0.015348256 0.034871418
0 0.14072981 0.5310024 0.0194529 0.031455148
4 0.4905578 0.0968704 0.01600495 0.034784276
4 0.5338719 0.044963896 0.019436419 0.034287997
4 0.12287354 0.8663996 0.016856864 0.034054067
2 0.17035446 0.11917259 0.022210807 0.043480687
4 0.19742735 0.7332522 0.017628014 0.034026783