4 0.25712043 0.07043317 0.015460208 0.036874354
4 0.20672971 0.75526935 0.015982047 0.036195226
3 0.7081931 0.4985107 0.02680564 0.060851045
0 0.2851439 0.6655667 0.016674608 0.033370495
0 0.30049562 0.5583913 0.017758667 0.03742965
0 0.7988155 0.25708643 0.015302241 0.032449167
4 0.14560623 0.46048 0.015694618 0.031690173
4 0.1264256 0.8484948 0.017410234 0.03631046
4 0.61834747 0.26847634 0.024362922 0.058368128
4 0.81339055 0.03864292 0.015806198 0.03469485
1 0.70432216 0.4655515 0.26298082 0.4304802
0 0.71801895 0.67604405 0.015407562 0.030791707
2 0.6182659 0.26858658 0.024687886 0.057458878
0 0.74015176 0.21045767 0.016192734 0.036543965
0 0.81864816 0.4212088 0.01756978 0.03448521
4 0.73970747 0.20927694 0.01619631 0.0333903