1 0.6984634 0.56388366 0.26832476 0.27362812
3 0.5230077 0.3724319 0.016219998 0.028300859
3 0.56424516 0.328276 0.018216515 0.03032443
3 0.73509985 0.3159541 0.01768217 0.030799994
3 0.5102569 0.48245487 0.017390443 0.02987741
3 0.5907497 0.33248863 0.01640234 0.030147046
3 0.26631522 0.11121685 0.019209767 0.030853018
0 0.11155818 0.3372968 0.021027803 0.02659518
0 0.565494 0.36525533 0.016879654 0.024785997
3 0.69907933 0.8283212 0.017732238 0.029681144
3 0.27342373 0.6056374 0.017403508 0.028650286
3 0.8069305 0.78816265 0.017808724 0.02680893
3 0.8278419 0.7881661 0.017570877 0.028045783
3 0.20673259 0.34164876 0.021056939 0.030551149
0 0.56272346 0.36614192 0.015166474 0.02470042
0 0.28961045 0.62710345 0.017114354 0.027877683
0 0.78414875 0.88517463 0.019701386 0.026906587