3 0.5949881 0.41498277 0.017686082 0.030899812
1 0.7171136 0.5559002 0.22108021 0.316898
3 0.52276194 0.37179738 0.016326522 0.028127672
3 0.53565234 0.15524283 0.018411828 0.032078553
3 0.55776364 0.34827608 0.016741753 0.03132782
0 0.6069622 0.24214248 0.019651031 0.03172277
3 0.69932204 0.8280475 0.017943764 0.029850008
3 0.5102241 0.48150128 0.017745113 0.029769517
3 0.1672456 0.9020419 0.019632125 0.030710857
0 0.11343415 0.33659637 0.021954967 0.027128221
3 0.32648525 0.3194892 0.019035244 0.030388199
3 0.20639932 0.34119093 0.021022702 0.030788297
0 0.14245017 0.19504128 0.019654369 0.030448215
3 0.16388711 0.18380296 0.016249418 0.031266786
3 0.13820945 0.15484498 0.019147158 0.03296859
0 0.78412545 0.8850866 0.019687844 0.027000682