4 0.25699487 0.07017074 0.016235933 0.037604883
0 0.71824217 0.675772 0.016769826 0.033793766
4 0.2072675 0.75593555 0.016832247 0.037669554
0 0.28496194 0.6649076 0.01619941 0.034258895
4 0.81854516 0.420125 0.01653254 0.033821452
4 0.79217064 0.2929438 0.016366303 0.035980914
4 0.7401928 0.21039537 0.016153872 0.03263602
4 0.12635356 0.8496253 0.017828427 0.037284162
0 0.29720157 0.5479461 0.017367274 0.035848513
1 0.6898601 0.42854246 0.23241282 0.37495726
4 0.65132964 0.26237997 0.015823662 0.035647977
2 0.5977023 0.2572192 0.023330927 0.049048107
3 0.6864894 0.43631485 0.023545027 0.055827327
0 0.8121058 0.036264293 0.017100155 0.03724293