1 0.73753357 0.49149096 0.23037854 0.179775
0 0.096638374 0.8442746 0.019389225 0.029778419
3 0.4649968 0.11864292 0.01871853 0.030456528
3 0.17148776 0.84740794 0.019739581 0.03331401
3 0.5673608 0.7092663 0.01823864 0.031110639
3 0.10876751 0.09708621 0.019855713 0.030642273
0 0.58262604 0.80211806 0.017984582 0.028974662
3 0.14176726 0.12581833 0.02080145 0.029369896
3 0.51524466 0.894085 0.018496037 0.03140081
0 0.08231143 0.90149325 0.02091043 0.03129527
2 0.8486271 0.46119794 0.04104309 0.04161822
3 0.14562054 0.15533778 0.019460678 0.029508656
0 0.49580246 0.5813155 0.016258432 0.02733129
3 0.4984808 0.5095923 0.01624689 0.030298108
3 0.31126475 0.34397787 0.016610432 0.032552276
3 0.3375443 0.34497613 0.01674657 0.03017413