4 0.35580838 0.73554415 0.016632289 0.038960773
4 0.45073327 0.7011717 0.016042233 0.0347911
4 0.48228234 0.09103519 0.016529292 0.039619405
1 0.20945609 0.28412345 0.1244434 0.37313253
4 0.5792587 0.3942624 0.015942097 0.034945596
2 0.17009673 0.11923868 0.022206828 0.045355394
0 0.2854886 0.6658186 0.017785639 0.036517885
4 0.6434055 0.9395106 0.015733838 0.036489595
4 0.1272883 0.84834164 0.017876796 0.03681469
4 0.53427535 0.044562638 0.019164324 0.032564458
3 0.18215139 0.30007258 0.024040222 0.04628314
4 0.12216586 0.89664936 0.014413528 0.031219482
4 0.7843855 0.2608552 0.013129711 0.033730984
4 0.829294 0.6366766 0.016488075 0.032499686