1 0.7202775 0.44950262 0.2756935 0.28644988
0 0.5219146 0.17260534 0.016873552 0.02987207
3 0.45272428 0.12602131 0.01776743 0.031650543
2 0.6109166 0.34889716 0.059018042 0.06182404
0 0.67302674 0.6088696 0.01944828 0.028258262
3 0.8488337 0.3371726 0.01878891 0.028770957
0 0.4547545 0.76136833 0.01995926 0.029933676
3 0.47429475 0.13396052 0.017916584 0.032108888
3 0.6934873 0.7275226 0.018659974 0.031337485
3 0.71733725 0.7852898 0.016051197 0.029444125
3 0.7269375 0.73518693 0.018504525 0.03116735
3 0.5105765 0.4826633 0.017637348 0.028852338
3 0.5154501 0.89438826 0.01834011 0.031561535
3 0.53905904 0.1555426 0.016340828 0.029976591
2 0.591436 0.31796554 0.021013642 0.029323008
3 0.3263281 0.31939322 0.019040871 0.03097757