4 0.35337725 0.9408849 0.016680896 0.038966604
0 0.119998634 0.15887299 0.016587108 0.036883965
4 0.24504119 0.69466984 0.016064465 0.036258433
4 0.37083608 0.9355238 0.01609546 0.0401303
4 0.38145047 0.22063072 0.016090214 0.03581597
2 0.46543398 0.67723113 0.021802306 0.050650332
4 0.43644077 0.41924033 0.015224069 0.032602947
0 0.7956465 0.75292325 0.019310355 0.03435977
0 0.5824839 0.8200457 0.016689658 0.03430446
1 0.5865456 0.62706745 0.27801904 0.20921172
0 0.4294602 0.5225442 0.016341805 0.035570305
4 0.7120855 0.059420004 0.016994298 0.033546407
3 0.60473186 0.6451341 0.023782492 0.060077507
4 0.7532389 0.37393677 0.01736945 0.031562727