0 0.29113692 0.5519619 0.018993586 0.034581024
4 0.2068594 0.75438046 0.017162442 0.036121633
1 0.21006516 0.28520456 0.12252231 0.37269083
4 0.23315156 0.06308732 0.015382528 0.036513496
4 0.6437267 0.9405189 0.014869511 0.034763232
0 0.72098196 0.67662174 0.013124645 0.032464452
0 0.28561455 0.6654899 0.018528461 0.035916436
4 0.6517705 0.26400217 0.016536534 0.034432966
4 0.12725115 0.8484097 0.017034493 0.035687447
2 0.17011352 0.11975397 0.0221273 0.04456842
3 0.18225989 0.30131152 0.023886085 0.04493226
4 0.74715257 0.40245548 0.01620847 0.034617264
4 0.1455907 0.45905533 0.014252931 0.031547572
4 0.25127923 0.05294759 0.013858527 0.030157808
4 0.16901043 0.47973952 0.017008692 0.032934666