4 0.16875 0.06796875 0.01796875 0.0265625
4 0.596875 0.68046875 0.01796875 0.0328125
4 0.45078125 0.08203125 0.02109375 0.0328125
4 0.15859375 0.915625 0.01875 0.03046875
4 0.796875 0.865625 0.01796875 0.02890625
4 0.4421875 0.4921875 0.0171875 0.03046875
4 0.5796875 0.52890625 0.01796875 0.02734375
4 0.47890625 0.38984375 0.01953125 0.02734375
0 0.78515625 0.1015625 0.01875 0.03046875
4 0.4796875 0.49140625 0.0171875 0.02890625
4 0.56484375 0.1015625 0.0171875 0.0296875
4 0.5625 0.5234375 0.01640625 0.0296875