3 0.14375 0.175 0.02578125 0.0328125
3 0.20078125 0.12265625 0.02578125 0.03046875
3 0.378125 0.0953125 0.021875 0.03046875
3 0.5765625 0.10234375 0.02421875 0.034375
3 0.66015625 0.071875 0.0234375 0.03046875
3 0.6625 0.13515625 0.01953125 0.034375
3 0.66171875 0.278125 0.0234375 0.028125
3 0.66015625 0.69453125 0.02265625 0.03046875
3 0.28671875 0.77578125 0.021875 0.0296875
0 0.23125 0.86953125 0.0265625 0.0296875
1 0.13046875 0.90625 0.18046875 0.875 0.19765625 0.8770833328125001 0.21171875 0.8666666671875 0.221875 0.8427083328125 0.265625 0.7947916671875 0.271875 0.7697916671875 0.28125 0.759375 0.2796875 0.7385416671875 0.325 0.7010416671875 0.315625 0.6739583328125 0.30546875 0.6729166671875 0.26796875 0.70625 0.24453125 0.6958333328124999 0.15859375 0.74375 0.090625 0.828125 0.07421875 0.8645833328125001 0.05546875 0.8416666671874999 0.02265625 0.8645833328125001 0.0203125 0.871875 0.0328125 0.8989583328125 0.0265625 0.909375 0.03125 0.928125 0.04453125 0.9458333328125 0.05546875 0.9416666671874999 0.0765625 0.9697916671875 0.103125 0.9364583328125 0.09375 0.915625 0.09765625 0.9020833328125001 0.13046875 0.90625
2 0.32538690625 0.6985472234375 0.3105965921875 0.67049423125 0.26705890781249997 0.7096573171875 0.279557765625 0.7374325546875 0.32538690625 0.6985472234375
3 0.94140625 0.8109375 0.0265625 0.03359375