1 0.13046875 0.90625 0.18046875 0.875 0.19609375 0.8770833328125001 0.20859375 0.86875 0.22578125 0.8354166671875 0.265625 0.7947916671875 0.2734375 0.7677083328125 0.2828125 0.759375 0.2796875 0.740625 0.3234375 0.703125 0.31875 0.6802083328124999 0.31015625 0.6708333328125 0.26796875 0.70625 0.24765625 0.6979166671875 0.22890625 0.7020833328125 0.16796875 0.7375 0.14296875 0.7583333328124999 0.1390625 0.7739583328124999 0.090625 0.828125 0.07421875 0.8645833328125001 0.05546875 0.8416666671874999 0.02421875 0.8645833328125001 0.0203125 0.8697916671874999 0.03125 0.890625 0.0265625 0.909375 0.03125 0.928125 0.04453125 0.9458333328125 0.05546875 0.9416666671874999 0.0765625 0.9697916671875 0.1015625 0.9385416671875 0.0921875 0.9114583328125001 0.09609375 0.9020833328125001 0.13046875 0.90625
2 0.2803763546875 0.7357704234375 0.324832425 0.6958048640625 0.3111924953125 0.6724542 0.2674100015625 0.7083782984375 0.2803763546875 0.7357704234375
0 0.23046875 0.86875 0.02578125 0.0328125
3 0.28515625 0.775 0.0234375 0.03046875
3 0.940625 0.81015625 0.02734375 0.034375
3 0.66015625 0.69453125 0.0234375 0.034375
3 0.14453125 0.175 0.025 0.03046875
3 0.19921875 0.12265625 0.0234375 0.03125
3 0.37890625 0.09453125 0.02265625 0.0328125
3 0.6609375 0.27890625 0.02265625 0.0328125
3 0.63984375 0.13671875 0.02265625 0.034375
3 0.6609375 0.1453125 0.02421875 0.03125