3 0.47421875 0.5 0.02109375 0.028125
3 0.57421875 0.4 0.01953125 0.0265625
3 0.31640625 0.12890625 0.021875 0.028125
3 0.46875 0.12421875 0.02109375 0.0296875
3 0.3203125 0.25 0.021875 0.0265625
3 0.375 0.275 0.02109375 0.02734375
3 0.62109375 0.1765625 0.0203125 0.028125
3 0.64765625 0.146875 0.0203125 0.028125
3 0.76875 0.28671875 0.021875 0.0296875
0 0.45859375 0.090625 0.0203125 0.028125
0 0.571875 0.1203125 0.01953125 0.028125
0 0.39921875 0.61796875 0.021875 0.028125
2 0.2049891015625 0.3985488640625 0.21034441875 0.4072234578125 0.2313831390625 0.3794987953125 0.22551780156249998 0.3711643890625 0.219014915625 0.36231971875 0.2127670609375 0.3541554015625 0.2061366703125 0.3543254984375 0.2003988375 0.3568768484375 0.195426046875 0.36078890625 0.1909632875 0.36708223906250004 0.1900707390625 0.37388583125 0.195426046875 0.38443139843749996 0.2003988375 0.39123499375000004 0.2049891015625 0.3985488640625
1 0.20625 0.40625 0.20625 0.42291666718750004 0.225 0.47291666718750003 0.2703125 0.5520833328125 0.303125 0.5833333328125 0.296875 0.6083333328125 0.3125 0.6229166671875 0.3140625 0.6333333328124999 0.3328125 0.6395833328125 0.346875 0.6208333328125 0.365625 0.6125 0.390625 0.5416666671875 0.3625 0.5125 0.3578125 0.4895833328125 0.365625 0.4791666671875 0.3640625 0.47083333281249995 0.3421875 0.4458333328125 0.334375 0.45416666718750004 0.3265625 0.45208333281249996 0.28125 0.3958333328125 0.2515625 0.39375 0.234375 0.38125 0.215625 0.3541666671875 0.2015625 0.3541666671875 0.190625 0.3645833328125 0.190625 0.38333333281250004 0.20625 0.40625