0 0.5169270828125 0.5287037031249999 0.5135416671875 0.534722221875 0.5125 0.5486111109375 0.5153645828125 0.5555555562500001 0.5203125 0.55694444375 0.5260416671875 0.553240740625 0.528125 0.5393518515625 0.52421875 0.5305555562500001 0.5169270828125 0.5287037031249999
1 0.8026041671874999 0.47453703750000004 0.8057291671875 0.4625 0.8052083328125 0.45324074062499997 0.8020833328125001 0.4393518515625 0.7963541671875001 0.4328703703125 0.7953125 0.4263888890625 0.7984375 0.4199074078125 0.8015625 0.396759259375 0.7924479171875001 0.39351851875 0.7856770828124999 0.375 0.7794270828125 0.3740740734375 0.7739583328124999 0.36805555624999997 0.765625 0.3356481484375 0.7708333328125 0.321759259375 0.7692708328125 0.315277778125 0.7653645828125 0.3083333328125 0.7580729171875 0.3101851859375 0.7541666671875 0.303240740625 0.7541666671875 0.29305555625 0.7671875 0.26527777812500003 0.7572916671875001 0.22916666718749998 0.73828125 0.2296296296875 0.7216145828125 0.24444444375000002 0.7130208328125 0.25694444375000003 0.7114583328124999 0.2754629625 0.696875 0.30694444375 0.7005208328125 0.31898148125 0.6981770828125 0.34351851875 0.7018229171875 0.3425925921875 0.7049479171875 0.3351851859375 0.71015625 0.3416666671875 0.7169270828125 0.33888888906250003 0.721875 0.3421296296875 0.7208333328125 0.35694444375 0.7083333328125 0.391203703125 0.7182291671875001 0.4050925921875 0.7096354171875 0.409259259375 0.703125 0.41898148125 0.7005208328125 0.4254629625 0.7005208328125 0.4375 0.7065104171875001 0.4509259265625 0.7138020828125 0.45648148125 0.7221354171875001 0.45277777812500003 0.7299479171875001 0.44166666718750003 0.7328125 0.4578703703125 0.74375 0.47453703750000004 0.7395833328125 0.4893518515625 0.7401041671875 0.49583333281249997 0.7450520828125 0.5046296296875 0.7596354171875 0.5166666671875 0.78359375 0.5101851859375001 0.79453125 0.5388888890625 0.8041666671875 0.541203703125 0.8106770828125001 0.5379629625 0.8140625 0.5319444437499999 0.8145833328125001 0.5254629625 0.8026041671874999 0.47453703750000004
3 0.50859375 0.097222221875 0.503125 0.1050925921875 0.5026041671875 0.11620370312499999 0.5065104171875 0.12592592656249998 0.5119791671875 0.1273148140625 0.5171875 0.1208333328125 0.5182291671875 0.10787037031249999 0.5138020828125 0.0981481484375 0.50859375 0.097222221875
3 0.49817708281249995 0.15648148125 0.4921875 0.1625 0.490625 0.17546296249999999 0.49401041718750005 0.1851851859375 0.5010416671875 0.18657407343750002 0.50625 0.1773148140625 0.50625 0.166203703125 0.50390625 0.1601851859375 0.49817708281249995 0.15648148125
3 0.8075520828125 0.1324074078125 0.8020833328125001 0.13935185156250002 0.8010416671874999 0.15324074062499998 0.8044270828125001 0.1601851859375 0.8125 0.1606481484375 0.8177083328125001 0.1504629625 0.8177083328125001 0.1384259265625 0.81484375 0.13333333281249998 0.8075520828125 0.1324074078125
3 0.1955729171875 0.31851851875000003 0.1911458328125 0.32453703749999996 0.1901041671875 0.3356481484375 0.1966145828125 0.3481481484375 0.20052083281250002 0.34861111093749997 0.20833333281250002 0.34120370312500004 0.2088541671875 0.32824074062499997 0.20442708281250002 0.31944444375000003 0.1955729171875 0.31851851875000003
3 0.18307291718750002 0.3379629625 0.1776041671875 0.34861111093749997 0.178125 0.35694444375 0.1815104171875 0.3648148140625 0.1890625 0.3671296296875 0.19583333281249998 0.36064814843750004 0.1963541671875 0.34861111093749997 0.19140625 0.33888888906250003 0.18307291718750002 0.3379629625
3 0.23671875 0.7398148140624999 0.2283854171875 0.7425925921875 0.22395833281250002 0.753240740625 0.22682291718749997 0.76851851875 0.234375 0.7708333328125 0.23932291718749998 0.7675925921875 0.24322916718749998 0.7550925921875 0.2421875 0.746759259375 0.23671875 0.7398148140624999
3 0.34713541718749996 0.7740740734375 0.34322916718749996 0.7856481484375 0.3447916671875 0.7976851859375 0.34921875 0.8027777781250001 0.3526041671875 0.8023148140625 0.3604166671875 0.790277778125 0.35989583281250004 0.778240740625 0.3544270828125 0.771296296875 0.34713541718749996 0.7740740734375
3 0.5315104171875 0.5388888890625 0.5276041671875 0.5449074078125 0.5260416671875 0.5578703703125 0.5299479171875 0.565740740625 0.5354166671875 0.5671296296875 0.540625 0.5615740734375 0.5421875 0.5504629624999999 0.53828125 0.5398148140625 0.5315104171875 0.5388888890625
3 0.5216145828125 0.48148148125 0.5177083328125 0.4875 0.5171875 0.5023148140625 0.51953125 0.50648148125 0.5265625 0.5078703703125 0.53125 0.5004629625 0.5317708328124999 0.49120370312499995 0.5268229171875001 0.48148148125 0.5216145828125 0.48148148125
3 0.59609375 0.88148148125 0.5921875 0.890277778125 0.5927083328125 0.9004629625 0.5966145828125 0.909259259375 0.6026041671875 0.9106481484375 0.6072916671875 0.9050925921875 0.6083333328125 0.891203703125 0.6033854171875 0.88148148125 0.59609375 0.88148148125
3 0.7393229171875 0.8768518515625001 0.734375 0.8847222218749999 0.734375 0.8949074078124999 0.7377604171875001 0.902777778125 0.7458333328125 0.9050925921875 0.7494791671875001 0.9004629625 0.75 0.8865740734375 0.7466145828124999 0.878703703125 0.7393229171875 0.8768518515625001