3 0.1203125 0.0828125 0.02265625 0.0296875
3 0.146875 0.62265625 0.02265625 0.02734375
3 0.1359375 0.86015625 0.0234375 0.028125
3 0.94609375 0.77734375 0.0234375 0.02890625
3 0.60859375 0.72265625 0.0203125 0.02890625
0 0.57890625 0.421875 0.02109375 0.0265625
3 0.615625 0.4375 0.0203125 0.0265625
3 0.53203125 0.05234375 0.0203125 0.02890625
3 0.9171875 0.028125 0.02109375 0.0265625
2 0.5219316453125 0.5643287078125 0.531655446875 0.5643287078125 0.53790645625 0.5611805515625 0.54082356875 0.5558101828125 0.54082356875 0.5439583390625 0.540684671875 0.5326620359375001 0.53735079375 0.5265509265625 0.5259600625 0.52636575 0.51637519375 0.525625 0.5076237625 0.5254398203124999 0.4987673609375 0.52523148125 0.4988723484375 0.5641435171875 0.5085961515624999 0.5641435171875 0.5219316453125 0.5643287078125
1 0.24375 0.5208333328125 0.2421875 0.5354166671875 0.2453125 0.5645833328125 0.25625 0.56875 0.259375 0.60625 0.2875 0.5979166671875 0.296875 0.60625 0.3 0.5770833328125 0.30625 0.5770833328125 0.3390625 0.6020833328124999 0.3578125 0.6020833328124999 0.3640625 0.6145833328125 0.396875 0.6145833328125 0.4015625 0.6020833328124999 0.465625 0.6 0.4859375 0.5729166671875 0.5375 0.5666666671875 0.5421875 0.55625 0.5390625 0.5270833328125 0.4828125 0.5166666671875 0.4765625 0.5 0.4640625 0.4916666671875 0.4015625 0.48541666718750004 0.3984375 0.475 0.365625 0.475 0.359375 0.4875 0.3203125 0.49583333281249997 0.3 0.5145833328125 0.296875 0.48125 0.2734375 0.48333333281249996 0.2671875 0.4791666671875 0.2703125 0.47291666718750003 0.2640625 0.47291666718750003 0.2578125 0.48125 0.2578125 0.5125 0.24375 0.5208333328125