3 0.14375 0.175 0.02109375 0.02890625
3 0.2 0.12265625 0.02109375 0.02734375
3 0.37890625 0.09453125 0.01875 0.02890625
3 0.60234375 0.0828125 0.0203125 0.028125
3 0.6578125 0.078125 0.01875 0.028125
3 0.65703125 0.11875 0.0203125 0.028125
3 0.66171875 0.27890625 0.01953125 0.028125
3 0.94140625 0.81015625 0.02265625 0.02890625
3 0.66015625 0.69453125 0.021875 0.02890625
2 0.29576895 0.7258181875 0.30426754375 0.7186493265625 0.3128911125 0.7109803203125 0.3242642234375 0.7031446078125 0.325514015625 0.6946420140625 0.32101476406249996 0.68713973125 0.316140571875 0.6786371421874999 0.310766459375 0.66930096875 0.30664215 0.6723018875 0.2992683734375 0.6789705859375 0.29101974375 0.68713973125 0.28089642656249997 0.696142475 0.271593746875 0.7054583328125 0.283271025 0.7346541953125 0.2871453890625 0.7321534359374999 0.29576895 0.7258181875
3 0.2859375 0.775 0.021875 0.028125
0 0.2296875 0.86796875 0.02421875 0.0296875
1 0.165625 0.7375 0.14375 0.75625 0.1390625 0.775 0.1171875 0.7916666671875 0.08125 0.84375 0.0515625 0.8375 0.046875 0.85 0.01875 0.8645833328125001 0.0328125 0.8958333328125001 0.0265625 0.90625 0.03125 0.9270833328125001 0.046875 0.9479166671874999 0.0578125 0.9416666671874999 0.0734375 0.9708333328125001 0.0796875 0.9708333328125001 0.084375 0.9541666671875 0.1078125 0.94375 0.0953125 0.9041666671874999 0.1328125 0.90625 0.1609375 0.8958333328125001 0.1859375 0.8729166671874999 0.1984375 0.88125 0.2125 0.8666666671875 0.223269221875 0.8555754265625 0.21875 0.8458333328125001 0.26875 0.79375 0.2707457109375 0.7730364578125 0.284375 0.7541666671875 0.2828125 0.7395833328125 0.3265625 0.7020833328125 0.315625 0.6708333328125 0.3078125 0.66875 0.2671875 0.70625 0.24375 0.69375 0.165625 0.7375