3 0.5125 0.42890625 0.02109375 0.0265625
3 0.5328125 0.45078125 0.01953125 0.0265625
3 0.5328125 0.478125 0.01953125 0.0265625
3 0.51328125 0.4875 0.01953125 0.02734375
3 0.48984375 0.46640625 0.01953125 0.02734375
3 0.6359375 0.73125 0.02109375 0.028125
3 0.69765625 0.72265625 0.02109375 0.03046875
3 0.8921875 0.671875 0.02265625 0.028125
3 0.93046875 0.65078125 0.0234375 0.02734375
0 0.86875 0.08515625 0.021875 0.02890625
0 0.8609375 0.24453125 0.021875 0.028125
0 0.51015625 0.459375 0.0203125 0.0265625
2 0.33819535156249997 0.33390519531249996 0.3406614015625 0.321477725 0.33668831875 0.3150812375 0.3323042109375 0.30795371718750003 0.32381001875000004 0.30375031875 0.31600083125 0.3022882578125 0.312575753125 0.3090502609375 0.3095616875 0.3183708640625 0.306547621875 0.3276914609375 0.3028485296875 0.3379258421875 0.2990933171875 0.3485482578125 0.327098096875 0.3627807796875 0.332715225 0.3477947140625 0.33819535156249997 0.33390519531249996
1 0.2796875 0.375 0.259375 0.3895833328125 0.234375 0.45 0.209375 0.5229166671875001 0.2078125 0.5645833328125 0.175 0.5604166671875 0.159375 0.5979166671875 0.1703125 0.61875 0.1828125 0.6229166671875 0.184375 0.6333333328124999 0.1984375 0.6458333328125 0.215625 0.65 0.228125 0.6354166671875 0.2578125 0.6458333328125 0.2703125 0.6083333328125 0.2703125 0.5854166671875001 0.29375 0.5729166671875 0.303125 0.55 0.325 0.5520833328125 0.3328125 0.5333333328125 0.3328125 0.5125 0.3203125 0.50625 0.31875 0.49791666718750005 0.3390625 0.42291666718750004 0.3359375 0.39375 0.328125 0.3895833328125 0.325 0.3708333328125 0.340625 0.31875 0.328125 0.30416666718749996 0.3140625 0.3020833328125 0.2984375 0.3479166671875 0.2875 0.3479166671875 0.2796875 0.375