3 0.4359375 0.11171875 0.01875 0.02734375
3 0.3984375 0.36796875 0.01875 0.0234375
3 0.384375 0.39375 0.01953125 0.02578125
3 0.3171875 0.41875 0.01953125 0.025
3 0.27890625 0.52890625 0.0203125 0.02578125
0 0.28671875 0.66953125 0.02109375 0.02734375
3 0.53515625 0.9796875 0.0203125 0.02890625
3 0.96640625 0.984375 0.01953125 0.02734375
0 0.9234375 0.72734375 0.02109375 0.02578125
2 0.34631084843750004 0.4464120359375 0.344782834375 0.45474536875 0.34631084843750004 0.46196759375 0.3502003703125 0.46511575 0.357145928125 0.47011574375 0.36534169843750003 0.47548612500000004 0.372981825 0.479745375 0.382566703125 0.4841898140625 0.394096340625 0.45400463750000003 0.387706425 0.4499305578125 0.37853827500000004 0.44437499999999996 0.3690923140625 0.4391898203125 0.3592361109375 0.43210648125000006 0.3535342390625 0.4345601890625 0.34922798906249997 0.4391898203125 0.34631084843750004 0.4464120359375
1 0.3765625 0.48541666718750004 0.403125 0.51875 0.409375 0.5395833328124999 0.4546875 0.5708333328124999 0.4625 0.5895833328125 0.4859375 0.6041666671875 0.5 0.5979166671875 0.5234375 0.6041666671875 0.5234375 0.6145833328125 0.54375 0.6229166671875 0.553125 0.6354166671875 0.584375 0.5979166671875 0.5921875 0.5270833328125 0.571875 0.5229166671875001 0.5578125 0.50625 0.546875 0.5145833328125 0.5296875 0.49583333281249997 0.5265625 0.48333333281249996 0.5015625 0.46875 0.496875 0.475 0.4734375 0.47083333281249995 0.4421875 0.4479166671875 0.3875 0.45 0.35625 0.43125 0.3484375 0.4375 0.34375 0.4625 0.3765625 0.48541666718750004