3 0.415625 0.3359375 0.02421875 0.0296875
3 0.40078125 0.3640625 0.02265625 0.028125
3 0.33046875 0.3875 0.0234375 0.02890625
3 0.28984375 0.49921875 0.025 0.0296875
0 0.29609375 0.64296875 0.02578125 0.03046875
3 0.54140625 0.96484375 0.02265625 0.03125
3 0.97578125 0.98828125 0.02265625 0.0234375
0 0.94453125 0.73046875 0.02578125 0.03203125
2 0.359118509375 0.42598343125 0.35821592343750003 0.4353101515625 0.3997348734375 0.46058255625 0.41079155 0.42568256875 0.373559884375 0.4025161984375 0.36701613593750004 0.4073299890625 0.361600621875 0.41334722968750004 0.359118509375 0.42598343125
1 0.60859375 0.5166666671875 0.58515625 0.5020833328125 0.56796875 0.5041666671875 0.52265625 0.45 0.50859375 0.45208333281249996 0.46171875 0.425 0.44609375 0.43125 0.40859375 0.4270833328125 0.37734375 0.40416666718750005 0.3609375 0.4135416671875 0.359375 0.434375 0.39765625 0.4604166671875 0.4 0.471875 0.41875 0.490625 0.4234375 0.5114583328125 0.46953125 0.5479166671875 0.47578125 0.5666666671875 0.49609375 0.5791666671875 0.51171875 0.5770833328125 0.53671875 0.5875 0.54296875 0.6 0.5734375 0.621875 0.60625 0.5760416671875 0.603125 0.546875 0.6109375 0.5260416671875 0.60859375 0.5166666671875
3 0.4609375 0.06796875 0.02734375 0.0375