3 0.39921875 0.14765625 0.0171875 0.02421875
3 0.3765625 0.375 0.01796875 0.02421875
3 0.36484375 0.39921875 0.01796875 0.02421875
3 0.30390625 0.42890625 0.01875 0.02421875
3 0.27265625 0.53359375 0.01875 0.02421875
3 0.5421875 0.9390625 0.01953125 0.02890625
3 0.96875 0.89921875 0.0203125 0.02578125
0 0.896875 0.64921875 0.02109375 0.0265625
0 0.2859375 0.66328125 0.02109375 0.025
2 0.330462865625 0.45678241093749994 0.33171306875 0.4638194515625 0.33768625625 0.466597225 0.34560420468749997 0.46937500625000006 0.3539388796875 0.47289351718750006 0.36505179062500004 0.476597225 0.374081025 0.44881944531249995 0.3660241609375 0.44604166718749994 0.3576894859375 0.4425231546875 0.3472711328125 0.43807870156249995 0.3406423609375 0.43543981406250004 0.33560258906249996 0.4395601828125 0.33143524687500003 0.44715278593749996 0.330462865625 0.45678241093749994
1 0.3625 0.48125 0.3921875 0.525 0.434375 0.5458333328125 0.4453125 0.5666666671875 0.46875 0.5791666671875 0.475 0.5791666671875 0.4765625 0.5666666671875 0.509375 0.5666666671875 0.5359375 0.5833333328125 0.54375 0.5583333328125 0.559375 0.5395833328124999 0.5609375 0.5166666671875 0.55625 0.5083333328124999 0.5609375 0.4791666671875 0.553125 0.4791666671875 0.55 0.47083333281249995 0.53125 0.47083333281249995 0.525 0.4625 0.51875 0.4791666671875 0.4890625 0.45625 0.446875 0.44375 0.415625 0.4375 0.4078125 0.4458333328125 0.3796875 0.43958333281249995 0.3703125 0.4458333328125 0.3390625 0.43333333281249997 0.3296875 0.45 0.334375 0.47083333281249995 0.3625 0.48125