3 0.64609375 0.49375 0.01875 0.0390625
3 0.6375 0.1140625 0.01953125 0.03125
3 0.60234375 0.590625 0.0203125 0.03515625
3 0.5921875 0.62734375 0.021875 0.034375
3 0.4515625 0.36875 0.021875 0.0328125
3 0.50625 0.36640625 0.0203125 0.0328125
3 0.53046875 0.58359375 0.01875 0.03125
0 0.77734375 0.76484375 0.01796875 0.03125
3 0.70390625 0.8453125 0.02109375 0.03359375
1 0.27578125 0.8671875 0.3390625 0.80078125 0.33125 0.73828125 0.30390625 0.6890625 0.2859375 0.70234375 0.27265625 0.7234375 0.25546875 0.715625 0.240625 0.72890625 0.2328125 0.73828125 0.234375 0.76171875 0.22421875 0.765625 0.20859375 0.7875 0.2015625 0.78671875 0.20078125 0.775 0.19609375 0.7859375 0.184375 0.78359375 0.18125 0.79765625 0.19375 0.80390625 0.18125 0.82109375 0.175 0.85859375 0.15859375 0.86875 0.1484375 0.88515625 0.146875 0.90078125 0.15390625 0.9171875 0.16328125 0.91875 0.19453125 0.8984375 0.20859375 0.9015625 0.2296875 0.92734375 0.2359375 0.92265625 0.234375 0.89296875 0.2625 0.86015625 0.27578125 0.8671875
3 0.58828125 0.46015625 0.01953125 0.028125
3 0.4234375 0.41015625 0.01953125 0.03125
3 0.6671875 0.46328125 0.02109375 0.02890625