3 0.38125 0.89921875 0.0171875 0.02578125
3 0.17109375 0.89453125 0.01953125 0.034375
3 0.2390625 0.7953125 0.015625 0.03359375
3 0.45234375 0.36953125 0.015625 0.03203125
3 0.2 0.7203125 0.01484375 0.028125
3 0.29453125 0.12265625 0.0171875 0.03125
3 0.6390625 0.1125 0.01484375 0.03125
3 0.5046875 0.3765625 0.01796875 0.03046875
0 0.4890625 0.21328125 0.01640625 0.034375
3 0.57421875 0.403125 0.0171875 0.02890625
3 0.4484375 0.1609375 0.01484375 0.0296875
1 0.7942708328125 0.7921296296875 0.7901041671875 0.7708333328125 0.7901041671875 0.7523148140625 0.79375 0.7421296296875 0.7963541671875001 0.7236111109375 0.7924479171875001 0.7166666671875 0.7888020828125 0.722222221875 0.7841145828125 0.7212962968750001 0.7809895828125 0.725 0.7736979171875 0.722222221875 0.76015625 0.703703703125 0.7557291671875 0.6921296296875 0.7572916671875001 0.6800925921875 0.7533854171875001 0.671296296875 0.7479166671875 0.6671296296875 0.7442708328125 0.6560185187500001 0.75 0.6421296296875 0.75 0.6328703703125 0.7458333328125 0.628240740625 0.7377604171875001 0.6074074078125 0.72265625 0.5935185187500001 0.7143229171875001 0.5962962968750001 0.71015625 0.609259259375 0.6997395828124999 0.6166666671875001 0.69375 0.6254629625 0.6895833328125 0.6476851859375 0.6776041671875 0.6754629624999999 0.6817708328125 0.6949074078125 0.6877604171875 0.6944444437499999 0.6973958328125 0.7115740734375 0.6953125 0.7143518515625 0.6953125 0.721759259375 0.7036458328124999 0.7254629625 0.70234375 0.7361111109375 0.6950520828125 0.7379629624999999 0.6901041671875 0.74398148125 0.6901041671875 0.7597222218749999 0.6955729171875 0.771296296875 0.70234375 0.777777778125 0.7065104171875001 0.7796296296875 0.7174479171875 0.7740740734375 0.72265625 0.7898148140625 0.7294270828125 0.7990740734374999 0.73359375 0.8 0.7359375 0.8115740734375001 0.7296875 0.8236111109375001 0.7377604171875001 0.8388888890624999 0.7466145828124999 0.8435185187500001 0.74921875 0.8333333328125001 0.7622395828124999 0.8361111109375001 0.7653645828125 0.8324074078124999 0.7671875 0.8384259265624999 0.76328125 0.8444444437499999 0.78046875 0.8462962968750001 0.78359375 0.8583333328125 0.79375 0.8625 0.80546875 0.85555555625 0.8072916671874999 0.8449074078125 0.7942708328125 0.808796296875 0.7942708328125 0.7921296296875