3 0.290625 0.11328125 0.0203125 0.03125
3 0.4203125 0.40703125 0.01484375 0.02578125
3 0.45078125 0.36640625 0.01640625 0.03125
3 0.55 0.3953125 0.01640625 0.02890625
3 0.2734375 0.54140625 0.02109375 0.03359375
3 0.24921875 0.88046875 0.01875 0.03359375
3 0.4609375 0.1546875 0.0203125 0.03203125
3 0.63828125 0.11328125 0.01640625 0.03203125
3 0.54609375 0.2515625 0.0203125 0.028125
1 0.6822916671875 0.89398148125 0.6822916671875 0.8856481484375 0.6947916671875001 0.8763888890624999 0.696875 0.8615740734375 0.6921875 0.8513888890624999 0.6927083328125 0.8458333328125001 0.7052083328125 0.815277778125 0.7161458328125 0.8013888890624999 0.7205729171875 0.784259259375 0.7307291671875 0.7884259265625 0.7286458328125 0.7671296296875 0.73359375 0.76944444375 0.7359375 0.758796296875 0.74140625 0.753703703125 0.7432291671875 0.746759259375 0.73515625 0.74444444375 0.7307291671875 0.7328703703125 0.734375 0.7208333328125 0.7328125 0.7115740734375 0.734375 0.7023148140625 0.7333333328125 0.6828703703125 0.7458333328125 0.6356481484375001 0.74375 0.6208333328125 0.73359375 0.6111111109375 0.7283854171875 0.6111111109375 0.7234375 0.6171296296875 0.71015625 0.6583333328125 0.70234375 0.6481481484375 0.6981770828125 0.6481481484375 0.6901041671875 0.6643518515625 0.68671875 0.6777777781250001 0.6783854171875 0.665740740625 0.6776041671875 0.6708333328125 0.6807291671875 0.6763888890625 0.6760416671875 0.6893518515625 0.665625 0.7041666671875 0.6591145828125 0.73148148125 0.65078125 0.7111111109375 0.6455729171875 0.7101851859375 0.6380208328125 0.7199074078125001 0.6333333328124999 0.7328703703125 0.6338541671875 0.7458333328125 0.63984375 0.75555555625 0.64609375 0.759259259375 0.6479166671875001 0.765277778125 0.6416666671875 0.7791666671875 0.6416666671875 0.7893518515625 0.6458333328125 0.816203703125 0.6489583328124999 0.8236111109375001 0.65 0.8439814812499999 0.6481770828125 0.8490740734375001 0.63515625 0.8481481484375 0.6244791671875001 0.8791666671874999 0.61875 0.8856481484375 0.61875 0.89305555625 0.62734375 0.8990740734375 0.6361979171875001 0.9111111109375001 0.6390625 0.91805555625 0.6385416671875 0.9291666671875 0.6486979171875 0.9444444437499999 0.6580729171875 0.9518518515625001 0.6869791671875001 0.9578703703125001 0.6958333328124999 0.91805555625 0.6880208328124999 0.9050925921875 0.6864583328125 0.8958333328125001 0.6822916671875 0.89398148125
1 0.6875 0.9041666671874999 0.6864583328125 0.89305555625 0.6822916671875 0.8949074078124999 0.6817708328125 0.8856481484375 0.6947916671875001 0.8763888890624999 0.696875 0.8625 0.6916666671875 0.8513888890624999 0.6927083328125 0.8439814812499999 0.7057291671875 0.8143518515625001 0.7161458328125 0.8013888890624999 0.7205729171875 0.784259259375 0.7307291671875 0.7884259265625 0.7296875 0.7754629625 0.725 0.7736111109375 0.7294270828125 0.7648148140625 0.73359375 0.76944444375 0.7364583328125 0.7569444437499999 0.7416666671875001 0.753240740625 0.7421875 0.746759259375 0.7341145828125 0.74351851875 0.7307291671875 0.73194444375 0.734375 0.7199074078125001 0.7328125 0.7125 0.734375 0.6986111109375 0.7333333328125 0.683796296875 0.7458333328125 0.6356481484375001 0.7458333328125 0.628240740625 0.7419270828125 0.6175925921875 0.73359375 0.6111111109375 0.7283854171875 0.6111111109375 0.7234375 0.6171296296875 0.71015625 0.6583333328125 0.7065104171875001 0.6518518515625 0.6986979171875001 0.647222221875 0.690625 0.6634259265625 0.68671875 0.6777777781250001 0.6815104171875 0.6731481484375 0.6765625 0.6884259265625 0.6661458328125 0.703240740625 0.6591145828125 0.7324074078125 0.6513020828125 0.7120370375 0.64609375 0.7101851859375 0.6380208328125 0.7199074078125001 0.6333333328124999 0.733796296875 0.6338541671875 0.7458333328125 0.6393229171875 0.7546296296875 0.64609375 0.759259259375 0.6479166671875001 0.766203703125 0.6421875 0.7773148140624999 0.6416666671875 0.7893518515625 0.6458333328125 0.8171296296874999 0.6489583328124999 0.8236111109375001 0.65 0.8439814812499999 0.6471354171875 0.85 0.63515625 0.8481481484375 0.625 0.878240740625 0.61875 0.8865740734375 0.61875 0.89305555625 0.62734375 0.8990740734375 0.6372395828124999 0.9129629625 0.6390625 0.91805555625 0.6385416671875 0.9291666671875 0.6497395828125 0.9453703703125 0.6580729171875 0.9518518515625001 0.6869791671875001 0.9578703703125001 0.6890625 0.94305555625 0.6958333328124999 0.9208333328125 0.69375 0.9115740734375001 0.6875 0.9041666671874999