3 0.45 0.3671875 0.01796875 0.03046875
3 0.27109375 0.125 0.01875 0.0328125
3 0.21953125 0.77109375 0.02109375 0.03125
3 0.315625 0.07109375 0.01796875 0.03515625
3 0.596875 0.43984375 0.015625 0.03125
3 0.5046875 0.3640625 0.0171875 0.02890625
3 0.171875 0.065625 0.0203125 0.03203125
3 0.2421875 0.06640625 0.01953125 0.03203125
3 0.1640625 0.9109375 0.01953125 0.034375
3 0.55625 0.540625 0.0171875 0.03046875
3 0.17421875 0.8515625 0.01953125 0.0328125
0 0.77890625 0.76484375 0.01875 0.03046875
1 0.2244791671875 0.46157407343749995 0.2192708328125 0.45324074062499997 0.22265625 0.447222221875 0.22734375 0.44629629687500005 0.2299479171875 0.45555555625000005 0.2361979171875 0.4601851859375 0.24765625 0.4620370375 0.26328125 0.4583333328125 0.2705729171875 0.4546296296875 0.271875 0.4421296296875 0.2783854171875 0.43055555625 0.2825520828125 0.42870370312499995 0.2848958328125 0.4328703703125 0.2838541671875 0.45046296249999995 0.28984375 0.46296296249999996 0.2986979171875 0.465740740625 0.30703125 0.4574074078125 0.3140625 0.44120370312499996 0.3135416671875 0.43101851875 0.3083333328125 0.41805555625 0.3174479171875 0.41111111093749997 0.3260416671875 0.396759259375 0.3270833328125 0.39027777812500003 0.3333333328125 0.3828703703125 0.3333333328125 0.3754629625 0.32864583281250004 0.36990740781250003 0.3299479171875 0.3638888890625 0.3341145828125 0.36666666718749996 0.34765625 0.3518518515625 0.3536458328125 0.35046296250000003 0.3557291671875 0.34120370312500004 0.3515625 0.32083333281250004 0.36380208281250004 0.30555555624999997 0.3684895828125 0.3018518515625 0.37265625 0.303703703125 0.37552083281250004 0.2986111109375 0.3786458328125 0.2865740734375 0.3770833328125 0.26898148125 0.3700520828125 0.25648148125 0.36640625 0.25555555625 0.34296875 0.27777777812500004 0.3372395828125 0.2796296296875 0.33359375 0.28611111093749997 0.32473958281250004 0.2833333328125 0.3190104171875 0.290740740625 0.3111979171875 0.2898148140625 0.3059895828125 0.27870370312500004 0.2986979171875 0.29814814843750004 0.28359375 0.29444444375 0.26223958281250004 0.3231481484375 0.24609375 0.3361111109375 0.24114583281250002 0.3495370375 0.24114583281250002 0.3634259265625 0.2325520828125 0.375 0.22369791718749998 0.38240740781250004 0.2153645828125 0.3768518515625 0.2075520828125 0.38333333281250004 0.2052083328125 0.38935185156249996 0.20572916718749998 0.3976851859375 0.20026041718749998 0.40648148125 0.19609375 0.40648148125 0.1846354171875 0.38240740781250004 0.17734375 0.3740740734375 0.1716145828125 0.3851851859375 0.1559895828125 0.3981481484375 0.1541666671875 0.403240740625 0.1546875 0.4125 0.1609375 0.4384259265625 0.1598958328125 0.4513888890625 0.1640625 0.46527777812500004 0.1731770828125 0.48425925937500003 0.1856770828125 0.4861111109375 0.20026041718749998 0.5120370375000001 0.2046875 0.515277778125 0.21588541718749998 0.4981481484375 0.22421875 0.503703703125 0.2286458328125 0.5023148140625 0.2244791671875 0.46157407343749995