3 0.59921875 0.8953125 0.015625 0.0328125
3 0.78359375 0.6546875 0.0171875 0.03359375
3 0.72734375 0.8234375 0.01796875 0.0296875
3 0.5578125 0.9140625 0.01953125 0.03125
3 0.18984375 0.328125 0.02109375 0.03046875
3 0.5015625 0.17734375 0.0171875 0.0328125
0 0.8109375 0.1484375 0.01953125 0.03515625
3 0.52421875 0.5609375 0.01640625 0.028125
3 0.51015625 0.115625 0.01953125 0.0328125
3 0.70625 0.86015625 0.0171875 0.02890625
3 0.74140625 0.89140625 0.01640625 0.03203125
3 0.7265625 0.86640625 0.01640625 0.02890625
1 0.4796875 0.58101851875 0.4796875 0.5606481484375 0.4734375 0.5449074078125 0.4734375 0.51805555625 0.47109375 0.509259259375 0.46119791718750003 0.5120370375000001 0.4544270828125 0.5046296296875 0.44296875 0.5138888890625 0.43984375 0.5074074078125 0.4390625 0.5245370375 0.43515625 0.5351851859375001 0.42734375 0.5166666671875 0.40911458281249996 0.5129629625 0.40833333281249995 0.48842592656250006 0.40390625 0.48425925937500003 0.38359375 0.48055555625 0.3807291671875 0.48564814843750004 0.3796875 0.5004629625 0.3768229171875 0.50555555625 0.3721354171875 0.4953703703125 0.36328125 0.490740740625 0.3575520828125 0.47407407343749997 0.3372395828125 0.46944444374999994 0.3216145828125 0.48055555625 0.30859375 0.5129629625 0.27578125 0.50648148125 0.27005208281250004 0.5111111109375 0.26614583281250004 0.521759259375 0.265625 0.5375 0.26901041718749996 0.547222221875 0.3028645828125 0.55648148125 0.3078125 0.5754629625 0.3143229171875 0.5796296296875 0.31796875 0.5879629625 0.32369791718749996 0.5824074078125 0.3309895828125 0.58148148125 0.3328125 0.590277778125 0.3322916671875 0.6050925921875 0.3268229171875 0.621296296875 0.3341145828125 0.621296296875 0.3416666671875 0.6115740734374999 0.34453125 0.6018518515625 0.3533854171875 0.6 0.3690104171875 0.6009259265625 0.3721354171875 0.621296296875 0.39296875 0.625 0.396875 0.621759259375 0.40026041718750005 0.6018518515625 0.4205729171875 0.6101851859375 0.43203125 0.5944444437499999 0.4348958328125 0.6004629625 0.43567708281249995 0.628703703125 0.45078125 0.628703703125 0.45989583281249996 0.633796296875 0.4692708328125 0.6263888890625 0.4703125 0.603240740625 0.4760416671875 0.5958333328125 0.4796875 0.58101851875