3 0.45390625 0.36796875 0.01640625 0.0328125
3 0.38359375 0.89921875 0.01875 0.03046875
3 0.17421875 0.89453125 0.0203125 0.0328125
3 0.2 0.7234375 0.01796875 0.03046875
3 0.29453125 0.1234375 0.0171875 0.0328125
3 0.5734375 0.40390625 0.015625 0.0296875
3 0.63828125 0.11484375 0.01640625 0.028125
3 0.44921875 0.1625 0.01640625 0.03046875
3 0.2375 0.77890625 0.01875 0.03515625
3 0.3875 0.35703125 0.01640625 0.02734375
0 0.4890625 0.21328125 0.01640625 0.03125
1 0.7927083328125 0.790277778125 0.7890625 0.7791666671875 0.7833333328125 0.7736111109375 0.7885416671875001 0.7430555562500001 0.7846354171875001 0.74351851875 0.7690104171875001 0.7148148140624999 0.7643229171875 0.715740740625 0.7557291671875 0.7050925921875 0.7536458328125 0.6976851859375001 0.7552083328125 0.6773148140624999 0.7432291671875 0.6578703703125 0.7505208328124999 0.6347222218749999 0.7453125 0.6291666671875 0.7390625 0.6106481484375 0.7221354171875001 0.5935185187500001 0.7158854171875 0.597222221875 0.70859375 0.6129629624999999 0.7018229171875 0.615740740625 0.6942708328125 0.6254629625 0.6895833328125 0.6504629625 0.678125 0.6763888890625 0.6825520828125 0.6953703703125 0.6872395828125 0.6925925921875 0.6979166671875 0.708796296875 0.6989583328125 0.7115740734375 0.6953125 0.721759259375 0.7026041671875001 0.7254629625 0.69921875 0.7333333328125 0.69453125 0.7351851859375 0.6875 0.746759259375 0.6890625 0.7597222218749999 0.6981770828125 0.775 0.70546875 0.7814814812499999 0.7143229171875001 0.7731481484375 0.7169270828125 0.7740740734375 0.7236979171875 0.7888888890625 0.7325520828125 0.7981481484375 0.7369791671875 0.808796296875 0.7369791671875 0.8143518515625001 0.7330729171875 0.815740740625 0.73125 0.8226851859375 0.7330729171875 0.83055555625 0.7354166671875 0.8300925921875001 0.73671875 0.8166666671874999 0.74140625 0.8194444437499999 0.7450520828125 0.8148148140625 0.74921875 0.81851851875 0.7515625 0.8273148140625001 0.75703125 0.8351851859374999 0.77109375 0.8259259265625 0.78671875 0.8601851859374999 0.7947916671875 0.8625 0.8013020828125 0.8601851859374999 0.8057291671875 0.8430555562500001 0.7932291671875 0.808796296875 0.7927083328125 0.790277778125