3 0.6640625 0.6234375 0.01796875 0.0328125
3 0.596875 0.56640625 0.02109375 0.034375
3 0.44453125 0.4953125 0.01875 0.03203125
3 0.5953125 0.6625 0.01875 0.0375
3 0.4796875 0.49296875 0.015625 0.0296875
3 0.5640625 0.10078125 0.01796875 0.03125
3 0.45078125 0.08125 0.015625 0.0296875
3 0.59296875 0.4984375 0.01796875 0.03046875
3 0.16015625 0.915625 0.01796875 0.03203125
3 0.1703125 0.065625 0.01640625 0.03046875
3 0.4890625 0.421875 0.01171875 0.028125
0 0.4796875 0.4453125 0.01796875 0.03359375