3 0.38125 0.89921875 0.015625 0.02734375
3 0.23828125 0.7953125 0.01796875 0.0359375
3 0.16640625 0.9125 0.01796875 0.03046875
3 0.2109375 0.77109375 0.01953125 0.034375
3 0.290625 0.1265625 0.01875 0.0359375
3 0.18125 0.86796875 0.01953125 0.03125
3 0.44375 0.49140625 0.015625 0.02734375
3 0.49140625 0.23359375 0.0171875 0.03125
0 0.25546875 0.796875 0.01796875 0.03125
3 0.1625 0.88046875 0.0171875 0.03203125
3 0.30859375 0.13125 0.01640625 0.0328125
1 0.79375 0.7921296296875 0.790625 0.7773148140624999 0.7911458328125 0.7597222218749999 0.7890625 0.7541666671875 0.7947916671875 0.733796296875 0.7947916671875 0.721759259375 0.7924479171875001 0.7194444437499999 0.78046875 0.727777778125 0.7747395828125 0.7240740734375 0.7690104171875001 0.7120370375 0.7591145828125 0.7074074078125 0.7557291671875 0.6958333328124999 0.75625 0.6763888890625 0.74375 0.6569444437499999 0.7510416671875 0.6347222218749999 0.7447916671875 0.6263888890625 0.7377604171875001 0.6074074078125 0.7278645828125 0.6009259265625 0.7221354171875001 0.5925925921874999 0.7153645828124999 0.597222221875 0.7080729171875 0.6129629624999999 0.69921875 0.6175925921875 0.6942708328125 0.6254629625 0.6895833328125 0.6495370375 0.678125 0.6754629624999999 0.6825520828125 0.69351851875 0.6893229171875 0.6944444437499999 0.6973958328125 0.708796296875 0.6953125 0.721759259375 0.7036458328124999 0.7254629625 0.6885416671875 0.74398148125 0.6901041671875 0.7606481484375001 0.7033854171875 0.7796296296875 0.7174479171875 0.7768518515625 0.7231770828124999 0.7879629625 0.7354166671875 0.8013888890624999 0.73828125 0.8148148140625 0.74140625 0.8175925921875 0.74609375 0.8138888890624999 0.75546875 0.8324074078124999 0.7627604171875 0.8324074078124999 0.7690104171875001 0.8240740734375 0.7731770828125 0.8259259265625 0.7861979171875 0.8583333328125 0.7908854171875 0.8620370375 0.8005208328125001 0.8615740734375 0.8046875 0.8523148140625001 0.8057291671875 0.8421296296874999 0.7932291671875 0.8078703703125001 0.79375 0.7921296296875