3 0.66484375 0.62265625 0.01796875 0.03203125
3 0.596875 0.56484375 0.0171875 0.03125
3 0.54453125 0.33828125 0.0171875 0.0265625
3 0.44375 0.49375 0.0171875 0.02890625
3 0.5953125 0.6609375 0.01796875 0.03359375
3 0.5640625 0.10078125 0.01640625 0.03046875
3 0.5921875 0.49921875 0.01640625 0.028125
3 0.4796875 0.4921875 0.015625 0.0296875
3 0.159375 0.915625 0.01796875 0.03203125
3 0.45234375 0.0828125 0.01796875 0.03203125
3 0.17265625 0.0671875 0.02109375 0.0328125
0 0.48125 0.440625 0.015625 0.0296875