3 0.8078125 0.15 0.01875 0.02890625
3 0.71328125 0.44140625 0.0171875 0.03046875
3 0.81171875 0.3921875 0.0171875 0.0296875
3 0.50390625 0.90859375 0.01796875 0.0359375
3 0.528125 0.61484375 0.0171875 0.03203125
3 0.78984375 0.17734375 0.01796875 0.02734375
3 0.80546875 0.25546875 0.0171875 0.03046875
3 0.49609375 0.115625 0.01953125 0.0328125
3 0.80703125 0.809375 0.01640625 0.0296875
3 0.65625 0.1453125 0.01796875 0.03203125
0 0.18984375 0.9265625 0.0203125 0.03515625
3 0.7875 0.76171875 0.0171875 0.0265625
1 0.7515625 0.9069444437499999 0.7494791671875001 0.8763888890624999 0.7401041671875 0.866203703125 0.73359375 0.825 0.7294270828125 0.828703703125 0.7174479171875 0.828703703125 0.70859375 0.815740740625 0.7072916671875 0.8236111109375001 0.7088541671875 0.8680555562500001 0.6966145828125 0.871296296875 0.6924479171875 0.85 0.6861979171875 0.8444444437499999 0.6830729171875001 0.8370370375 0.66328125 0.8231481484375 0.65390625 0.81851851875 0.6455729171875 0.83148148125 0.63515625 0.83055555625 0.6348958328125 0.8236111109375001 0.640625 0.8143518515625001 0.6401041671875001 0.79398148125 0.63671875 0.7870370375 0.63203125 0.784259259375 0.6221354171875 0.784259259375 0.61640625 0.7879629625 0.6130208328125 0.7949074078125 0.6127604171875001 0.81851851875 0.5924479171875 0.80648148125 0.5901041671875 0.808796296875 0.5973958328125 0.816203703125 0.5794270828125 0.8333333328125001 0.5776041671875001 0.828240740625 0.5796875 0.8125 0.5763020828125 0.8111111109375001 0.5669270828124999 0.8361111109375001 0.5557291671875 0.8384259265624999 0.5541666671875001 0.8439814812499999 0.5557291671875 0.858796296875 0.55390625 0.8629629624999999 0.5268229171875001 0.8638888890624999 0.521875 0.86898148125 0.5203125 0.8763888890624999 0.5208333328125 0.8995370375 0.5231770828125 0.9083333328125001 0.5690104171875 0.9138888890624999 0.5768229171875 0.9305555562500001 0.5846354171875 0.9351851859375 0.5893229171875001 0.946296296875 0.59921875 0.9518518515625001 0.6080729171875 0.9518518515625001 0.6315104171875 0.9361111109375001 0.63984375 0.9370370375 0.6518229171875001 0.9259259265625 0.67109375 0.922222221875 0.68671875 0.9333333328125001 0.6955729171875 0.934259259375 0.6984375 0.93194444375 0.70078125 0.9231481484374999 0.7033854171875 0.922222221875 0.7127604171875 0.9240740734375 0.7177083328125 0.9513888890625 0.7205729171875 0.9574074078124999 0.7234375 0.9578703703125001 0.7463541671875 0.95601851875 0.7453125 0.9254629624999999 0.7505208328124999 0.915277778125 0.7515625 0.9069444437499999