3 0.38046875 0.9 0.01640625 0.03046875
3 0.72890625 0.246875 0.0171875 0.03203125
3 0.76953125 0.24140625 0.01953125 0.02734375
3 0.55 0.553125 0.015625 0.02890625
3 0.6890625 0.81015625 0.0171875 0.0328125
3 0.65703125 0.15078125 0.01875 0.03046875
3 0.32578125 0.87421875 0.01953125 0.034375
3 0.48046875 0.88984375 0.0171875 0.0328125
3 0.44375 0.49296875 0.01796875 0.02890625
0 0.6875 0.559375 0.01953125 0.03046875
3 0.61796875 0.5296875 0.01640625 0.028125
0 0.69765625 0.525 0.0171875 0.02578125