3 0.18984375 0.14453125 0.0203125 0.03203125
3 0.28828125 0.51875 0.015625 0.03046875
3 0.3640625 0.4703125 0.0171875 0.0296875
3 0.2421875 0.28359375 0.01640625 0.03125
3 0.34921875 0.70546875 0.01640625 0.03203125
3 0.3734375 0.6078125 0.01484375 0.02734375
3 0.21171875 0.6921875 0.0171875 0.0296875
3 0.18125 0.06640625 0.01953125 0.0296875
3 0.16484375 0.5171875 0.01640625 0.028125
0 0.2453125 0.56484375 0.021875 0.0328125
3 0.19765625 0.0703125 0.01796875 0.0328125
3 0.46171875 0.1140625 0.0171875 0.028125