3 0.7875 0.75859375 0.021875 0.02890625
3 0.80703125 0.80703125 0.01953125 0.0296875
3 0.5265625 0.61171875 0.01796875 0.02578125
3 0.5046875 0.90859375 0.0203125 0.03359375
3 0.17734375 0.86796875 0.02109375 0.02890625
3 0.178125 0.9296875 0.01875 0.03203125
3 0.76484375 0.19609375 0.01796875 0.03125
3 0.68359375 0.14296875 0.0171875 0.03515625
3 0.4953125 0.1140625 0.01875 0.03125
1 0.5359375 0.27890625 0.51484375 0.2640625 0.50078125 0.2890625 0.475 0.24296875 0.46015625 0.2296875 0.45390625 0.2328125 0.440625 0.21640625 0.4375 0.19453125 0.41953125 0.1765625 0.40390625 0.175 0.37734375 0.1890625 0.35390625 0.1765625 0.346875 0.18671875 0.346875 0.21015625 0.3765625 0.23984375 0.375 0.26328125 0.39375 0.28203125 0.390625 0.30390625 0.40390625 0.3046875 0.4234375 0.32265625 0.41875 0.34765625 0.4265625 0.36171875 0.43984375 0.3703125 0.45234375 0.3421875 0.45859375 0.35625 0.48515625 0.3484375 0.4859375 0.37109375 0.5125 0.39609375 0.5390625 0.33828125 0.5359375 0.31953125 0.5421875 0.29140625 0.5359375 0.27890625
0 0.1953125 0.07890625 0.02109375 0.03359375