3 0.64609375 0.49453125 0.01640625 0.02890625
3 0.45 0.3671875 0.0140625 0.0296875
3 0.60078125 0.590625 0.015625 0.03046875
3 0.590625 0.628125 0.0140625 0.028125
3 0.665625 0.46015625 0.0171875 0.02734375
3 0.70390625 0.84453125 0.01640625 0.0328125
3 0.4234375 0.41015625 0.0140625 0.02734375
3 0.5046875 0.3625 0.01796875 0.02890625
3 0.53125 0.584375 0.0140625 0.02578125
3 0.5875 0.4609375 0.01484375 0.028125
3 0.63828125 0.1125 0.015625 0.03046875
0 0.778125 0.7640625 0.01953125 0.03203125
1 0.25338541718749996 0.8703703703125001 0.26223958281250004 0.85648148125 0.2747395828125 0.865740740625 0.3127604171875 0.821296296875 0.32265625 0.8166666671874999 0.32734375 0.8055555562500001 0.3369791671875 0.8004629624999999 0.3375 0.7828703703125 0.33125 0.7643518515625 0.3307291671875 0.7393518515624999 0.3252604171875 0.725 0.3161458328125 0.715277778125 0.3059895828125 0.6898148140625 0.30234375 0.6870370375 0.2981770828125 0.6944444437499999 0.28984375 0.696296296875 0.2794270828125 0.7138888890625 0.2716145828125 0.7203703703125 0.2549479171875 0.7148148140624999 0.2328125 0.7393518515624999 0.2348958328125 0.753240740625 0.23307291718749998 0.7601851859375001 0.22109375 0.7648148140625 0.2127604171875 0.7805555562500001 0.20442708281250002 0.7898148140625 0.20052083281250002 0.7884259265625 0.20026041718749998 0.777777778125 0.1973958328125 0.8023148140625 0.18828125 0.8083333328125001 0.1807291671875 0.8208333328125 0.1786458328125 0.8495370375 0.1760416671875 0.8578703703125001 0.1736979171875 0.8620370375 0.1575520828125 0.8703703703125001 0.1510416671875 0.88101851875 0.1473958328125 0.89305555625 0.15 0.9069444437499999 0.15703125 0.915740740625 0.16640625 0.9138888890624999 0.1872395828125 0.897222221875 0.20078125 0.897222221875 0.21119791718749997 0.9037037031249999 0.21796875 0.902777778125 0.22734375 0.9240740734375 0.23072916718749997 0.9236111109375 0.23333333281250002 0.9208333328125 0.2270833328125 0.9078703703125001 0.22890625 0.8925925921875001 0.25338541718749996 0.8703703703125001