3 0.5484375 0.146875 0.015625 0.03203125
3 0.67734375 0.303125 0.01796875 0.02890625
3 0.45234375 0.3890625 0.0171875 0.0296875
3 0.659375 0.58984375 0.01796875 0.02890625
3 0.59921875 0.68125 0.01796875 0.03203125
3 0.63359375 0.43828125 0.015625 0.03515625
3 0.24140625 0.284375 0.0203125 0.03046875
3 0.43125 0.51484375 0.01796875 0.028125
3 0.7421875 0.1328125 0.01875 0.0328125
3 0.453125 0.15390625 0.01796875 0.0296875
3 0.6296875 0.6453125 0.01796875 0.03125
0 0.7546875 0.7234375 0.01796875 0.03203125