3 0.45 0.36953125 0.0140625 0.02890625
3 0.5578125 0.540625 0.015625 0.02734375
3 0.59296875 0.45078125 0.01484375 0.0265625
3 0.484375 0.41015625 0.015625 0.02890625
3 0.2171875 0.7703125 0.0171875 0.03125
3 0.1703125 0.065625 0.0171875 0.0328125
3 0.3140625 0.07265625 0.0171875 0.0359375
3 0.2421875 0.065625 0.01953125 0.0296875
3 0.1625 0.91171875 0.01640625 0.0328125
3 0.26796875 0.1296875 0.0203125 0.0296875
3 0.1734375 0.85234375 0.01796875 0.0296875
0 0.79375 0.78828125 0.01796875 0.03203125