3 0.796875 0.86640625 0.01640625 0.03125
3 0.59921875 0.68203125 0.01875 0.034375
3 0.44453125 0.49453125 0.01796875 0.03046875
3 0.47734375 0.39140625 0.01796875 0.03203125
3 0.5640625 0.1015625 0.01640625 0.03125
3 0.57421875 0.4921875 0.01796875 0.03359375
3 0.45234375 0.0828125 0.01953125 0.0328125
3 0.17265625 0.06796875 0.02109375 0.03359375
3 0.16015625 0.915625 0.01796875 0.03203125
3 0.4796875 0.49296875 0.01640625 0.03046875
3 0.58515625 0.60390625 0.01796875 0.03203125
0 0.784375 0.10234375 0.0171875 0.034375