3 0.45078125 0.3671875 0.01875 0.03125
3 0.4203125 0.40546875 0.01640625 0.02890625
3 0.2734375 0.5421875 0.01875 0.03203125
3 0.2953125 0.1234375 0.01875 0.03359375
3 0.64140625 0.8765625 0.01875 0.0296875
3 0.24921875 0.8796875 0.01875 0.03359375
3 0.63828125 0.11484375 0.015625 0.03125
3 0.46171875 0.14921875 0.015625 0.03359375
0 0.57265625 0.2015625 0.015625 0.03359375
3 0.44765625 0.16640625 0.01640625 0.03125
3 0.66171875 0.87578125 0.0171875 0.03203125
1 0.7263020828125 0.5388888890625 0.73984375 0.5398148140625 0.74453125 0.5314814812499999 0.75390625 0.5296296296875 0.7684895828125 0.5 0.7856770828124999 0.5 0.79296875 0.4953703703125 0.796875 0.48564814843750004 0.796875 0.47268518593750003 0.7893229171875 0.4601851859375 0.76640625 0.4620370375 0.7596354171875 0.459259259375 0.7520833328125 0.446759259375 0.7497395828125 0.4370370375 0.74140625 0.43981481406249995 0.7294270828125 0.4370370375 0.72265625 0.44166666718750003 0.7018229171875 0.44629629687500005 0.6950520828125 0.427777778125 0.67265625 0.43148148124999997 0.66640625 0.44351851875000003 0.6356770828125 0.44629629687500005 0.6328125 0.45324074062499997 0.6348958328125 0.48101851875 0.6307291671875 0.49583333281249997 0.6307291671875 0.5078703703125 0.6380208328125 0.5310185187500001 0.6421875 0.5615740734375 0.6596354171875001 0.5629629625 0.6674479171875001 0.5555555562500001 0.6747395828125 0.5546296296875 0.6783854171875 0.5629629625 0.6833333328125 0.5643518515625 0.70390625 0.5601851859375 0.7059895828125 0.5416666671875 0.71640625 0.54444444375 0.7263020828125 0.5388888890625