3 0.4984375 0.17265625 0.01875 0.03125
3 0.51015625 0.49375 0.0171875 0.02578125
3 0.6 0.8953125 0.01953125 0.0328125
3 0.8078125 0.146875 0.015625 0.02734375
3 0.740625 0.89140625 0.01796875 0.03046875
3 0.5109375 0.115625 0.021875 0.0359375
3 0.35234375 0.78046875 0.01875 0.03515625
3 0.5578125 0.915625 0.0171875 0.03203125
0 0.64453125 0.7234375 0.01796875 0.0296875
3 0.2328125 0.75390625 0.0203125 0.0328125
3 0.20078125 0.334375 0.01875 0.03125
3 0.1890625 0.35234375 0.01796875 0.0296875
1 0.7600792078125 0.3421296296875 0.7652875406249999 0.33194444375 0.763725040625 0.31990740781250004 0.7663292078125 0.3115740734375 0.778568790625 0.29444444375 0.7842979578125 0.28148148125 0.7897667078125 0.28101851875 0.790808375 0.2875 0.7876833750000001 0.2921296296875 0.7889854578125 0.29722222187499997 0.797058375 0.2800925921875 0.798620875 0.2699074078125 0.793933375 0.2375 0.8012250406250001 0.2226851859375 0.8001833749999999 0.203240740625 0.8076044421875 0.18038168906250002 0.8086018734374999 0.1709509890625 0.8076200703125 0.1683352171875 0.806789428125 0.16549105625 0.8053335562499999 0.162736853125 0.8033756765625 0.16015733906250001 0.8001484984375 0.1565299484375 0.791068790625 0.1574074078125 0.779350040625 0.184722221875 0.772839625 0.190740740625 0.7691937906249999 0.1925925921875 0.765027125 0.1824074078125 0.762943790625 0.1824074078125 0.7585167078125 0.1875 0.757214625 0.19444444375 0.7530479578125 0.19444444375 0.741068790625 0.178703703125 0.737162540625 0.1921296296875 0.737683375 0.20138888906250002 0.7428917078125 0.2078703703125 0.7408083750000001 0.21805555625 0.733777125 0.2259259265625 0.725964625 0.24444444375000002 0.718152125 0.234259259375 0.7134646250000001 0.23333333281250002 0.707214625 0.2388888890625 0.6975792078125 0.25694444375000003 0.696537540625 0.26527777812500003 0.698100040625 0.2699074078125 0.7095583750000001 0.2791666671875 0.7053917078125 0.2856481484375 0.704870875 0.30046296250000004 0.692370875 0.321759259375 0.6897667078125 0.3356481484375 0.694714625 0.33703703749999997 0.704350040625 0.3541666671875 0.7069542078125 0.36990740781250003 0.7124229578125 0.378703703125 0.7249229578125 0.384259259375 0.7290896250000001 0.39351851875 0.7382042078125 0.40231481406249997 0.7574750406249999 0.3745370375 0.762683375 0.35601851875 0.760600040625 0.3523148140625 0.7600792078125 0.3421296296875