3 0.81171875 0.14296875 0.015625 0.03125
3 0.6953125 0.1890625 0.0171875 0.03125
3 0.63125 0.8515625 0.0171875 0.0296875
3 0.5296875 0.59921875 0.01640625 0.0296875
3 0.52734375 0.76875 0.01640625 0.03125
3 0.60625 0.89453125 0.0171875 0.0328125
0 0.5234375 0.48515625 0.015625 0.028125
3 0.60859375 0.13046875 0.0171875 0.03046875
3 0.621875 0.91171875 0.02109375 0.03203125
3 0.6234375 0.13984375 0.015625 0.0328125
1 0.6041666671875 0.44120370312499996 0.6075520828125 0.4296296296875 0.6143229171875 0.425 0.6166666671875001 0.4263888890625 0.61640625 0.4370370375 0.62421875 0.43518518593750005 0.62890625 0.44166666718750003 0.6294270828124999 0.43240740781250003 0.65078125 0.41851851875 0.6533854171875 0.41851851875 0.65703125 0.427777778125 0.6731770828125 0.41851851875 0.68046875 0.41111111093749997 0.6817708328125 0.40601851875 0.6755208328125 0.383796296875 0.7169270828125 0.35648148125 0.7255208328125 0.33194444375 0.72734375 0.3203703703125 0.73828125 0.3148148140625 0.7442708328125 0.334722221875 0.74765625 0.3379629625 0.7518229171875 0.3379629625 0.77265625 0.321296296875 0.7734375 0.3143518515625 0.7677083328125 0.2958333328125 0.7677083328125 0.2865740734375 0.771875 0.2800925921875 0.7682291671875 0.2578703703125 0.7611979171875001 0.24259259218749998 0.7513020828125 0.24259259218749998 0.7447916671875 0.21898148125 0.73984375 0.21574074062499998 0.7341145828125 0.2296296296875 0.72890625 0.234259259375 0.7216145828125 0.23611111093749998 0.71640625 0.23333333281250002 0.7135416671875 0.2375 0.7197916671875 0.2486111109375 0.7234375 0.26435185156249996 0.7234375 0.271759259375 0.71796875 0.28148148125 0.7033854171875 0.2740740734375 0.6903645828125 0.272222221875 0.6752604171875001 0.28611111093749997 0.6596354171875001 0.309259259375 0.6552083328125 0.30601851875 0.6513020828125 0.2898148140625 0.6278645828125 0.30648148124999997 0.6276041671875 0.32083333281250004 0.6231770828125 0.328703703125 0.60859375 0.3416666671875 0.6015625 0.35601851875 0.6002604171875 0.3648148140625 0.5924479171875 0.3740740734375 0.584375 0.3736111109375 0.5833333328125 0.3875 0.5799479171875 0.3990740734375 0.55625 0.41898148125 0.55625 0.434722221875 0.5651041671875 0.45416666718750004 0.58828125 0.43518518593750005 0.5924479171875 0.43518518593750005 0.6002604171875 0.4453703703125 0.6041666671875 0.44120370312499996