3 0.653125 0.1578125 0.01640625 0.02890625
3 0.38125 0.896875 0.01796875 0.0328125
3 0.69453125 0.57578125 0.01953125 0.03125
3 0.63359375 0.7140625 0.01640625 0.03203125
3 0.678125 0.52265625 0.0171875 0.02734375
3 0.72890625 0.246875 0.015625 0.02890625
3 0.76875 0.24140625 0.01640625 0.0296875
3 0.490625 0.08125 0.0171875 0.03203125
3 0.44375 0.49296875 0.01875 0.03046875
0 0.65625 0.678125 0.0171875 0.02890625
3 0.54296875 0.30546875 0.0171875 0.0296875
3 0.4765625 0.09609375 0.0171875 0.03046875
1 0.3338541671875 0.2513888890625 0.3221354171875 0.24722222187499998 0.3166666671875 0.241203703125 0.3135416671875 0.2226851859375 0.3216145828125 0.225 0.3239583328125 0.2236111109375 0.3229166671875 0.21898148125 0.31640625 0.2148148140625 0.29739583281250004 0.17361111093749998 0.2979166671875 0.1606481484375 0.2903645828125 0.14444444375 0.27682291718749996 0.12592592656249998 0.2627604171875 0.14351851875 0.2578125 0.1263888890625 0.23046875 0.07685185156249999 0.21640625 0.072222221875 0.21015625 0.065740740625 0.20442708281250002 0.065740740625 0.20052083281250002 0.05601851875 0.20833333281250002 0.028240740625 0.2052083328125 0.01805555625 0.1934895828125 0.0018518515625 0.1778645828125 0 0.1700520828125 0.009259259374999999 0.1611979171875 0.003703703125 0.1520833328125 0.017129629687500002 0.1458333328125 0.033796296875 0.1458333328125 0.040277778125000004 0.15 0.0495370375 0.14895833281249998 0.05601851875 0.1390625 0.0773148140625 0.1390625 0.083796296875 0.14140625 0.0898148140625 0.1544270828125 0.1 0.16484375 0.1268518515625 0.17890625 0.0981481484375 0.1809895828125 0.09629629687499999 0.1856770828125 0.1 0.1927083328125 0.146759259375 0.22005208281250002 0.1916666671875 0.2338541671875 0.2004629625 0.23541666718749998 0.20972222187499998 0.2283854171875 0.2138888890625 0.22291666718749997 0.2236111109375 0.22265625 0.23148148124999998 0.23984375 0.25833333281250004 0.24348958281250002 0.2601851859375 0.24713541718749998 0.253703703125 0.2502604171875 0.2638888890625 0.26171875 0.26851851875 0.2747395828125 0.2824074078125 0.27890625 0.2833333328125 0.2825520828125 0.2759259265625 0.28984375 0.2888888890625 0.29453125 0.284259259375 0.2994791671875 0.29398148125 0.30234375 0.3111111109375 0.30859375 0.3111111109375 0.3127604171875 0.302777778125 0.3174479171875 0.3046296296875 0.3372395828125 0.3361111109375 0.3421875 0.3384259265625 0.35208333281250004 0.3254629625 0.3557291671875 0.3115740734375 0.3322916671875 0.271759259375 0.3338541671875 0.2513888890625