3 0.1671875 0.51953125 0.01953125 0.0328125
3 0.5484375 0.146875 0.0171875 0.03125
3 0.60234375 0.68515625 0.01484375 0.02890625
3 0.45234375 0.3890625 0.0171875 0.02890625
3 0.34921875 0.70546875 0.01640625 0.0328125
3 0.34296875 0.24453125 0.01875 0.03203125
3 0.24140625 0.2828125 0.015625 0.03203125
0 0.64296875 0.815625 0.01796875 0.0328125
3 0.74453125 0.13203125 0.01796875 0.03203125
3 0.3734375 0.61015625 0.0171875 0.03125
3 0.45234375 0.15390625 0.01875 0.03359375
3 0.2109375 0.69140625 0.0171875 0.0296875