3 0.6484375 0.49453125 0.01796875 0.03203125
3 0.45078125 0.3671875 0.0171875 0.0296875
3 0.6015625 0.59140625 0.01640625 0.03203125
3 0.4203125 0.40625 0.0171875 0.03203125
3 0.70390625 0.84453125 0.01875 0.0328125
3 0.590625 0.6265625 0.0171875 0.02890625
3 0.50546875 0.36328125 0.01953125 0.03203125
3 0.62890625 0.41640625 0.01796875 0.0296875
3 0.63828125 0.1140625 0.01875 0.03359375
3 0.53203125 0.58359375 0.01796875 0.03203125
0 0.778125 0.76328125 0.01875 0.03359375
3 0.66875 0.4296875 0.0171875 0.03125
1 0.24114583281250002 0.9236111109375 0.24348958281250002 0.91944444375 0.2549479171875 0.9203703703125001 0.25703125 0.9268518515625 0.26484375 0.9277777781250001 0.27682291718749996 0.9166666671874999 0.29609375 0.9120370375 0.3028645828125 0.915740740625 0.31015625 0.928703703125 0.32265625 0.9296296296875 0.3309895828125 0.928703703125 0.3408854171875 0.91944444375 0.36171875 0.9148148140625001 0.36796875 0.9064814812499999 0.37109375 0.9074074078125 0.3731770828125 0.9148148140625001 0.3768229171875 0.915740740625 0.38046875 0.9046296296874999 0.3885416671875 0.903240740625 0.3903645828125 0.8879629625 0.3986979171875 0.8861111109375001 0.40052083281249995 0.8791666671874999 0.40546875 0.8740740734375001 0.43828125 0.865740740625 0.4421875 0.853240740625 0.44166666718750003 0.8291666671875 0.43776041718750003 0.8222222218749999 0.4049479171875 0.8259259265625 0.40416666718750005 0.80694444375 0.4018229171875 0.8009259265625 0.3877604171875 0.8018518515625 0.3786458328125 0.796759259375 0.3776041671875 0.7800925921874999 0.38229166718749996 0.7671296296875 0.37734375 0.7629629625 0.36953125 0.765740740625 0.3640625 0.7856481484375 0.3596354171875 0.79351851875 0.34817708281250004 0.79351851875 0.3419270828125 0.7981481484375 0.3369791671875 0.7949074078125 0.3380208328125 0.7726851859375 0.3356770828125 0.7666666671875 0.3138020828125 0.765740740625 0.3083333328125 0.7745370375 0.3083333328125 0.7958333328125 0.31197916718749996 0.8023148140625 0.31015625 0.8138888890624999 0.30130208281250004 0.8111111109375001 0.2950520828125 0.803703703125 0.2825520828125 0.8111111109375001 0.2669270828125 0.825 0.26328125 0.834259259375 0.2591145828125 0.8370370375 0.2552083328125 0.846759259375 0.2557291671875 0.8578703703125001 0.2502604171875 0.8620370375 0.2427083328125 0.8615740734375 0.2416666671875 0.834722221875 0.23828125 0.8222222218749999 0.21796875 0.8259259265625 0.2075520828125 0.8231481484375 0.20416666718749998 0.8300925921875001 0.20677083281250003 0.8449074078125 0.20625 0.8652777781250001 0.20390625 0.872222221875 0.1973958328125 0.8773148140625 0.1973958328125 0.9208333328125 0.20026041718749998 0.9268518515625 0.20729166718749997 0.9291666671875 0.20989583281250002 0.9625 0.2130208328125 0.9689814812499999 0.22265625 0.9601851859374999 0.23828125 0.95555555625 0.240625 0.9486111109375001 0.24114583281250002 0.9236111109375