3 0.45 0.3671875 0.01484375 0.03046875
3 0.6484375 0.49375 0.01640625 0.03046875
3 0.60234375 0.58984375 0.0140625 0.03046875
3 0.4203125 0.40703125 0.01484375 0.0265625
3 0.70390625 0.84453125 0.01640625 0.03203125
3 0.58984375 0.6265625 0.015625 0.028125
3 0.5046875 0.3625 0.01796875 0.0296875
3 0.6296875 0.41640625 0.01328125 0.02578125
3 0.53125 0.58359375 0.01328125 0.02578125
3 0.6390625 0.1125 0.01640625 0.0328125
3 0.66640625 0.428125 0.015625 0.03046875
0 0.7796875 0.76484375 0.015625 0.03125
1 0.2494791671875 0.8652777781250001 0.246875 0.8513888890624999 0.25546875 0.8453703703125001 0.2578125 0.8384259265624999 0.2552083328125 0.815277778125 0.25078125 0.8046296296875 0.24479166718749998 0.8023148140625 0.26171875 0.79351851875 0.2713541671875 0.7958333328125 0.2669270828125 0.7851851859375001 0.25052083281250004 0.7828703703125 0.2479166671875 0.7763888890625 0.24583333281250003 0.7449074078125 0.2390625 0.73194444375 0.24088541718749998 0.7240740734375 0.2502604171875 0.7194444437499999 0.2552083328125 0.7115740734375 0.2552083328125 0.7023148140625 0.2494791671875 0.678240740625 0.2455729171875 0.672222221875 0.2361979171875 0.6759259265625001 0.22890625 0.6833333328125 0.2265625 0.696759259375 0.22369791718749998 0.6981481484375001 0.2166666671875 0.683796296875 0.2171875 0.6763888890625 0.22135416718749998 0.66898148125 0.21484375 0.6601851859375001 0.1924479171875 0.6518518515625 0.1815104171875 0.6425925921875 0.17265625 0.6481481484375 0.1692708328125 0.641203703125 0.1833333328125 0.6226851859375 0.1875 0.6078703703125 0.178125 0.58194444375 0.17630208281249998 0.5648148140625 0.1705729171875 0.5648148140625 0.1611979171875 0.577777778125 0.15390625 0.5824074078125 0.14921875 0.5833333328125 0.1466145828125 0.5768518515625 0.1408854171875 0.575 0.1263020828125 0.5861111109375 0.1171875 0.5995370375 0.11536458281249999 0.6111111109375 0.1096354171875 0.6148148140624999 0.10260416718750001 0.6273148140625 0.09895833281250001 0.6421296296875 0.1067708328125 0.6569444437499999 0.1138020828125 0.6796296296875 0.13359375 0.665740740625 0.13671875 0.66851851875 0.1416666671875 0.6763888890625 0.1375 0.6958333328124999 0.14010416718750002 0.7050925921875 0.1434895828125 0.7101851859375 0.1546875 0.7106481484375 0.1609375 0.73194444375 0.165625 0.7754629625 0.171875 0.7949074078125 0.1703125 0.803240740625 0.1625 0.816203703125 0.1630208328125 0.8226851859375 0.1705729171875 0.8324074078124999 0.171875 0.8300925921875001 0.1671875 0.8254629625 0.1666666671875 0.816203703125 0.17265625 0.8111111109375001 0.1822916671875 0.8375 0.175 0.8430555562500001 0.1765625 0.858796296875 0.18046875 0.8620370375 0.1846354171875 0.8481481484375 0.1924479171875 0.847222221875 0.1955729171875 0.8583333328125 0.2052083328125 0.866203703125 0.19765625 0.871296296875 0.18671875 0.872222221875 0.20078125 0.8740740734375001 0.21588541718749998 0.86851851875 0.23541666718749998 0.9226851859374999 0.24375 0.9328703703125001 0.2518229171875 0.928703703125 0.2614583328125 0.9087962968750001 0.2609375 0.8986111109375001 0.2494791671875 0.8652777781250001