3 0.4953125 0.1140625 0.0171875 0.0296875
3 0.76484375 0.19609375 0.01484375 0.02890625
3 0.50390625 0.90703125 0.01953125 0.03125
3 0.184375 0.74609375 0.021875 0.03125
3 0.17890625 0.92890625 0.02109375 0.0328125
3 0.52734375 0.6125 0.0171875 0.028125
3 0.17734375 0.8671875 0.0171875 0.0359375
0 0.19453125 0.07890625 0.02109375 0.03828125
3 0.80703125 0.80546875 0.01640625 0.025
3 0.68359375 0.14140625 0.01484375 0.028125
3 0.7890625 0.75859375 0.015625 0.0296875
1 0.5380208328125 0.32824074062499997 0.5354166671875 0.3171296296875 0.5401041671875 0.29305555625 0.53515625 0.27870370312500004 0.5315104171875 0.27777777812500004 0.528125 0.28472222187499996 0.5296875 0.2995370375 0.5263020828125 0.303703703125 0.5174479171875 0.3018518515625 0.51484375 0.2833333328125 0.51015625 0.2916666671875 0.5078125 0.291203703125 0.5075520828125 0.28611111093749997 0.5049479171875 0.2916666671875 0.49817708281249995 0.2888888890625 0.496875 0.28472222187499996 0.4984375 0.2791666671875 0.4955729171875 0.272222221875 0.4765625 0.26527777812500003 0.4791666671875 0.2615740734375 0.4791666671875 0.2513888890625 0.47057291718750005 0.2370370375 0.46328125 0.23055555625 0.4544270828125 0.234259259375 0.43828125 0.2138888890625 0.43645833281249996 0.20694444375 0.43958333281249995 0.1976851859375 0.4388020828125 0.19444444375 0.43567708281249995 0.19351851874999998 0.43151041718750005 0.20740740781250003 0.42604166718750003 0.19583333281249998 0.434375 0.1893518515625 0.42005208281249995 0.177777778125 0.4171875 0.1800925921875 0.41822916718750003 0.19120370312499999 0.41588541718750005 0.2009259265625 0.40859375 0.1916666671875 0.40442708281249995 0.1990740734375 0.40078125 0.19444444375 0.39609375 0.19444444375 0.3924479171875 0.1990740734375 0.3841145828125 0.196296296875 0.3846354171875 0.1861111109375 0.3942708328125 0.18194444375000002 0.3888020828125 0.178703703125 0.3799479171875 0.1861111109375 0.37265625 0.1870370375 0.35703125 0.17314814843749998 0.3473958328125 0.1828703703125 0.3453125 0.1949074078125 0.346875 0.20972222187499998 0.3760416671875 0.2375 0.3776041671875 0.24398148125 0.3723958328125 0.2513888890625 0.3723958328125 0.2606481484375 0.3799479171875 0.26574074062499997 0.3809895828125 0.2731481484375 0.38619791718749996 0.275 0.3924479171875 0.2703703703125 0.3947916671875 0.27453703749999997 0.3953125 0.29398148125 0.3903645828125 0.303703703125 0.38359375 0.3083333328125 0.39296875 0.309259259375 0.3997395828125 0.29907407343750003 0.40390625 0.29814814843750004 0.40807291718750005 0.309259259375 0.4153645828125 0.31759259218749997 0.42291666718750004 0.32083333281250004 0.4244791671875 0.32824074062499997 0.4192708328125 0.3393518515625 0.4192708328125 0.3495370375 0.4309895828125 0.3648148140625 0.43776041718750003 0.36851851875 0.4427083328125 0.3634259265625 0.4458333328125 0.3495370375 0.44427083281249996 0.334722221875 0.44713541718750005 0.3296296296875 0.45078125 0.3351851859375 0.4557291671875 0.334722221875 0.4583333328125 0.34120370312500004 0.4557291671875 0.3495370375 0.45911458281249995 0.3546296296875 0.4731770828125 0.3518518515625 0.48671875 0.3379629625 0.4895833328125 0.34305555625 0.48541666718750004 0.3643518515625 0.49010416718750005 0.3773148140625 0.4986979171875 0.38055555625 0.51015625 0.3953703703125 0.5125 0.3949074078125 0.5213541671875 0.366203703125 0.5294270828125 0.3638888890625 0.5375 0.3384259265625 0.5380208328125 0.32824074062499997