3 0.45078125 0.36796875 0.01484375 0.02890625
3 0.27109375 0.12421875 0.01796875 0.03046875
3 0.596875 0.44140625 0.01640625 0.02734375
3 0.50546875 0.3640625 0.0171875 0.028125
3 0.315625 0.0734375 0.01640625 0.0328125
3 0.2421875 0.065625 0.01953125 0.0328125
3 0.21875 0.77109375 0.02109375 0.03359375
3 0.171875 0.065625 0.01953125 0.03125
3 0.55625 0.54140625 0.01953125 0.0296875
3 0.16328125 0.91171875 0.01796875 0.03515625
0 0.77890625 0.7640625 0.01796875 0.0296875
3 0.175 0.8515625 0.0203125 0.03125
1 0.34322916718749996 0.48194444374999995 0.3473958328125 0.47453703750000004 0.3463541671875 0.46527777812500004 0.34036458281250004 0.4611111109375 0.334375 0.44768518593750006 0.3380208328125 0.44120370312499996 0.3359375 0.43379629687500004 0.3380208328125 0.42453703750000005 0.3333333328125 0.4236111109375 0.3322916671875 0.4171296296875 0.3234375 0.39953703749999997 0.3223958328125 0.3921296296875 0.3151041671875 0.378240740625 0.3145833328125 0.3671296296875 0.321875 0.3625 0.32083333281250004 0.35601851875 0.3151041671875 0.346759259375 0.3151041671875 0.3421296296875 0.3104166671875 0.3384259265625 0.30703125 0.32592592656249997 0.2955729171875 0.3416666671875 0.2908854171875 0.3416666671875 0.2828125 0.315277778125 0.2638020828125 0.2824074078125 0.2559895828125 0.27870370312500004 0.2502604171875 0.28148148125 0.24348958281250002 0.2796296296875 0.23697916718749998 0.26527777812500003 0.25 0.24490740781250003 0.25052083281250004 0.2365740734375 0.23854166718749997 0.215277778125 0.23359375 0.1990740734375 0.22786458281250002 0.1990740734375 0.21588541718749998 0.2138888890625 0.21171875 0.2138888890625 0.20807291718749998 0.20648148125 0.20442708281250002 0.20833333281250002 0.18828125 0.22777777812500002 0.1859375 0.2384259265625 0.1885416671875 0.2513888890625 0.1744791671875 0.271759259375 0.1744791671875 0.278240740625 0.1854166671875 0.29398148125 0.1911458328125 0.3143518515625 0.1940104171875 0.3148148140625 0.21171875 0.29722222187499997 0.21380208281250002 0.29814814843750004 0.2182291671875 0.30694444375 0.2171875 0.32824074062499997 0.21875 0.34120370312500004 0.2421875 0.38101851875000003 0.2427083328125 0.4050925921875 0.24114583281250002 0.4125 0.246875 0.428240740625 0.25442708281250004 0.44166666718750003 0.2627604171875 0.44351851875000003 0.2825520828125 0.478703703125 0.2940104171875 0.4861111109375 0.29765625 0.49629629687500004 0.3018229171875 0.49259259218749996 0.30546875 0.49629629687500004 0.3098958328125 0.503240740625 0.3138020828125 0.5175925921875 0.31796875 0.5120370375000001 0.3213541671875 0.521759259375 0.32578125 0.5240740734375 0.3348958328125 0.5421296296875 0.3377604171875 0.553703703125 0.34453125 0.5611111109375 0.3494791671875 0.5606481484375 0.3575520828125 0.5527777781250001 0.3630208328125 0.5365740734375 0.34375 0.4875 0.34322916718749996 0.48194444374999995