3 0.45078125 0.3671875 0.01640625 0.0296875
3 0.4203125 0.40546875 0.015625 0.0296875
3 0.6421875 0.8765625 0.01875 0.03125
3 0.2734375 0.540625 0.02109375 0.03125
3 0.29453125 0.125 0.01796875 0.0328125
3 0.24921875 0.87890625 0.01875 0.034375
3 0.63828125 0.11328125 0.01640625 0.03125
3 0.4609375 0.1484375 0.01640625 0.03203125
0 0.5734375 0.2015625 0.01875 0.0328125
3 0.44765625 0.165625 0.0171875 0.03203125
3 0.66015625 0.87421875 0.0171875 0.0296875
1 0.6783854171875 0.5620370375 0.68203125 0.5638888890625 0.70234375 0.5611111109375 0.7059895828125 0.5416666671875 0.7184895828125 0.54444444375 0.72734375 0.5388888890625 0.7369791671875 0.540277778125 0.7369791671875 0.5523148140624999 0.7348958328124999 0.5578703703125 0.7377604171875001 0.5611111109375 0.7411458328125 0.5578703703125 0.7390625 0.5504629624999999 0.7432291671875 0.5449074078125 0.7427083328124999 0.5356481484375 0.75703125 0.5268518515625 0.7690104171875001 0.4981481484375 0.77265625 0.5018518515625 0.79296875 0.49629629687500004 0.7973958328124999 0.48194444374999995 0.7963541671875001 0.4699074078125 0.7893229171875 0.4601851859375 0.7674479171875 0.4620370375 0.7591145828125 0.459259259375 0.74921875 0.4370370375 0.73671875 0.440740740625 0.7294270828125 0.4361111109375 0.7221354171875001 0.44259259218749997 0.71328125 0.44351851875000003 0.7059895828125 0.44907407343749994 0.70078125 0.44629629687500005 0.69453125 0.42870370312499995 0.6903645828125 0.42870370312499995 0.67109375 0.43240740781250003 0.6658854171875 0.44444444375 0.6356770828125 0.4453703703125 0.6328125 0.45324074062499997 0.6354166671875 0.4763888890625 0.63125 0.4921296296875 0.6307291671875 0.5069444437499999 0.6380208328125 0.5300925921874999 0.6390625 0.5458333328125 0.64375 0.5643518515625 0.6591145828125 0.5638888890625 0.6700520828125 0.553703703125 0.6752604171875001 0.5546296296875 0.6783854171875 0.5620370375