3 0.60234375 0.590625 0.0140625 0.028125
3 0.6515625 0.48125 0.0140625 0.0265625
3 0.45 0.36796875 0.01484375 0.02890625
3 0.70390625 0.84609375 0.015625 0.0296875
3 0.590625 0.628125 0.01328125 0.02890625
3 0.5046875 0.3640625 0.0171875 0.02890625
3 0.2171875 0.7703125 0.0171875 0.03125
3 0.53203125 0.584375 0.0140625 0.02578125
3 0.1609375 0.9109375 0.01796875 0.03515625
3 0.6375 0.11328125 0.015625 0.0296875
3 0.1734375 0.85234375 0.0171875 0.03046875
0 0.778125 0.76484375 0.01953125 0.03125
1 0.7408854171875 0.4546296296875 0.7528645828125 0.4370370375 0.76171875 0.43055555625 0.7697916671875 0.4050925921875 0.7666666671875 0.40138888906250003 0.75859375 0.3731481484375 0.74140625 0.3768518515625 0.7369791671875 0.3745370375 0.7395833328125 0.35694444375 0.7385416671875 0.3495370375 0.728125 0.3393518515625 0.7208333328125 0.3013888890625 0.721875 0.278240740625 0.7171875 0.2504629625 0.7265625 0.2375 0.7192708328124999 0.2273148140625 0.7166666671875 0.20972222187499998 0.7106770828125 0.20277777812500003 0.6986979171875001 0.20648148125 0.6893229171875 0.2 0.6734375 0.1384259265625 0.6705729171875 0.13333333281249998 0.66328125 0.1324074078125 0.65703125 0.13703703750000001 0.6526041671875 0.1449074078125 0.6515625 0.15324074062499998 0.6609375 0.19583333281249998 0.6596354171875001 0.2018518515625 0.6518229171875001 0.20648148125 0.6489583328124999 0.215277778125 0.65625 0.2513888890625 0.6424479171875 0.2546296296875 0.6356770828125 0.24444444375000002 0.6348958328125 0.2476851859375 0.6354166671875 0.25509259218749997 0.6403645828125 0.2611111109375 0.6526041671875 0.2671296296875 0.6526041671875 0.2958333328125 0.6567708328124999 0.30694444375 0.6559895828125 0.3120370375 0.6471354171875 0.31759259218749997 0.6432291671875 0.3254629625 0.6432291671875 0.3495370375 0.6471354171875 0.3601851859375 0.6518229171875001 0.3620370375 0.6611979171875 0.3583333328125 0.66796875 0.34629629687499996 0.671875 0.35601851875 0.671875 0.3643518515625 0.6692708328125 0.3708333328125 0.6731770828125 0.377777778125 0.6940104171875 0.3861111109375 0.6963541671875 0.39027777812500003 0.696875 0.40601851875 0.6927083328125 0.42083333281249996 0.7 0.446759259375 0.6989583328125 0.4606481484375 0.703125 0.4643518515625 0.7096354171875 0.45648148125 0.7205729171875 0.4509259265625 0.7294270828125 0.459259259375 0.7408854171875 0.4546296296875