3 0.50234375 0.73359375 0.015625 0.03046875
3 0.8078125 0.15 0.01796875 0.03359375
3 0.58515625 0.79765625 0.0140625 0.028125
3 0.56015625 0.78046875 0.0171875 0.03046875
3 0.52734375 0.61484375 0.01484375 0.02578125
3 0.503125 0.8046875 0.01796875 0.03125
3 0.72265625 0.4328125 0.01796875 0.0296875
3 0.52890625 0.89453125 0.01484375 0.02890625
3 0.6 0.8921875 0.015625 0.03515625
3 0.5109375 0.90625 0.01875 0.0296875
3 0.50078125 0.77421875 0.01875 0.03046875
0 0.58515625 0.88203125 0.01953125 0.03203125
1 0.6700520828125 0.75555555625 0.6783854171875 0.765740740625 0.6861979171875 0.7546296296875 0.6888020828125 0.7546296296875 0.6903645828125 0.7759259265625 0.7059895828125 0.775 0.7145833328125 0.7569444437499999 0.715625 0.7402777781250001 0.7309895828124999 0.7259259265625 0.7380208328125 0.7134259265625 0.7380208328125 0.7041666671875 0.7466145828124999 0.6925925921875 0.75703125 0.6870370375 0.7731770828125 0.6870370375 0.7846354171875001 0.6796296296875 0.7864583328125 0.6773148140624999 0.7864583328125 0.6634259265625 0.7924479171875001 0.6564814812499999 0.7966145828125 0.6564814812499999 0.8 0.66898148125 0.8059895828125001 0.6740740734374999 0.8111979171874999 0.6851851859375 0.82734375 0.6740740734374999 0.834375 0.6643518515625 0.8265625 0.6356481484375001 0.8302083328125001 0.621759259375 0.8276041671875 0.608796296875 0.828125 0.6004629625 0.82421875 0.6 0.8200520828125001 0.5861111109375 0.81171875 0.5879629625 0.8075520828125 0.584259259375 0.8010416671874999 0.566203703125 0.79453125 0.5583333328125 0.7815104171875 0.5703703703125 0.76875 0.566203703125 0.7682291671875 0.5736111109375 0.7734375 0.58101851875 0.7765625 0.6078703703125 0.7802083328125 0.6134259265625001 0.77265625 0.6231481484375 0.7684895828125 0.6203703703125 0.7666666671875 0.6134259265625001 0.7611979171875001 0.6074074078125 0.7528645828125 0.6046296296875 0.7299479171875001 0.60648148125 0.72109375 0.6101851859375 0.7153645828124999 0.6259259265625 0.70859375 0.63148148125 0.70625 0.628240740625 0.7067708328125 0.6106481484375 0.7013020828125 0.5981481484375 0.6940104171875 0.5962962968750001 0.6856770828125 0.6009259265625 0.6796875 0.6134259265625001 0.6822916671875 0.6319444437499999 0.6854166671875 0.6347222218749999 0.6653645828125 0.6416666671875 0.6708333328125 0.6486111109375 0.6622395828125 0.6611111109375 0.6578125 0.6606481484375 0.6572916671875 0.6495370375 0.6549479171875 0.647222221875 0.65 0.6606481484375 0.6494791671875 0.690277778125 0.6393229171875 0.6916666671875 0.6364583328125 0.696759259375 0.6364583328125 0.70601851875 0.640625 0.7199074078125001 0.6153645828125 0.7398148140624999 0.6130208328125 0.7449074078125 0.6135416671875 0.758796296875 0.6182291671875 0.7736111109375 0.625 0.778240740625 0.65078125 0.7611111109375 0.6591145828125 0.7620370375000001 0.6669270828125 0.747222221875 0.6700520828125 0.75555555625