3 0.65078125 0.48046875 0.0171875 0.0296875
3 0.60078125 0.590625 0.01640625 0.03046875
3 0.45078125 0.3671875 0.01640625 0.03046875
3 0.7046875 0.84453125 0.0171875 0.03125
3 0.590625 0.62734375 0.015625 0.03046875
3 0.50546875 0.3640625 0.01953125 0.0296875
3 0.21875 0.77109375 0.02109375 0.0328125
3 0.63828125 0.1140625 0.01640625 0.03203125
3 0.16328125 0.91015625 0.01875 0.03359375
3 0.53203125 0.58203125 0.01640625 0.03046875
3 0.175 0.85 0.0203125 0.034375
0 0.77890625 0.7640625 0.01875 0.03203125
1 0.7828125 0.3078703703125 0.7817708328124999 0.30046296250000004 0.7729166671875001 0.2865740734375 0.7786458328125 0.26435185156249996 0.7791666671875 0.24953703749999998 0.7859375 0.2375 0.7950520828125 0.21111111093749999 0.7994791671875 0.216203703125 0.8002604171875 0.22870370312500002 0.8052083328125 0.22453703749999998 0.8052083328125 0.20879629687499998 0.8072916671874999 0.20231481406250001 0.8049479171874999 0.1981481484375 0.8002604171875 0.2009259265625 0.7989583328125 0.1976851859375 0.7979166671875 0.16805555625 0.7994791671875 0.15972222187500001 0.7984375 0.146759259375 0.7958333328125 0.140277778125 0.803125 0.1106481484375 0.8036458328125 0.0958333328125 0.79609375 0.08333333281250001 0.78828125 0.08333333281250001 0.7833333328125 0.0884259265625 0.77109375 0.13055555624999998 0.76484375 0.13148148125 0.7606770828125 0.12592592656249998 0.7455729171875001 0.11944444375 0.7419270828125 0.12407407343750002 0.74140625 0.1268518515625 0.7533854171875001 0.12870370312499999 0.75625 0.13287037031249999 0.7526041671875 0.146759259375 0.7442708328125 0.15694444375 0.72734375 0.2 0.7252604171875 0.2009259265625 0.7184895828125 0.1925925921875 0.71328125 0.19537037031249999 0.7015625 0.2236111109375 0.7020833328125 0.22916666718749998 0.7080729171875 0.2379629625 0.71796875 0.23333333281250002 0.721875 0.2384259265625 0.7216145828125 0.2453703703125 0.7135416671875 0.2504629625 0.7177083328125 0.266203703125 0.7151041671875 0.2791666671875 0.7114583328124999 0.2856481484375 0.7098958328125 0.30046296250000004 0.7174479171875 0.3046296296875 0.7341145828125 0.3361111109375 0.7486979171875 0.3425925921875 0.76015625 0.35648148125 0.7625 0.35601851875 0.7635416671875 0.3495370375 0.77578125 0.3351851859375 0.7807291671875001 0.3226851859375 0.7828125 0.3078703703125