3 0.80859375 0.1484375 0.01953125 0.02578125
3 0.50390625 0.909375 0.01796875 0.03125
3 0.71796875 0.446875 0.0203125 0.03125
3 0.81171875 0.39140625 0.01796875 0.03125
3 0.528125 0.61484375 0.0171875 0.02890625
3 0.49765625 0.11640625 0.01796875 0.03125
3 0.80703125 0.809375 0.01640625 0.0296875
3 0.7890625 0.178125 0.015625 0.02890625
3 0.66328125 0.153125 0.0171875 0.03046875
3 0.8 0.23515625 0.0171875 0.03203125
3 0.78828125 0.76015625 0.015625 0.03203125
0 0.8109375 0.91171875 0.015625 0.03359375
1 0.7770833328125 0.809722221875 0.7802083328125 0.79398148125 0.7744791671875 0.753240740625 0.7807291671875001 0.73101851875 0.77734375 0.7240740734375 0.77265625 0.728703703125 0.765625 0.7236111109375 0.7541666671875 0.6921296296875 0.75 0.6884259265625 0.7463541671875 0.6625 0.7364583328125 0.6476851859375 0.7354166671875 0.6421296296875 0.7427083328124999 0.6319444437499999 0.7484375 0.616203703125 0.7421875 0.6004629625 0.7395833328125 0.5865740734375 0.7221354171875001 0.5722222218749999 0.7138020828125 0.5759259265625001 0.71171875 0.5861111109375 0.7018229171875 0.5888888890625 0.6927083328125 0.6004629625 0.6890625 0.6226851859375 0.675 0.6486111109375 0.6786458328125 0.6606481484375 0.6927083328125 0.683796296875 0.6864583328125 0.7041666671875 0.69453125 0.7046296296875 0.6989583328125 0.7106481484375 0.69453125 0.7194444437499999 0.68671875 0.7148148140624999 0.6809895828125 0.7185185187500001 0.6760416671875 0.73194444375 0.6770833328125 0.7402777781250001 0.6846354171875 0.75648148125 0.69140625 0.7638888890625 0.6950520828125 0.7638888890625 0.70234375 0.7546296296875 0.7049479171875 0.75555555625 0.7078125 0.771759259375 0.7192708328124999 0.7884259265625 0.7221354171875001 0.7981481484375 0.7333333328125 0.808796296875 0.7328125 0.816203703125 0.7377604171875001 0.827777778125 0.7424479171875 0.8296296296874999 0.7533854171875001 0.8231481484375 0.7684895828125 0.8638888890624999 0.7796875 0.866203703125 0.7841145828125 0.8629629624999999 0.7880208328125 0.8523148140625001 0.7875 0.8439814812499999 0.7770833328125 0.809722221875