3 0.678125 0.5234375 0.01796875 0.02890625
3 0.44375 0.49296875 0.01875 0.028125
3 0.48984375 0.08203125 0.0171875 0.03125
3 0.6578125 0.153125 0.0171875 0.03203125
3 0.4765625 0.09609375 0.01796875 0.0328125
3 0.7296875 0.2453125 0.01875 0.03203125
3 0.7703125 0.240625 0.0171875 0.0328125
3 0.63359375 0.71484375 0.01796875 0.0328125
0 0.65625 0.6796875 0.0171875 0.03203125
3 0.38125 0.8984375 0.0171875 0.03125
3 0.69296875 0.575 0.01875 0.0296875
3 0.53359375 0.2984375 0.0203125 0.03125
1 0.3216145828125 0.527777778125 0.32578125 0.525 0.3294270828125 0.5379629625 0.33359375 0.534259259375 0.36380208281250004 0.5379629625 0.3671875 0.534722221875 0.3682291671875 0.503240740625 0.3734375 0.4921296296875 0.375 0.47453703750000004 0.3729166671875 0.459722221875 0.36770833281250004 0.446759259375 0.36484375 0.4138888890625 0.35598958281250004 0.415740740625 0.34921875 0.41018518593750003 0.3455729171875 0.4148148140625 0.33359375 0.4175925921875 0.3294270828125 0.4129629625 0.3260416671875 0.41898148125 0.32578125 0.434259259375 0.3221354171875 0.43148148124999997 0.31692708281250004 0.4370370375 0.3111979171875 0.4379629625 0.3104166671875 0.41805555625 0.30807291718749996 0.41203703750000004 0.2825520828125 0.41018518593750003 0.27890625 0.43333333281249997 0.2747395828125 0.43333333281249997 0.2721354171875 0.427777778125 0.2669270828125 0.425 0.24348958281250002 0.42222222187499997 0.2403645828125 0.427777778125 0.23515625 0.42592592656250006 0.23151041718749998 0.43333333281249997 0.22005208281250002 0.43148148124999997 0.20989583281250002 0.4458333328125 0.20807291718749998 0.45555555625000005 0.2046875 0.45416666718750004 0.20442708281250002 0.44351851875000003 0.20338541718749997 0.4583333328125 0.1736979171875 0.4583333328125 0.1690104171875 0.4620370375 0.16458333281249998 0.47361111093749997 0.16458333281249998 0.4893518515625 0.16848958281249998 0.4990740734375 0.17421875 0.502777778125 0.20442708281250002 0.5009259265625 0.2088541671875 0.508796296875 0.2114583328125 0.5226851859375 0.2153645828125 0.525 0.21796875 0.5314814812499999 0.23463541718749997 0.5268518515625 0.2388020828125 0.5324074078125001 0.24609375 0.5351851859375001 0.2752604171875 0.5324074078125001 0.2799479171875 0.5555555562500001 0.3026041671875 0.55694444375 0.3078125 0.5541666671875001 0.3088541671875 0.5300925921874999 0.31171875 0.5259259265625 0.3216145828125 0.527777778125