3 0.45078125 0.36796875 0.01484375 0.02890625
3 0.59609375 0.4390625 0.0140625 0.028125
3 0.26953125 0.121875 0.01328125 0.03125
3 0.50625 0.365625 0.0140625 0.02578125
3 0.315625 0.07421875 0.01484375 0.0296875
3 0.2171875 0.7703125 0.0171875 0.03203125
3 0.24375 0.06640625 0.0171875 0.03125
3 0.1703125 0.06484375 0.015625 0.03125
3 0.5546875 0.54140625 0.01796875 0.02890625
3 0.1625 0.91171875 0.01640625 0.0328125
0 0.77890625 0.76484375 0.01875 0.03046875
3 0.17578125 0.85078125 0.0171875 0.03125
1 0.225 0.47268518593750003 0.21979166718749998 0.46805555625000006 0.2171875 0.45324074062499997 0.22005208281250002 0.44629629687500005 0.22734375 0.44166666718750003 0.23359375 0.44629629687500005 0.23567708281250002 0.44259259218749997 0.2364583328125 0.44768518593750006 0.234375 0.45324074062499997 0.24296875 0.4611111109375 0.2513020828125 0.45555555625000005 0.2653645828125 0.4546296296875 0.2671875 0.45324074062499997 0.2671875 0.440277778125 0.2825520828125 0.42314814843750004 0.28671875 0.42129629687500003 0.2903645828125 0.43055555625 0.2950520828125 0.43055555625 0.29739583281250004 0.4263888890625 0.2971354171875 0.41851851875 0.3174479171875 0.409259259375 0.3239583328125 0.3986111109375 0.3270833328125 0.3875 0.3322916671875 0.3828703703125 0.3322916671875 0.3745370375 0.32864583281250004 0.36990740781250003 0.3299479171875 0.365740740625 0.33359375 0.36851851875 0.3377604171875 0.35925925937500003 0.34296875 0.35648148125 0.34453125 0.3490740734375 0.3497395828125 0.3509259265625 0.3541666671875 0.3458333328125 0.3515625 0.32083333281250004 0.3674479171875 0.303703703125 0.3734375 0.303240740625 0.3791666671875 0.2865740734375 0.3770833328125 0.26898148125 0.37057291718749996 0.25648148125 0.36484375 0.25555555625 0.33359375 0.2851851859375 0.32890625 0.2833333328125 0.3205729171875 0.2916666671875 0.3065104171875 0.29444444375 0.3044270828125 0.3 0.2861979171875 0.29814814843750004 0.27890625 0.3111111109375 0.26484375 0.3203703703125 0.26328125 0.32685185156249996 0.2591145828125 0.3240740734375 0.2466145828125 0.3379629625 0.2421875 0.34861111093749997 0.2416666671875 0.3625 0.2325520828125 0.3759259265625 0.22369791718749998 0.3851851859375 0.21588541718749998 0.377777778125 0.20807291718749998 0.38333333281250004 0.20677083281250003 0.391203703125 0.20833333281250002 0.3976851859375 0.1966145828125 0.41018518593750003 0.1885416671875 0.391203703125 0.1768229171875 0.375 0.17109375 0.3879629625 0.1565104171875 0.3990740734375 0.1546875 0.40416666718750005 0.15625 0.41898148125 0.1630208328125 0.4393518515625 0.1598958328125 0.446759259375 0.1604166671875 0.45324074062499997 0.1682291671875 0.47453703750000004 0.17630208281249998 0.4861111109375 0.1872395828125 0.4861111109375 0.20026041718749998 0.5101851859375001 0.2052083328125 0.5125 0.21588541718749998 0.49629629687500004 0.22369791718749998 0.5 0.2260416671875 0.49583333281249997 0.225 0.47268518593750003