3 0.79609375 0.86640625 0.01796875 0.03046875
3 0.44375 0.49375 0.0171875 0.0296875
3 0.5984375 0.68046875 0.01796875 0.03046875
0 0.78359375 0.103125 0.01640625 0.03125
3 0.45234375 0.08203125 0.01953125 0.03359375
3 0.171875 0.06640625 0.0203125 0.03203125
3 0.47734375 0.39140625 0.01796875 0.03203125
3 0.5640625 0.103125 0.01640625 0.03125
3 0.16015625 0.915625 0.01796875 0.0328125
3 0.48125 0.49296875 0.01640625 0.03359375
3 0.56328125 0.52265625 0.01640625 0.02890625
3 0.57890625 0.5296875 0.01640625 0.0296875