3 0.45078125 0.36796875 0.0171875 0.0296875
3 0.65 0.49453125 0.01640625 0.02890625
3 0.60078125 0.58984375 0.015625 0.03046875
3 0.4203125 0.40625 0.0171875 0.03046875
3 0.70390625 0.84453125 0.0171875 0.03203125
3 0.59140625 0.62734375 0.0171875 0.03125
3 0.671875 0.41796875 0.0171875 0.0296875
3 0.5046875 0.3640625 0.01875 0.03203125
3 0.625 0.40234375 0.01875 0.0296875
3 0.53125 0.58359375 0.0171875 0.03125
3 0.6375 0.11328125 0.01796875 0.03671875
0 0.778125 0.7640625 0.01875 0.03203125
1 0.25078125 0.872222221875 0.26328125 0.85555555625 0.2747395828125 0.865740740625 0.29609375 0.8425925921875 0.29921875 0.8333333328125001 0.3044270828125 0.83148148125 0.3143229171875 0.8194444437499999 0.3216145828125 0.8166666671874999 0.3299479171875 0.8027777781250001 0.3375 0.8004629624999999 0.3375 0.784722221875 0.3307291671875 0.7634259265625001 0.3317708328125 0.746759259375 0.3291666671875 0.733796296875 0.3231770828125 0.7231481484375 0.3161458328125 0.7171296296875 0.30390625 0.6879629625 0.30234375 0.6870370375 0.2981770828125 0.6953703703125 0.2872395828125 0.7 0.2794270828125 0.7148148140624999 0.27109375 0.7231481484375 0.2653645828125 0.7231481484375 0.2591145828125 0.7138888890625 0.2549479171875 0.7148148140624999 0.23463541718749997 0.7351851859375 0.23177083281250002 0.7393518515624999 0.2348958328125 0.753240740625 0.23411458281250003 0.7611111109375 0.22005208281250002 0.7675925921875 0.21067708281250003 0.7851851859375001 0.20078125 0.7925925921875 0.19765625 0.8046296296875 0.1856770828125 0.8129629625 0.1807291671875 0.8273148140625001 0.1807291671875 0.853240740625 0.178125 0.859722221875 0.17265625 0.8583333328125 0.15703125 0.8703703703125001 0.1484375 0.8875 0.1494791671875 0.9060185187500001 0.15703125 0.9166666671874999 0.1653645828125 0.9148148140625001 0.18411458281249998 0.897222221875 0.1924479171875 0.89351851875 0.20807291718749998 0.8981481484374999 0.21223958281250002 0.9046296296874999 0.21640625 0.9 0.2208333328125 0.9050925921875 0.22734375 0.9231481484374999 0.23072916718749997 0.9226851859374999 0.2328125 0.9199074078124999 0.2244791671875 0.9004629625 0.22682291718749997 0.8925925921875001 0.25078125 0.872222221875