3 0.49765625 0.17421875 0.01640625 0.03203125
3 0.51015625 0.49609375 0.0171875 0.02890625
3 0.60078125 0.89453125 0.02109375 0.034375
3 0.8078125 0.14765625 0.015625 0.03046875
3 0.740625 0.890625 0.01640625 0.03125
3 0.51015625 0.115625 0.01640625 0.03125
3 0.5578125 0.91484375 0.01953125 0.03203125
0 0.64375 0.7234375 0.01640625 0.03125
3 0.23359375 0.7546875 0.021875 0.0359375
3 0.353125 0.784375 0.0171875 0.0328125
3 0.1890625 0.35390625 0.01796875 0.0296875
3 0.19921875 0.33203125 0.01640625 0.02578125
1 0.75986788125 0.3421793109375 0.7655970484375 0.329216346875 0.763513715625 0.322734865625 0.765076215625 0.3144015328125 0.784607465625 0.2815311625 0.7887741312500001 0.2815311625 0.790076215625 0.285697828125 0.786951215625 0.29310523593750004 0.7887741312500001 0.297271903125 0.7968470484375 0.2801422734375 0.797888715625 0.26903116250000003 0.793201215625 0.23754968125000003 0.801013715625 0.22273486562499997 0.7999720484374999 0.20329042187500002 0.808826215625 0.1801422734375 0.8086900296874999 0.17288978593749998 0.807671209375 0.1687000890625 0.8066044296875001 0.1666591875 0.8049140375 0.1631210390625 0.803984240625 0.1604856734375 0.8015462390625 0.1567366390625 0.790857465625 0.1574570875 0.7788782984375 0.185234865625 0.768982465625 0.1935681984375 0.7648157984374999 0.1824570875 0.761169965625 0.1824570875 0.7570032984374999 0.19449412500000002 0.7523157984375 0.19449412500000002 0.740857465625 0.178753384375 0.736951215625 0.1931052359375 0.7374720484374999 0.20143856875 0.74268038125 0.2060681984375 0.740076215625 0.21903116250000002 0.7335657984374999 0.22597560625000002 0.7257532984374999 0.24449412499999998 0.717419965625 0.2343089390625 0.709607465625 0.23523486562499998 0.69736788125 0.2588459765625 0.69814913125 0.269494125 0.70986788125 0.279216346875 0.705701215625 0.2838459765625 0.70518038125 0.2995867171875 0.6921595484374999 0.322734865625 0.690076215625 0.335697828125 0.693982465625 0.3370867171875 0.70361788125 0.35236449531249997 0.7062220484374999 0.3681052359375 0.7116907984374999 0.3778274578125 0.7226282984375 0.38338301406249997 0.73252413125 0.398197828125 0.73955538125 0.40143856875 0.757263715625 0.37551264375 0.7624720484374999 0.3560681984375 0.75986788125 0.35051264375 0.75986788125 0.3421793109375