3 0.6375 0.11328125 0.015625 0.02734375
3 0.4609375 0.153125 0.02265625 0.03203125
3 0.29375 0.125 0.01953125 0.03203125
3 0.446875 0.16796875 0.01953125 0.03046875
3 0.45 0.36796875 0.01953125 0.02890625
3 0.41953125 0.40703125 0.01875 0.03125
3 0.2734375 0.54140625 0.01953125 0.028125
0 0.57421875 0.2 0.01953125 0.0296875
3 0.24921875 0.88203125 0.0203125 0.0296875
3 0.6609375 0.87578125 0.0171875 0.028125
3 0.64140625 0.8765625 0.01796875 0.0296875
1 0.7390625 0.54140625 0.73828125 0.5609375 0.7453125 0.53671875 0.75625 0.53046875 0.7671875 0.50546875 0.78671875 0.5015625 0.796875 0.49140625 0.7953125 0.46796875 0.78984375 0.4625 0.76328125 0.4609375 0.7515625 0.43984375 0.7421875 0.43515625 0.73828125 0.4109375 0.7296875 0.42265625 0.72890625 0.440625 0.70234375 0.4484375 0.696875 0.43046875 0.68671875 0.4296875 0.67109375 0.434375 0.66484375 0.4453125 0.634375 0.45078125 0.63125 0.51328125 0.6421875 0.56328125 0.66015625 0.565625 0.67421875 0.55625 0.684375 0.56640625 0.70234375 0.5625 0.70703125 0.5453125 0.73359375 0.540625 0.7390625 0.54140625