0 0.4463667 0.7434385 0.02607975 0.033908717
0 0.7420986 0.6823123 0.02174263 0.030493293
3 0.31552875 0.66592526 0.025934888 0.034267936
0 0.49432355 0.5390135 0.023474026 0.033644997
3 0.22072557 0.2890896 0.02880168 0.036069874
3 0.4799883 0.58868235 0.047973443 0.068683624
3 0.4026951 0.6477598 0.025627924 0.034493383
3 0.3513904 0.7371467 0.058701754 0.07241999
0 0.61244273 0.74470586 0.023943042 0.03241857
3 0.24614234 0.47641158 0.051463034 0.061701395
3 0.23255332 0.78140277 0.09654665 0.0944781
3 0.4390978 0.23625779 0.03963814 0.07651323
3 0.96206135 0.98687 0.04631977 0.026260186
3 0.6697028 0.5284889 0.036864854 0.060794134
3 0.34259662 0.7441344 0.040997695 0.060264844
3 0.5724223 0.16332181 0.027441407 0.03578485
3 0.95651245 0.9882236 0.06112442 0.023552833
0 0.4390106 0.23506598 0.03883934 0.074689426
1 0.7832571 0.28763047 0.20281295 0.29217175