0 0.66015047 0.6003732 0.023972703 0.03318151
0 0.54506505 0.7020316 0.022842025 0.031563062
3 0.07826074 0.3880821 0.029534161 0.035252128
0 0.3823323 0.7564108 0.02451973 0.034491986
3 0.3811555 0.59446925 0.060584165 0.06851374
0 0.39398637 0.5416176 0.025667954 0.032676317
1 0.6213605 0.2115371 0.22854137 0.23430666
3 0.323378 0.6781128 0.026869392 0.034863282
3 0.27563605 0.78871804 0.05511699 0.06711362
3 0.24011491 0.72475 0.027163697 0.035279468
3 0.26967803 0.79344857 0.043223 0.05784251
3 0.296749 0.77214 0.041153908 0.06274491
3 0.40236083 0.15143198 0.028199602 0.039730266
3 0.59445375 0.49729866 0.022293283 0.02939733
3 0.27857673 0.24760762 0.5507839 0.4710375
3 0.17414688 0.8602799 0.10374155 0.09054057
3 0.55363667 0.47832263 0.037119485 0.060571164
3 0.28300017 0.7808162 0.068951845 0.07824708