0 0.27496812 0.63578266 0.029594803 0.036798608
0 0.33523902 0.6975236 0.027390575 0.032377116
0 0.42877555 0.65048707 0.028383637 0.03069916
0 0.44407392 0.6787108 0.030255795 0.033203382
3 0.26227823 0.1447487 0.028112317 0.03730112
3 0.4505231 0.33183223 0.027626991 0.034287073
3 0.6768226 0.40523544 0.025543023 0.032577135
3 0.34700534 0.74297976 0.049710035 0.05965971
3 0.35418615 0.49264595 0.024645329 0.032613058
1 0.780577 0.2904025 0.20012055 0.2963505
3 0.6652095 0.5340854 0.04660931 0.05158679
3 0.15237045 0.45808846 0.029411985 0.03602473
3 0.34054956 0.7457632 0.03669834 0.054403942
3 0.43886286 0.23505282 0.040771484 0.076596394
3 0.47988614 0.58695006 0.046473123 0.06758639
3 0.96276516 0.98681855 0.044860076 0.026362993
3 0.13091338 0.07365967 0.26182675 0.14731935
0 0.43846408 0.678579 0.030819416 0.028677624
3 0.24563232 0.476501 0.05550761 0.06826948
3 0.52487165 0.10522013 0.47924778 0.083324656
3 0.9565898 0.9882061 0.06159134 0.023587927