0 0.7894541 0.8675113 0.023734093 0.030920157
3 0.887064 0.8556192 0.025722122 0.0304039
0 0.76617306 0.82631344 0.02326355 0.030679831
3 0.75983375 0.80186504 0.02244587 0.031447604
3 0.50994575 0.8114499 0.024475193 0.03216909
0 0.20355327 0.62266976 0.030538512 0.03394788
3 0.3211306 0.08304525 0.028520633 0.038483016
3 0.1649396 0.4938408 0.026769448 0.033834077
0 0.76248115 0.81588256 0.022999955 0.037944797
3 0.24202526 0.29336673 0.022309637 0.030184684
3 0.16618268 0.042674992 0.31372443 0.0840164