1 0.24636035 0.39557937 0.28427383 0.25677046
3 0.08952277 0.08813553 0.1742597 0.1673806
3 0.24685772 0.43586543 0.49371544 0.7627639
3 0.30726466 0.25349963 0.5961792 0.44004405
3 0.16979961 0.37896028 0.33959922 0.75792056
3 0.36408043 0.46574956 0.72816086 0.70424974
3 0.13188536 0.09334686 0.25633523 0.15138194
2 0.3662234 0.50181806 0.049323943 0.058769483
3 0.7663313 0.34322226 0.024145031 0.03490957
3 0.8923923 0.09820749 0.028176118 0.04352039
3 0.39397642 0.1920581 0.7536256 0.304307
3 0.85319424 0.5111976 0.028962517 0.03805593
3 0.4314331 0.2794376 0.84685194 0.4861907
3 0.5158194 0.5064462 0.8069164 0.60140735
3 0.2451047 0.5439099 0.4902094 0.539384
3 0.12802543 0.3054353 0.25331804 0.60034853
3 0.08973228 0.16401699 0.17542374 0.2949945
3 0.19890292 0.44335398 0.30832854 0.4602842
0 0.1828305 0.31635496 0.365661 0.6180348
3 0.21408962 0.2738911 0.4221352 0.5166143
3 0.044626888 0.52529114 0.089253776 0.73094326