3 0.21879406 0.29844177 0.028792525 0.034336727
3 0.31784615 0.6686535 0.026333809 0.03369128
0 0.4525469 0.7817872 0.02756176 0.03310509
3 0.48066002 0.5878058 0.0499486 0.06932933
3 0.40791154 0.64358 0.026476383 0.03371582
3 0.35108516 0.73751944 0.05817013 0.07193362
0 0.4872465 0.53865194 0.022447778 0.03312375
0 0.735048 0.6773277 0.02605114 0.03350919
0 0.612447 0.74476475 0.024107648 0.03270124
3 0.7006688 0.58548397 0.025198365 0.031604134
3 0.43907413 0.23624969 0.039818954 0.07658304
3 0.962964 0.9868653 0.044207383 0.026269533
3 0.2326129 0.7812294 0.09661384 0.0950395
3 0.24672996 0.476411 0.049915504 0.061846927
3 0.57325166 0.1703943 0.027767658 0.037404634
3 0.34148362 0.7447247 0.03880587 0.059267428
3 0.95761126 0.98812675 0.058997538 0.023746619
0 0.43899593 0.23502304 0.03892231 0.07468542