0 0.5935745 0.07130148 0.033605006 0.03747899
3 0.631096 0.5039813 0.030459596 0.036865238
0 0.71596473 0.3509946 0.029849816 0.030577216
3 0.6078291 0.61181414 0.029915048 0.03835551
3 0.53592414 0.6926893 0.021133995 0.039372765
3 0.31129718 0.574352 0.028888607 0.0383756
3 0.51870966 0.04378794 0.049474906 0.051490437
0 0.5972745 0.35277158 0.031573296 0.035584517
0 0.7105934 0.49046615 0.02975731 0.031016987
3 0.70663804 0.03307111 0.04787426 0.044006858
3 0.37846255 0.10078004 0.036181547 0.044669043
3 0.9362852 0.93092626 0.12608567 0.13657418
3 0.45036674 0.6191644 0.039175987 0.067418166