0 0.17371055 0.6003531 0.026692271 0.034056094
0 0.13648884 0.6353985 0.029888082 0.037673697
0 0.15974838 0.6292179 0.031692673 0.038803104
3 0.10717445 0.31530982 0.020227237 0.030841384
3 0.097355 0.3551321 0.02127309 0.030586563
3 0.11290188 0.37242478 0.02247181 0.0345061
3 0.12934192 0.31331408 0.023101378 0.032049052
3 0.1545276 0.3666395 0.021820879 0.035138704
3 0.35141656 0.7364711 0.05864935 0.07274221
3 0.48073062 0.5872934 0.047468375 0.06645737
3 0.13493307 0.37985677 0.022995615 0.03520788
1 0.7795698 0.290644 0.2022417 0.29575783
3 0.24634504 0.47687253 0.050440647 0.06253078
3 0.6645977 0.53434795 0.048683167 0.053073123
3 0.14645961 0.3313213 0.022098113 0.03400879
3 0.4389061 0.23499185 0.038597584 0.07557539
3 0.123076476 0.31569985 0.019350028 0.030520186
0 0.16487385 0.62791 0.032449342 0.041778058
3 0.117759004 0.33968103 0.019197179 0.03632609
3 0.9625953 0.98685956 0.045204736 0.026280977
3 0.1019149 0.36016554 0.022417545 0.03571994
3 0.13758807 0.37762368 0.01946106 0.03483429
3 0.23300686 0.7810977 0.094625555 0.09366049
3 0.95465213 0.9883263 0.06612988 0.023347411