0 0.16116421 0.5792705 0.026684428 0.036701713
3 0.09216817 0.3713151 0.028875256 0.034013942
3 0.08448387 0.45085445 0.026411533 0.032381125
1 0.75266725 0.31936887 0.27842122 0.2108005
0 0.17410484 0.6001225 0.027890874 0.035955433
3 0.18332534 0.12255477 0.027385736 0.03847946
0 0.16623667 0.5911543 0.030147552 0.040390525
3 0.15883552 0.2730213 0.030708624 0.03635572
0 0.16018334 0.6282224 0.02827835 0.03958791
0 0.1326151 0.63486165 0.03034091 0.038425703
3 0.0975932 0.16950873 0.02625277 0.036011633
0 0.15127043 0.61374885 0.02490797 0.047011696
3 0.1481847 0.61343306 0.026452495 0.041336443
0 0.14015317 0.6304194 0.032621432 0.043272655
3 0.049933832 0.083756104 0.099867664 0.16751221
3 0.96100426 0.9872432 0.046743013 0.025513778
3 0.58473307 0.3642883 0.025317097 0.033132046
3 0.9026248 0.18853031 0.018974496 0.029313756