3 0.33674252 0.42869303 0.67348504 0.7590299
1 0.19791518 0.27526015 0.1820284 0.25247568
3 0.11481222 0.24615158 0.22488697 0.4826361
3 0.23596187 0.25545958 0.47145483 0.43705943
3 0.41287288 0.27802962 0.7897932 0.48483694
3 0.34596512 0.16499238 0.69193023 0.25831383
3 0.46906397 0.4821749 0.8006472 0.6578452
3 0.05453197 0.067547165 0.096350506 0.10191535
3 0.89259166 0.09797628 0.028183175 0.042501215
3 0.85376114 0.5079025 0.026031494 0.03724874
3 0.26556823 0.10930204 0.53113645 0.19462436
3 0.76701367 0.34483492 0.02611599 0.035615288
3 0.38678142 0.20088564 0.7720568 0.3169511
3 0.7057714 0.34962064 0.025022507 0.034411114
3 0.8117852 0.5129144 0.027038002 0.036204275
3 0.105925106 0.06067538 0.20764041 0.112941846
3 0.30992675 0.127002 0.44499466 0.17718548
2 0.1256244 0.17460614 0.034612324 0.0493351
3 0.15619016 0.16582118 0.30251262 0.33164236