0 0.17385569 0.60086125 0.026633978 0.033203635
3 0.16178425 0.31591707 0.021689368 0.032455128
3 0.16097735 0.28168008 0.021455383 0.029661689
0 0.13709167 0.6356288 0.029723262 0.03567149
0 0.15846859 0.62961274 0.034781482 0.038100436
3 0.11882398 0.3083786 0.02049303 0.029968264
3 0.10163309 0.28496787 0.019098712 0.030449297
1 0.780379 0.29121736 0.2028553 0.29649812
0 0.12518638 0.2837702 0.0146418335 0.025800707
0 0.16426086 0.62748086 0.035149384 0.04171092
3 0.63725996 0.57605356 0.05288868 0.026956305