3 0.9114973 0.24152087 0.01729393 0.05091394
0 0.7338854 0.69462556 0.024652291 0.030199435
3 0.73988265 0.5227256 0.032129 0.04640497
3 0.69236624 0.56292653 0.019745445 0.026064303
0 0.60926783 0.7456153 0.022732353 0.030061342
0 0.4426777 0.7442518 0.0244421 0.031493887
0 0.49100944 0.54009426 0.024067879 0.03166364
3 0.31249568 0.66748023 0.02522974 0.033770498
3 0.7364203 0.39022404 0.019824792 0.028079288
3 0.68771243 0.989773 0.09990626 0.020454153
3 0.56938285 0.1654619 0.026134683 0.035116896
3 0.2185544 0.28992984 0.02828579 0.033197403