0 0.5491989 0.09658695 0.027861023 0.038331702
0 0.3970678 0.59388834 0.022288322 0.031826656
3 0.47694835 0.13546705 0.028346062 0.038002644
0 0.39245382 0.093396194 0.024564458 0.034576513
3 0.24222994 0.6957074 0.026135016 0.035639193
3 0.47429982 0.50002235 0.023895646 0.032508407
3 0.66299945 0.803815 0.024006654 0.03309606
3 0.31854495 0.6965797 0.023451138 0.033148322
3 0.32838655 0.26324764 0.028145839 0.035134636
3 0.3045787 0.10096384 0.022363424 0.03209696
3 0.6189696 0.80638117 0.022408295 0.03291677
3 0.32099333 0.11704659 0.020826245 0.037007745
1 0.28754374 0.5021212 0.19590183 0.3060219