0 0.5519969 0.77274156 0.025327874 0.033622235
0 0.8344845 0.8987776 0.022664642 0.032403693
0 0.65941286 0.6147491 0.028814888 0.034292985
0 0.7034368 0.87267065 0.021414567 0.03330587
3 0.54380774 0.66067153 0.025706291 0.03456701
3 0.46073982 0.6278097 0.025853729 0.035247043
3 0.8484282 0.3135456 0.0264637 0.034911856
3 0.49248314 0.23626986 0.023804283 0.033263844
3 0.92844737 0.57808757 0.0151577 0.03159002
1 0.96829 0.5912873 0.06342011 0.46809274
0 0.34728274 0.69699687 0.022674276 0.059599053
3 0.34769008 0.6926692 0.023690462 0.07162997
3 0.35118875 0.68944716 0.027576257 0.08138428