3 0.10715335 0.31521362 0.020217849 0.031227114
3 0.09742656 0.35518497 0.021620119 0.031233534
3 0.12932567 0.31339222 0.023185397 0.032190323
3 0.11300361 0.37264386 0.022407437 0.03485063
3 0.15485254 0.3667061 0.021793222 0.035695523
3 0.35161135 0.73598367 0.058767702 0.073365785
1 0.78052837 0.29339567 0.20128022 0.29461893
3 0.13508235 0.37998736 0.023126364 0.03535182
3 0.6662326 0.5344142 0.045316886 0.053223167
3 0.024364782 0.4865231 0.048729565 0.1023496
3 0.14753543 0.33158466 0.022106623 0.032580122
3 0.2442255 0.47734556 0.05629306 0.06643219
3 0.12312968 0.31604344 0.019262124 0.031166332
3 0.4388404 0.23526694 0.039001465 0.076047555
3 0.96259975 0.98690885 0.04477806 0.02618243
3 0.11763586 0.33968195 0.01877482 0.0364577
3 0.10067916 0.3586728 0.02281527 0.034908805
3 0.95525694 0.9884233 0.0644043 0.02315356