0 0.5340854 0.7347748 0.024785614 0.033822633
3 0.8510848 0.5320954 0.033125307 0.046703596
0 0.58765644 0.534079 0.023602296 0.031542588
0 0.7005443 0.7466102 0.022278786 0.030920539
0 0.82823974 0.70382655 0.024620628 0.028382367
3 0.40843233 0.64824694 0.026729299 0.03393021
3 0.79070896 0.57048357 0.01938858 0.028718313
3 0.8397671 0.39913046 0.021566773 0.030734383
3 0.979836 0.5620925 0.019061852 0.028160606
3 0.49490523 0.6363035 0.024896622 0.034745026
3 0.677098 0.16340108 0.027293777 0.0368632