0 0.48985997 0.47987056 0.020462418 0.031438958
0 0.5230042 0.4465413 0.021527767 0.029029466
3 0.38024625 0.61603904 0.02327075 0.032530468
3 0.46026936 0.5573722 0.022160053 0.03249817
0 0.48297453 0.44868758 0.021034623 0.029629009
3 0.15089132 0.5803928 0.027478768 0.034258146
3 0.15453553 0.12289126 0.026799917 0.03596314
3 0.37159476 0.5318222 0.024527742 0.033797838
3 0.57793504 0.48936886 0.020600414 0.030861285
3 0.2521009 0.6368346 0.023721695 0.031079866
3 0.17771135 0.14260134 0.025402594 0.034729894
3 0.9937889 0.09337534 0.012422181 0.0742473
0 0.48771396 0.4771515 0.021757413 0.045483083
3 0.5024404 0.4468746 0.021383286 0.028630957
1 0.23796824 0.3985311 0.3138515 0.16674513
3 0.37679154 0.4502671 0.019543648 0.027186586
0 0.4860571 0.45152158 0.023668194 0.035894524