3 0.65975636 0.69327766 0.025402833 0.035768382
3 0.20027545 0.12354876 0.026521731 0.035972804
1 0.17297205 0.82350725 0.29771388 0.27568805
3 0.6620842 0.27793908 0.026840402 0.037380982
3 0.37913442 0.09449977 0.027760124 0.03733562
3 0.14293432 0.17318733 0.025390817 0.036854748
3 0.3110528 0.48053065 0.031870365 0.035069533
0 0.22994308 0.868002 0.023096466 0.032959495
3 0.64069766 0.1369954 0.026972389 0.037871234
3 0.28664377 0.77448785 0.019913483 0.0317688
3 0.94023556 0.8094482 0.028796388 0.03611425
3 0.66064054 0.14530905 0.025673961 0.03770009
3 0.65652514 0.14304629 0.035285473 0.043884724