3 0.14844014 0.07420048 0.019893145 0.031428706
0 0.7744403 0.8227479 0.02527771 0.032451376
0 0.17466128 0.66181636 0.03215916 0.037564214
1 0.29661036 0.42550877 0.20944758 0.15286091
3 0.9014854 0.5881876 0.02675209 0.03401362
3 0.7404847 0.76557964 0.024915123 0.03244756
3 0.4946185 0.80631554 0.026228905 0.035082884
0 0.7619727 0.8394865 0.027759362 0.03439204
3 0.9583489 0.42661294 0.019422913 0.023811977
0 0.7792824 0.3752151 0.028340532 0.036083225
3 0.9518102 0.28827527 0.019433975 0.037142757
3 0.95338404 0.3600129 0.021878053 0.04154358
3 0.9627762 0.7133309 0.027860641 0.029062273
3 0.94538975 0.21717462 0.025466919 0.038538616
3 0.12756029 0.41765794 0.025846053 0.033600807
3 0.125896 0.5385736 0.02838707 0.033125848
3 0.96355534 0.65331274 0.01888523 0.035733543
3 0.18756661 0.32846242 0.023847818 0.03106448
3 0.18244123 0.3575785 0.023268843 0.03059451