0 0.6873621 0.47029242 0.029585743 0.032853954
0 0.7253313 0.90191925 0.022206975 0.031847384
3 0.08935549 0.27322093 0.032600116 0.038184233
3 0.07802983 0.58577573 0.027847027 0.03561783
0 0.1283146 0.8147883 0.033492852 0.039520137
3 0.07924449 0.70178974 0.028370142 0.03608068
3 0.82112277 0.65479356 0.023146821 0.031413145
3 0.8365435 0.3714512 0.021299934 0.036189906
3 0.13178754 0.49495065 0.027969455 0.033070758
3 0.12862809 0.52201694 0.02982731 0.03526904
0 0.7154021 0.9203197 0.024287224 0.035149895
0 0.72107744 0.90842754 0.025823975 0.042650227
3 0.84530133 0.43581435 0.027539825 0.041776597
3 0.8248912 0.30774957 0.02488308 0.035345588
3 0.4523408 0.9232763 0.026318932 0.036233015
1 0.24518195 0.5636293 0.18701382 0.14175174
3 0.5074596 0.016470043 0.08016472 0.03291781
1 0.91792643 0.19736882 0.16047211 0.3932997