0 0.5519995 0.7728413 0.025209999 0.03351008
0 0.8345155 0.89867574 0.022994423 0.032615155
0 0.6594889 0.6147095 0.028806686 0.034711458
3 0.5438185 0.66073626 0.025557136 0.034493256
0 0.70344085 0.87266886 0.021593476 0.03354772
3 0.4606412 0.6274886 0.025572587 0.034406282
3 0.8490015 0.31375316 0.027380753 0.035356905
3 0.49240252 0.23613176 0.023796558 0.032577485
3 0.051122844 0.04856374 0.101935886 0.0962295
0 0.34724855 0.6966109 0.02250948 0.058945723
3 0.92849314 0.57787836 0.015229798 0.031503808
1 0.968664 0.59115654 0.06267214 0.45939082