0 0.045002043 0.07573325 0.08931136 0.14192086
0 0.55200875 0.77261305 0.02391777 0.032376356
0 0.8347214 0.899 0.023647308 0.033605706
3 0.47849503 0.71497804 0.039542582 0.067632295
3 0.5437998 0.6605837 0.02509575 0.03439611
0 0.70371133 0.8730006 0.021557808 0.03330816
0 0.65932363 0.6139089 0.02495041 0.034521613
3 0.49220225 0.23743214 0.024796678 0.034680367
3 0.4608594 0.62691456 0.02500534 0.033642706
3 0.65027237 0.65977734 0.04990978 0.06628291
1 0.96781605 0.6253827 0.06436787 0.5359211
3 0.46046048 0.4183925 0.038972568 0.061818063
3 0.8482027 0.31409287 0.026353836 0.035827894
0 0.34719345 0.69656575 0.022003746 0.057485584
3 0.7118235 0.30909726 0.055015948 0.071997456
3 0.34770623 0.6936625 0.023272038 0.06727117
3 0.35521007 0.71362513 0.022932624 0.043290965