0 0.17398997 0.6008363 0.026936937 0.03427442
0 0.1370726 0.63539034 0.031073093 0.036814757
3 0.09725946 0.35519496 0.020993877 0.029891206
3 0.10719698 0.31535047 0.020386595 0.031126406
3 0.11313613 0.37185544 0.021453047 0.03297615
0 0.15880494 0.62965035 0.035338093 0.039109167
3 0.12922576 0.31347907 0.023231601 0.031256996
3 0.3519011 0.7369356 0.05952015 0.07359251
0 0.16264133 0.6264315 0.031605195 0.043562446
1 0.7825803 0.29536536 0.19972181 0.29412895
3 0.15418021 0.3657486 0.021430945 0.03323733
3 0.13486461 0.37919098 0.022232963 0.033607613
3 0.11771267 0.33952245 0.019827653 0.035932545
3 0.96187174 0.9867829 0.045996856 0.026434328
3 0.12320443 0.31556982 0.021157265 0.030426027
3 0.14663962 0.33099508 0.022469616 0.033421326
3 0.1017009 0.35966927 0.022178942 0.03437767
3 0.955291 0.9882091 0.06381359 0.023581823
0 0.14368549 0.6350716 0.042672586 0.0389829