3 0.18293734 0.12251179 0.027413536 0.03740352
3 0.08835683 0.57380897 0.029448796 0.033951316
3 0.09209382 0.37132403 0.029594947 0.033148766
3 0.083315946 0.45166025 0.024339342 0.03352623
0 0.15640287 0.35431182 0.029012728 0.037392683
0 0.14403251 0.674438 0.031227255 0.03678462
3 0.15877016 0.2720434 0.028420735 0.03645058
1 0.826746 0.36117092 0.24345092 0.15208367
3 0.9476779 0.9858251 0.07717152 0.028070452
3 0.96598667 0.9868573 0.035619736 0.026285555
3 0.6785015 0.35716146 0.016672516 0.029508084