0 0.15154852 0.7208794 0.03160074 0.035937883
0 0.7331187 0.85036296 0.023948098 0.032157898
0 0.71432114 0.4364535 0.028374482 0.033179983
3 0.13190083 0.17484872 0.020322228 0.029981457
0 0.72958297 0.8552065 0.029070854 0.040734865
0 0.7222156 0.8653829 0.025050355 0.03635483
3 0.1079087 0.48748693 0.025958676 0.033784613
1 0.2820979 0.48127487 0.19432198 0.14487319
3 0.10423179 0.6032578 0.027708156 0.034104157
3 0.4691938 0.84866965 0.026954556 0.034432605
3 0.83488315 0.6241476 0.023736954 0.028982673
3 0.14691955 0.48790386 0.014407039 0.025860978
3 0.69937 0.7972303 0.025709724 0.0323054
3 0.16800658 0.40297672 0.024529172 0.031034535
3 0.16236146 0.42909098 0.024396349 0.032166675
1 0.93022996 0.20135106 0.13736477 0.40270212
3 0.89506286 0.6823274 0.01881504 0.034676746
3 0.8989094 0.73798305 0.025505448 0.03040352
3 0.16392684 0.42479345 0.026388003 0.03866819
1 0.9539072 0.17021032 0.092185594 0.34042063
3 0.7016367 0.909241 0.028400516 0.016797893
3 0.6200723 0.9936598 0.049740124 0.0126806265