0 0.55176806 0.77228755 0.023290157 0.031723913
3 0.4783841 0.7141213 0.040083982 0.06873398
0 0.83461666 0.8989808 0.023402406 0.033358768
3 0.5437852 0.66026413 0.02482586 0.033837765
0 0.7035807 0.8727826 0.021278476 0.03307419
0 0.65919274 0.6137857 0.024864579 0.033558656
3 0.46084896 0.6265296 0.024411583 0.033334352
1 0.9678468 0.623871 0.06430645 0.5326126
3 0.6505467 0.65988624 0.049279787 0.06565133
3 0.8487633 0.31348082 0.02448368 0.032887395
3 0.4613904 0.41758895 0.03650055 0.059793983
0 0.34707975 0.6968923 0.021823788 0.055289973
3 0.49221525 0.23593917 0.02278595 0.03499292
3 0.34756732 0.6945607 0.023038864 0.06436717
3 0.3555465 0.7127948 0.022574281 0.04446462