0 0.1737058 0.60050374 0.026857186 0.034534838
0 0.13639681 0.6354101 0.02957039 0.037858456
3 0.10714727 0.31514335 0.020245124 0.031013299
3 0.097249664 0.35512823 0.021368027 0.03016917
0 0.15993817 0.629221 0.0316216 0.03950628
3 0.1128852 0.37288344 0.022911359 0.035390347
3 0.15464358 0.36703852 0.022033835 0.03597247
3 0.12941389 0.31332156 0.02328105 0.03244146
3 0.3514606 0.7363887 0.05864792 0.07269364
3 0.48264447 0.5885571 0.047408488 0.06660932
3 0.13505414 0.38024962 0.023474073 0.035780843
1 0.78046805 0.29346293 0.20123224 0.29359272
3 0.66525155 0.53448343 0.04759388 0.05346413
3 0.24554782 0.4766895 0.05293789 0.06326218
0 0.16515832 0.6278571 0.032313943 0.042673748
3 0.14739995 0.33163014 0.022157812 0.032547634
3 0.43880215 0.23499982 0.038794518 0.07549629
3 0.123024404 0.31574062 0.01953423 0.03091469
3 0.96230096 0.9868795 0.04520626 0.02624105
3 0.01720684 0.525008 0.03441368 0.084517166
3 0.117583446 0.33994803 0.019090487 0.03645986
3 0.10183294 0.35980463 0.022506673 0.035055034
3 0.2334814 0.7808249 0.09385381 0.093857326
0 0.43852907 0.23453629 0.036696818 0.073059246
3 0.9546361 0.98837525 0.06522846 0.023249565
3 0.36712584 0.43190643 0.05537052 0.08226083