0 0.79991704 0.84367454 0.025784684 0.035901006
0 0.8263733 0.3861922 0.032221224 0.03798434
3 0.5150888 0.79967046 0.023895932 0.03433177
3 0.94302225 0.61549973 0.02774849 0.03405571
0 0.78551453 0.85717815 0.026931763 0.038968153
1 0.33199206 0.40026793 0.21748085 0.14527626
3 0.76726496 0.78208727 0.029052163 0.034959666
3 0.20057276 0.036377784 0.020142032 0.03183303
3 0.16107576 0.50082314 0.026019096 0.033026442
3 0.16704051 0.38043645 0.023630857 0.031602036
0 0.20385496 0.62797594 0.03225627 0.03660495
3 0.1636164 0.9812148 0.14489126 0.037570383
3 0.22364672 0.32425684 0.025012303 0.030639777
3 0.22984524 0.29511893 0.023265267 0.03053373