3 0.71150416 0.72492415 0.031774808 0.054499567
0 0.3717405 0.7815979 0.02534771 0.03362274
3 0.18302615 0.40156767 0.3660523 0.79394394
1 0.814192 0.507669 0.14746861 0.35473508
3 0.64479613 0.6811166 0.02299328 0.044970322
0 0.52774125 0.8670654 0.019665813 0.03234571
3 0.6385921 0.6970603 0.03509741 0.06295599
0 0.66211456 0.88024944 0.024904061 0.034765117
3 0.6525446 0.29599595 0.027626991 0.037312765
3 0.27345768 0.64605093 0.028782273 0.035852052
0 0.47419354 0.6129597 0.027532196 0.033375297
3 0.6589805 0.7326026 0.019577026 0.03085836