0 0.49147484 0.11949985 0.024874687 0.03429788
0 0.1444977 0.67506033 0.032783367 0.037691247
3 0.18354714 0.1209303 0.024915649 0.03394779
0 0.67488956 0.18386011 0.02468567 0.033501785
3 0.66073126 0.12794694 0.023773575 0.033098128
3 0.08330435 0.45128155 0.023774112 0.030979348
3 0.08933684 0.5735824 0.028955543 0.032931264
3 0.13468397 0.38518822 0.023184156 0.030209351
3 0.12087648 0.45038912 0.011188245 0.02244479
1 0.24898028 0.43481037 0.20622721 0.15412751
3 0.13817523 0.355631 0.024629688 0.031252928
3 0.9027071 0.1964305 0.0155796055 0.020312501