3 0.91100866 0.25315237 0.014860916 0.04417706
3 0.1829181 0.12252528 0.027227854 0.037473712
3 0.09200683 0.37105623 0.02979964 0.034887444
0 0.14379075 0.67438495 0.03321662 0.039388787
3 0.083572865 0.45089558 0.026580691 0.033540472
0 0.15655553 0.35396242 0.028983831 0.038681667
3 0.08870366 0.5728147 0.029794777 0.03622335
3 0.15864027 0.27219236 0.029726982 0.03761419
1 0.8180708 0.36180735 0.25434 0.14716633
3 0.89967936 0.1677229 0.01884079 0.03628858
3 0.6781878 0.3577296 0.017029762 0.029199347