0 0.5468758 0.46286434 0.019346714 0.03067271
0 0.5734067 0.7386517 0.02471657 0.03144811
3 0.48048526 0.5870894 0.045437813 0.06511015
3 0.37333432 0.5737567 0.026291514 0.032916263
0 0.6378469 0.77062106 0.023216343 0.030499779
3 0.6687877 0.53336334 0.04202671 0.05268021
3 0.3504245 0.7383922 0.056986522 0.06934459
0 0.65871334 0.62157434 0.02409401 0.032264583
1 0.78099495 0.29393014 0.19814901 0.29329544
3 0.29732218 0.70154536 0.025437832 0.034740195
3 0.6216688 0.10811953 0.022681236 0.032092605
3 0.23238885 0.7813608 0.0972508 0.09554393
3 0.65263414 0.4836114 0.023123933 0.031565797
3 0.34313914 0.74078196 0.042408563 0.065225475
0 0.013852173 0.522892 0.027704347 0.09971594
3 0.20196378 0.26997077 0.029797887 0.039633118
3 0.43890882 0.23532028 0.038583376 0.07583005
3 0.24779613 0.47658852 0.04913163 0.063802466
3 0.9623812 0.9869156 0.045140456 0.026168952
0 0.4389742 0.23414037 0.037840463 0.07382721
3 0.95637083 0.9883032 0.061100196 0.023393696