0 0.17433296 0.6012641 0.028243829 0.03623759
3 0.10716921 0.31532195 0.020258212 0.03076598
0 0.13698451 0.6358546 0.030969763 0.038054533
3 0.097241245 0.3551337 0.021055771 0.030065538
3 0.113170125 0.37192062 0.021378422 0.03266462
0 0.15908073 0.6299667 0.036573317 0.040487036
3 0.12920347 0.31335145 0.023037625 0.031484224
3 0.35180184 0.73624223 0.059290268 0.074224345
1 0.7799678 0.29102552 0.20218773 0.2959622
3 0.15428975 0.36573526 0.021383954 0.033500418
0 0.16318202 0.6255921 0.03292043 0.047089133
3 0.6660151 0.53462255 0.045692157 0.05374947
3 0.13484925 0.37918454 0.021862054 0.03319283
3 0.11771884 0.33957022 0.019204998 0.03573634
3 0.12287416 0.31574193 0.01962061 0.030262757
3 0.43885985 0.23496298 0.03805485 0.075034656
3 0.14661832 0.3310177 0.021993829 0.032850523
3 0.9634032 0.98689413 0.042664338 0.026211804
3 0.10111351 0.3592595 0.021935297 0.034104414
0 0.14307542 0.6348744 0.043860342 0.04057579
3 0.9548914 0.98847914 0.06449795 0.02304179
0 0.4385043 0.23483793 0.036157798 0.07318214
3 0.36768493 0.43177456 0.05600853 0.082432054