3 0.65996283 0.69344956 0.025744056 0.036159646
3 0.6621084 0.27805352 0.026812745 0.03718472
1 0.17319326 0.8239723 0.29794738 0.27623522
3 0.20000568 0.12325496 0.025258495 0.03527484
3 0.37933084 0.094356626 0.026092052 0.036672767
3 0.14297867 0.17323321 0.02686267 0.037992448
3 0.65302247 0.0930652 0.027307415 0.036979772
0 0.22984938 0.86797565 0.023429109 0.032823693
3 0.67276996 0.14309572 0.02698164 0.03838133
3 0.2865313 0.7743092 0.020099832 0.031585693
3 0.62970203 0.12325788 0.02666359 0.040037636
3 0.940187 0.8094165 0.027718354 0.035681408
3 0.6505091 0.102560624 0.025476456 0.054579165