0 0.4905692 0.11818372 0.02512207 0.034659896
1 0.2525495 0.43303275 0.19995867 0.15185192
3 0.6607804 0.12682489 0.023719598 0.03388847
0 0.14449513 0.67509437 0.033038236 0.037316132
0 0.6743771 0.1824345 0.025376702 0.03408127
3 0.12051678 0.44977567 0.010812664 0.022042722
3 0.08861828 0.5733239 0.027938796 0.03176041
3 0.08304262 0.45070505 0.022816647 0.030866116
3 0.9539307 0.988685 0.05682869 0.022629993
3 0.18291222 0.12163752 0.02401247 0.03324671
3 0.90259105 0.19487725 0.01692543 0.022215303
3 0.0916972 0.060071524 0.1833944 0.11847286