1 0.75351137 0.31598943 0.27668476 0.20614778
0 0.17466472 0.5998018 0.02387445 0.033131156
0 0.1611163 0.5774273 0.023697997 0.029914858
3 0.08406224 0.45083615 0.025807215 0.031332146
3 0.18315317 0.12288026 0.026924325 0.038169768
3 0.09195562 0.37149242 0.029385997 0.033313625
0 0.16046965 0.6268812 0.026057959 0.03502744
3 0.15870014 0.27319017 0.030020809 0.035351753
0 0.15153335 0.6034809 0.017831897 0.03761686
0 0.1385194 0.62314284 0.020901823 0.0329127
3 0.09750188 0.16951089 0.026715577 0.03568268
0 0.1712747 0.5959113 0.024804235 0.035114545
0 0.15382232 0.59729683 0.01974523 0.038131207
0 0.16366072 0.6238415 0.031114532 0.030083213
3 0.6227668 0.577502 0.031153679 0.026722973
0 0.031517815 0.62737256 0.06303563 0.04781011
0 0.14903133 0.6110217 0.018232299 0.034273785
0 0.10327108 0.637785 0.083144285 0.06375784
3 0.9026392 0.18877794 0.01902771 0.029698787
3 0.05000135 0.08445027 0.1000027 0.16840608