3 0.85128206 0.53126234 0.03331051 0.04754175
0 0.53420824 0.734433 0.025099183 0.033797458
0 0.5876588 0.5334263 0.023432447 0.03173825
0 0.7007696 0.74616104 0.022337152 0.030441286
0 0.8285537 0.70333725 0.024914742 0.028459933
3 0.4086159 0.64789546 0.027126146 0.033999126
3 0.7908107 0.5695676 0.019786073 0.028157808
3 0.839909 0.39863527 0.02108307 0.029608855
3 0.49505106 0.6357096 0.024758434 0.034489825
3 0.9800502 0.56151026 0.019164467 0.028244274
3 0.57721835 0.23986971 0.034248352 0.06437299