0 0.4913888 0.118522696 0.024862766 0.034950387
0 0.14443181 0.6746159 0.03220606 0.037676495
3 0.0892874 0.57342917 0.03023169 0.035093945
3 0.6606199 0.12732105 0.02475891 0.03498141
3 0.08401459 0.45156646 0.025478626 0.03414358
0 0.67439586 0.18325232 0.02632084 0.035520364
3 0.13788801 0.35584128 0.024471212 0.03271243
3 0.9532428 0.9888593 0.057905197 0.02228152
3 0.9029047 0.19554679 0.016752625 0.021854782
3 0.13431859 0.38599098 0.02457409 0.032186892
3 0.94161624 0.9895645 0.08368378 0.0208711
1 0.48150274 0.02802739 0.18610106 0.055750668