0 0.78955203 0.86795837 0.025234414 0.032356773
3 0.93219966 0.2629191 0.013712311 0.033328917
3 0.51021284 0.81215346 0.024619102 0.03355764
3 0.759577 0.80310524 0.02349186 0.03345286
3 0.9317169 0.64972794 0.02377739 0.03057709
0 0.7650474 0.8272519 0.02627411 0.03204473
0 0.20389128 0.6235544 0.030698312 0.035481263
3 0.16495195 0.4945815 0.026777077 0.0335111
0 0.76256794 0.8176019 0.025571633 0.047311403
3 0.17658491 0.37525472 0.024613619 0.032049436
3 0.22164725 0.035967242 0.018753482 0.034204755
3 0.24235454 0.2940913 0.02294507 0.030766044