0 0.49051353 0.1195355 0.025317192 0.034399446
3 0.18264249 0.12133606 0.025241137 0.034338173
0 0.14385836 0.67575175 0.03304882 0.03747292
3 0.08259677 0.4516226 0.02328831 0.03116735
3 0.660341 0.12784196 0.023498535 0.03312329
0 0.6740839 0.1837424 0.024577618 0.033395898
3 0.13372937 0.38562083 0.024053622 0.03019867
3 0.088308714 0.5737173 0.028317524 0.03256175
3 0.12028451 0.4502335 0.011007882 0.022587078
3 0.13699228 0.35573748 0.025081133 0.030521268
1 0.25063977 0.434355 0.20244193 0.15518202
0 0.666667 0.7908097 0.06028223 0.089244336
0 0.9404731 0.59123653 0.11905384 0.1226223
3 0.90133613 0.19674802 0.017803192 0.021302383