0 0.7747178 0.86716366 0.02698536 0.041806288
0 0.836133 0.39002243 0.031009102 0.038986336
3 0.5061075 0.81432474 0.027264595 0.037050884
0 0.17829631 0.6426913 0.03297658 0.03921458
3 0.12667795 0.508905 0.028952647 0.034932267
0 0.7891657 0.85359895 0.02948494 0.03483251
3 0.12822437 0.37790403 0.028613806 0.03602778
3 0.76069975 0.7938462 0.027024841 0.03524221
3 0.19491765 0.28469178 0.026549315 0.03790938
3 0.18850546 0.31557444 0.027231717 0.036101535
3 0.9432106 0.62734556 0.028217698 0.03326594
1 0.32463658 0.40625885 0.20582119 0.15828298
0 0.78628093 0.85935265 0.034658052 0.044020083
3 0.17000194 0.39075613 0.013026095 0.028433101