0 0.6598138 0.6030141 0.023947144 0.032573067
0 0.38226196 0.7592635 0.024928426 0.03431651
3 0.07920021 0.39017993 0.028072834 0.034206837
0 0.3940506 0.54351765 0.025422573 0.032040663
3 0.2716518 0.7935457 0.04623375 0.06337179
3 0.23954706 0.7268176 0.02649269 0.03501218
3 0.26702952 0.79779947 0.037292864 0.055639397
0 0.54515666 0.7038534 0.023139572 0.030969748
3 0.32307124 0.6801164 0.02638464 0.03497531
1 0.6422683 0.20986336 0.27969933 0.24262534
3 0.38120222 0.5957942 0.058338355 0.069529474
3 0.2954734 0.77411157 0.042782784 0.063734695
3 0.7518721 0.052707866 0.30066997 0.10541573
0 0.8919787 0.22101845 0.066057585 0.06039734
3 0.13813357 0.5618326 0.04832525 0.055590313
3 0.28170648 0.7865196 0.06767779 0.07529844