0 0.1440078 0.674702 0.033712626 0.039575834
3 0.18320426 0.12194163 0.02754171 0.038637545
3 0.0894406 0.5728039 0.03052156 0.037033085
3 0.08390932 0.4509696 0.025677133 0.034337237
3 0.1372166 0.35601407 0.028713703 0.039307214
3 0.13591006 0.3653232 0.03040433 0.05779203
3 0.13515961 0.38565996 0.03056612 0.039374355
0 0.7099921 0.2858507 0.020947551 0.029373107
0 0.49456808 0.116593696 0.0122179035 0.027343037
3 0.13622265 0.37575692 0.032203056 0.057890575
0 0.67466736 0.18114126 0.019113636 0.03046748
3 0.6607019 0.12538716 0.020877361 0.030646263
3 0.95628756 0.98857325 0.052498627 0.022853598
3 0.72203887 0.16969669 0.017072106 0.018014591