1 0.3355904 0.54042983 0.19836764 0.140744
0 0.75663584 0.99032825 0.03107872 0.019343505
3 0.8882546 0.779755 0.02470398 0.03271459
3 0.9463598 0.43528718 0.023584366 0.036175795
0 0.7840256 0.55889016 0.027719498 0.033490755
3 0.94802874 0.5024476 0.021962738 0.03607534
3 0.94779557 0.6318717 0.02416954 0.025568137
3 0.9439684 0.8498307 0.019535065 0.03840167
0 0.18125966 0.75308424 0.028358078 0.033465322
3 0.7273484 0.9360263 0.02466755 0.038214877
3 0.4840828 0.9455893 0.025554657 0.034235764
3 0.94549847 0.5683092 0.026945496 0.041567486
3 0.2057654 0.46799734 0.4098611 0.899432
3 0.324773 0.4796057 0.649546 0.9050647
3 0.9414744 0.90893507 0.028150177 0.031824496