3 0.1829267 0.12300829 0.027780294 0.03820229
0 0.15664445 0.35410208 0.0288311 0.038187664
3 0.09204779 0.3715912 0.029307509 0.034091063
3 0.083962135 0.45117286 0.026360203 0.033907067
0 0.14377831 0.6746249 0.03334651 0.03923874
3 0.08853511 0.5736884 0.029611016 0.034623973
3 0.15898028 0.27233735 0.029480696 0.037636504
0 0.8275771 0.95559484 0.0973114 0.08881054
1 0.82867575 0.36186647 0.24448358 0.1483644
3 0.6779677 0.35703278 0.016066743 0.027735267
0 0.74389637 0.40405086 0.019708157 0.028235627