1 0.2679697 0.5670636 0.19603492 0.14443156
0 0.72266096 0.90546256 0.022447778 0.029381817
0 0.68732435 0.5014116 0.025231553 0.02883835
0 0.7134351 0.92463267 0.023477936 0.029710645
0 0.1464223 0.81511706 0.03332758 0.035655722
1 0.91084796 0.25983974 0.17566815 0.51932615
3 0.4620193 0.92439985 0.024752522 0.032366436
3 0.810754 0.6757315 0.021244813 0.026866151
3 0.10224587 0.58684283 0.026469875 0.032583237
3 0.09867194 0.7004555 0.02682265 0.03277003
3 0.12682776 0.28713742 0.02532723 0.034408443
3 0.16000317 0.5017804 0.02330835 0.030413184
3 0.8242426 0.42041957 0.018513871 0.03174604
3 0.15546225 0.52636796 0.023132777 0.031014698
3 0.68752253 0.8560008 0.0236475 0.030374402