2 0.48755646 0.5028211 0.044033814 0.044736356
1 0.3639153 0.49053487 0.29563838 0.13207284
3 0.29776794 0.15896867 0.5753732 0.31793734
3 0.105309404 0.26630658 0.027456809 0.040172834
3 0.6213685 0.3617025 0.022872925 0.030860966
3 0.37528458 0.56160843 0.39122963 0.2613091
3 0.11386144 0.55006385 0.028553033 0.037594892
3 0.09446697 0.7838642 0.028323067 0.041237388
3 0.6644339 0.028239872 0.023319054 0.03705357
3 0.91277313 0.025044017 0.026793672 0.044497263
3 0.9091215 0.29376557 0.03075905 0.039533235
3 0.05528724 0.13566345 0.10884577 0.2667286
3 0.5615453 0.37464908 0.026887512 0.030854862
3 0.5911539 0.40485245 0.018480683 0.031665802
3 0.11686938 0.016582683 0.02465315 0.033165365
3 0.58709824 0.31753 0.023054505 0.031340536
3 0.5003652 0.14964859 0.8186911 0.29908884