0 0.14402401 0.67468274 0.033638764 0.03985367
3 0.18302386 0.1220251 0.02689085 0.037850924
3 0.08937905 0.5730062 0.030342126 0.036902875
3 0.084005386 0.45103973 0.025759483 0.034456
3 0.53629196 0.656994 0.024922086 0.032936733
0 0.49054155 0.11761053 0.022168636 0.03132852
3 0.13579817 0.36686495 0.030289793 0.06032175
3 0.13704899 0.35686162 0.028806305 0.040712424
3 0.13515525 0.38567877 0.03028269 0.040083315
1 0.78115714 0.37036237 0.3362673 0.15429866
3 0.13618398 0.37655577 0.031675626 0.057269733
3 0.9554974 0.98841053 0.054854583 0.023178993