0 0.4909911 0.11826951 0.02461691 0.033612665
0 0.14444636 0.67285335 0.025475217 0.03329875
3 0.18284808 0.12085444 0.025252437 0.035021957
3 0.6608844 0.12720783 0.024328804 0.034790106
3 0.08295041 0.45081025 0.024533153 0.03151188
0 0.67447215 0.18312918 0.025401497 0.035097092
3 0.120763615 0.4497974 0.011097336 0.02237727
3 0.13421054 0.38454998 0.024734378 0.03145536
3 0.13729326 0.35519773 0.025637055 0.03182831
3 0.089630924 0.5715401 0.020050932 0.02725436
1 0.25807562 0.43440637 0.18763046 0.1540642