0 0.55191755 0.7728668 0.025501633 0.034030788
0 0.8344631 0.8986972 0.022924041 0.032467145
0 0.6592699 0.6144613 0.028759766 0.03442612
0 0.7027125 0.8725335 0.021307278 0.033669792
3 0.5438062 0.6606482 0.025601005 0.034648642
3 0.4925154 0.23657943 0.024315072 0.03339367
3 0.46072912 0.62787086 0.02580042 0.035295743
3 0.46074328 0.41737553 0.03893614 0.0633962
3 0.8484947 0.31359234 0.026654815 0.035154853
3 0.9284406 0.5779836 0.015111351 0.03163147
1 0.96848816 0.59079725 0.063023664 0.4678018
0 0.34708506 0.69663393 0.022700405 0.060554255