0 0.5517763 0.7728609 0.025901318 0.034813818
0 0.83445466 0.898451 0.022850037 0.032180917
0 0.70342445 0.87249136 0.0214468 0.033354953
3 0.5437309 0.66048545 0.025733663 0.034720995
0 0.65929097 0.6143499 0.02841568 0.03455429
3 0.67594117 0.7427586 0.025089646 0.04207789
3 0.49229327 0.23622486 0.024098206 0.033005845
3 0.46067962 0.6278576 0.025929166 0.035364788
3 0.84820193 0.31330356 0.027609253 0.0352843
3 0.7389812 0.33930084 0.04727869 0.06026548
0 0.34111688 0.6724279 0.02301159 0.062300622
2 0.063949846 0.077287495 0.054320253 0.1006016
1 0.9684963 0.5991654 0.063007355 0.4848035
3 0.9284336 0.57771915 0.014845467 0.031114707