0 0.673803 0.87227607 0.023110295 0.034421667
0 0.3903898 0.7500167 0.025736952 0.034151714
0 0.49986297 0.5911507 0.025170708 0.03405889
3 0.67768854 0.725721 0.019275188 0.031703442
3 0.66033477 0.6856485 0.035087395 0.064416885
3 0.7331827 0.72103655 0.033256914 0.056809746
0 0.54140395 0.8478276 0.022285843 0.032263692
3 0.492062 0.71522653 0.025039291 0.040187582
3 0.3007842 0.6073019 0.028961373 0.035724387
3 0.38389984 0.6391578 0.025780296 0.036032107
3 0.6920136 0.28931946 0.028312398 0.03549328
3 0.76838255 0.55690527 0.014999104 0.04045614
3 0.77290916 0.5927079 0.020650482 0.02896754
1 0.43779022 0.25277653 0.256667 0.30660546