0 0.16121963 0.57933176 0.026197268 0.036610797
3 0.08424375 0.4507184 0.025835752 0.032086246
3 0.0920782 0.3712814 0.028796984 0.033490755
1 0.7531742 0.31928363 0.2776311 0.21209182
0 0.17392825 0.59883666 0.02821808 0.036176555
3 0.18334508 0.12264969 0.026997065 0.038432345
0 0.16101204 0.6291701 0.027165938 0.03907522
0 0.16675557 0.5919954 0.029290749 0.039567314
3 0.15900221 0.27322918 0.030339861 0.035959437
0 0.13736863 0.6351041 0.03052044 0.037327576
3 0.09769084 0.16960648 0.026297366 0.03588168
3 0.049609322 0.08346706 0.09918209 0.16693412
3 0.95933956 0.98756003 0.04808712 0.024880093
3 0.5846781 0.36424857 0.024963284 0.03294894
0 0.15087768 0.6098157 0.02291937 0.040476866
3 0.1469407 0.60968924 0.024719382 0.033217877
3 0.90262014 0.18831325 0.01894722 0.028982418