2 0.5183256 0.54436576 0.044438552 0.043034494
3 0.29641113 0.21897721 0.57099307 0.43610752
3 0.0667228 0.04572554 0.10694756 0.08799393
3 0.43131968 0.60683805 0.36546108 0.2528571
1 0.39895275 0.5476241 0.2876454 0.13474719
3 0.07284973 0.3141628 0.14569946 0.6210862
3 0.61596715 0.43623513 0.01861992 0.032518197
3 0.14481924 0.62341374 0.023995781 0.035796102
3 0.5381795 0.3876645 0.82226086 0.775329
3 0.751174 0.3872206 0.40431824 0.7744412
3 0.33337873 0.60241437 0.55440307 0.25085428
3 0.27975854 0.025213419 0.49599367 0.049546942