3 0.65648466 0.071923 0.024355507 0.036552638
3 0.6597628 0.69323665 0.02546215 0.036011506
1 0.17421626 0.8237132 0.29762736 0.2759167
3 0.65652215 0.12798397 0.026285077 0.037855085
3 0.2007318 0.12369821 0.027467107 0.0363348
3 0.66197485 0.27787375 0.02685814 0.037068687
3 0.5817558 0.11263538 0.027481843 0.040220134
3 0.3792679 0.09446155 0.0278306 0.037227586
3 0.14285031 0.17352039 0.029110765 0.03949299
0 0.22985478 0.8680817 0.023481417 0.03308182
3 0.28661653 0.77449197 0.01992674 0.031641897
3 0.94027627 0.80955863 0.028772164 0.036314774