0 0.55167514 0.7728536 0.026081467 0.034895327
3 0.4923016 0.2363912 0.024414444 0.033660192
3 0.54378885 0.6604457 0.02597313 0.035027314
0 0.6592397 0.61419016 0.028729726 0.034591805
0 0.834408 0.89850366 0.022880364 0.03267479
3 0.6759955 0.74279004 0.025581932 0.042593896
3 0.4607733 0.62759095 0.026249124 0.035575613
0 0.702652 0.87268287 0.021634102 0.03443947
3 0.46132842 0.41551548 0.03812733 0.06312244
3 0.84853 0.31344962 0.027106477 0.035632454
1 0.9681129 0.58898103 0.0637743 0.4640714
3 0.92849773 0.5779659 0.015294648 0.032069527
0 0.34718192 0.69606084 0.022817135 0.06072159