3 0.18296592 0.12245581 0.027147103 0.037583034
3 0.09154552 0.37140256 0.029582763 0.03417066
3 0.08357685 0.4510768 0.02659135 0.03390535
0 0.14368574 0.67463267 0.03301356 0.039243065
0 0.15630172 0.3542092 0.0294158 0.038816836
3 0.088744566 0.57311493 0.029692328 0.035923894
3 0.15871084 0.27193347 0.029801512 0.037484743
1 0.82888335 0.3696925 0.24583708 0.16317889
3 0.6779292 0.35816264 0.016660977 0.028081896
0 0.7442371 0.4044058 0.02139759 0.030577598
3 0.90718746 0.21750532 0.012537956 0.024704108
3 0.57919574 0.94074684 0.038278867 0.06315193
3 0.7675345 0.41643703 0.02004013 0.027345404