1 0.93409806 0.2970413 0.12837373 0.5316238
3 0.6625704 0.75283283 0.019451523 0.026094057
3 0.6354034 0.7005208 0.032396983 0.050871406
0 0.4954546 0.6851487 0.022720052 0.027678937
0 0.42451546 0.84573025 0.023926258 0.027857082
3 0.71362925 0.62355655 0.017054558 0.022875214
0 0.6881012 0.87910646 0.026476001 0.030104829
3 0.88775235 0.8614412 0.020275498 0.042121634
3 0.69730276 0.69994867 0.027157594 0.039561465
3 0.21487999 0.42825937 0.4253834 0.8544751
3 0.9413741 0.4384305 0.117251776 0.876861