0 0.42503187 0.8369384 0.022738362 0.030237835
3 0.7015362 0.63437396 0.015014553 0.026547497
3 0.6933634 0.6057583 0.013207912 0.031368513
3 0.83219546 0.58632857 0.016638948 0.023820242
3 0.70542574 0.7170549 0.023125554 0.038046014
3 0.3277727 0.7282052 0.025205756 0.03318685
3 0.64743394 0.7085507 0.026969528 0.041446052
3 0.32210943 0.40201467 0.02293067 0.030791983
3 0.4063426 0.73967934 0.023302484 0.030357616
3 0.91166764 0.9779695 0.06901588 0.043855034
0 0.4974042 0.67635006 0.021088982 0.028101986
1 0.412487 0.42742813 0.2006239 0.223938
3 0.9299838 0.9782951 0.10568791 0.043375526
3 0.8321495 0.5402634 0.015927507 0.025055155
3 0.9382998 0.98738676 0.12340059 0.025226595
3 0.8387079 0.8666007 0.015211487 0.036141463
3 0.30748138 0.54511875 0.04344697 0.057125222