3 0.15172526 0.11950289 0.029235912 0.03856926
3 0.25006253 0.10325319 0.025164796 0.035138577
0 0.39583826 0.09144331 0.023871994 0.03478076
0 0.3976864 0.59378386 0.02212019 0.031145733
3 0.47581655 0.4993483 0.024869157 0.033003937
3 0.91424125 0.30579117 0.028062059 0.037420657
3 0.30919564 0.09950909 0.026548386 0.03643826
3 0.14204231 0.90504366 0.024438525 0.031956993
3 0.9365261 0.18609124 0.029459571 0.039778903
0 0.90339965 0.060336538 0.029213334 0.0396455
1 0.2871774 0.4927799 0.19802141 0.28804952
3 0.94700336 0.37699443 0.03053074 0.03994217
3 0.3019739 0.634056 0.023879243 0.03304062
3 0.9013247 0.06017539 0.0295002 0.042453293