0 0.77570707 0.91346514 0.019276334 0.028494518
0 0.54388946 0.81929874 0.022808267 0.029253643
3 0.86057585 0.79198325 0.027308274 0.04574941
3 0.78931826 0.41727522 0.028960228 0.03363018
3 0.53630763 0.71757895 0.026409054 0.031225841
0 0.6367972 0.6765285 0.026724815 0.03150101
0 0.68018955 0.9130365 0.019019032 0.029847592
3 0.4625024 0.6875324 0.028785516 0.03418503
3 0.79760414 0.80241793 0.01771841 0.031556956
3 0.79894656 0.76651245 0.024113942 0.04300512
3 0.87436944 0.6791792 0.018730355 0.0330555
3 0.48563835 0.34858215 0.027509881 0.028779222
1 0.92768425 0.73233795 0.14027405 0.5353243
3 0.8373028 0.5656639 0.0285717 0.049086764