0 0.5520217 0.7729191 0.023607826 0.032567598
0 0.8347236 0.89917266 0.023596002 0.033679456
3 0.4784781 0.7154161 0.039610293 0.06746369
3 0.5438262 0.660796 0.024900341 0.034141034
0 0.7037193 0.87324107 0.021680832 0.033757277
0 0.65921795 0.6142515 0.02478466 0.034356184
3 0.49213767 0.23770738 0.024377918 0.034879558
3 0.46075535 0.6272332 0.025024796 0.033262637
3 0.65002793 0.65986025 0.049904633 0.066344075
1 0.96785843 0.6245189 0.064283185 0.5334895
3 0.4604633 0.41925648 0.03861618 0.05894127
3 0.8480738 0.3143721 0.025938416 0.035422392
0 0.34701225 0.69670606 0.021838188 0.05800756
3 0.35569742 0.7151983 0.022879649 0.04137675
3 0.347657 0.6929639 0.023175478 0.069452286