0 0.14400852 0.6746829 0.03332386 0.039515816
3 0.18311659 0.1221689 0.027938796 0.038880415
3 0.08940255 0.57286596 0.030243326 0.037031557
3 0.08390398 0.45102364 0.02556317 0.034348045
3 0.1371275 0.3561307 0.028843641 0.03942477
3 0.13508852 0.38568354 0.0302418 0.03929075
3 0.13580146 0.36559185 0.030312968 0.058053527
3 0.13613167 0.37730032 0.03181796 0.055014867
3 0.9547331 0.9885122 0.056287386 0.022975668
3 0.660601 0.12587103 0.021508886 0.03127618
0 0.67453116 0.1814128 0.019379998 0.030548098
3 0.9327089 0.98914814 0.10341149 0.021703849
3 0.96490633 0.98840964 0.035938647 0.023180772