0 0.8344437 0.8982786 0.022228241 0.031109875
0 0.55139714 0.7717003 0.02415724 0.032215375
0 0.6593554 0.61459076 0.0277936 0.0333931
0 0.70333254 0.87220514 0.020440102 0.03184077
3 0.54365873 0.66093236 0.024979686 0.033596803
3 0.6759788 0.74211085 0.023880387 0.040274557
3 0.4605782 0.62746304 0.025078392 0.03410721
3 0.84822315 0.3134685 0.027230455 0.03471877
0 0.3410766 0.67186475 0.022729015 0.059928898
1 0.96852106 0.5958528 0.06295796 0.47945547
3 0.9285302 0.5774013 0.014613724 0.030526735