0 0.64757603 0.7218391 0.01972332 0.036731213
3 0.84617865 0.96336347 0.029140664 0.055803556
0 0.6080479 0.87192833 0.019787217 0.03921916
0 0.8516817 0.81067014 0.018385315 0.03788961
3 0.5962685 0.78767973 0.016858865 0.034151714
3 0.8999199 0.7229161 0.028809357 0.05569433
3 0.51906854 0.56734264 0.012124062 0.025745265
3 0.6154626 0.8293582 0.017569352 0.03855464
0 0.5102665 0.8162753 0.020139504 0.034043632
3 0.53173155 0.71275175 0.019846344 0.03432045
3 0.3479742 0.6529679 0.02147293 0.057317354
3 0.4643757 0.646247 0.021272851 0.033958435
3 0.35533544 0.6789719 0.016520118 0.03240102
3 0.9018124 0.53220934 0.023051072 0.040793993
3 0.9020346 0.8039541 0.017570496 0.035925042
3 0.7962444 0.9022679 0.017028714 0.04652138
3 0.5192782 0.45374802 0.030731393 0.050598912
3 0.36695138 0.6322177 0.038339425 0.06540273
3 0.777006 0.9242954 0.019376183 0.038722232
3 0.8968563 0.84287286 0.019252015 0.03961703
3 0.50417674 0.5212475 0.01225357 0.028092194
3 0.35124707 0.6597838 0.022618914 0.06657652
3 0.9946295 0.6496174 0.009929466 0.034305066
3 0.7830908 0.8616939 0.014686204 0.029779945
3 0.7791075 0.90188986 0.026016045 0.057960514
3 0.7820981 0.87245536 0.020067692 0.033955768
3 0.68281645 0.9094052 0.015510559 0.030787406