3 0.65648085 0.07055569 0.023386478 0.03378855
3 0.20101662 0.123719685 0.02836274 0.03691737
3 0.65979326 0.69352424 0.025259782 0.03639997
1 0.17370057 0.82506514 0.29694912 0.277961
3 0.37917075 0.094605975 0.027417755 0.037039153
3 0.6620225 0.2780323 0.026979256 0.03758577
3 0.6571193 0.11981639 0.025279427 0.036826517
3 0.5795653 0.10970358 0.027618503 0.037205506
3 0.14277391 0.17335963 0.028735328 0.038658272
0 0.22999711 0.8680567 0.023279095 0.032915372
3 0.28671923 0.77440923 0.019869328 0.031633634
3 0.94019717 0.80932355 0.028510286 0.035653308
3 0.65581053 0.076437615 0.029093266 0.047094155