3 0.5796055 0.2657983 0.027162839 0.03578606
3 0.16588609 0.8431459 0.022833182 0.03269501
3 0.6562087 0.4335336 0.025391389 0.0335605
3 0.63277143 0.43075556 0.022072602 0.03362675
3 0.5477667 0.094221584 0.025540544 0.037582655
0 0.7963559 0.096657455 0.03161068 0.03856494
3 0.75504416 0.38430122 0.028344823 0.03683243
3 0.42280552 0.62655276 0.024996758 0.035520047
3 0.39120007 0.6541647 0.02639885 0.034825645
3 0.34060988 0.14302501 0.027855683 0.036839105
3 0.4970544 0.6972364 0.025587369 0.036184184
1 0.20007963 0.321037 0.23701993 0.28404084
3 0.6376154 0.43186176 0.024429321 0.033445995