0 0.49084648 0.11854755 0.02486582 0.03450637
1 0.2563413 0.43339714 0.192444 0.15244052
3 0.660827 0.12712121 0.023715591 0.033771787
0 0.14463846 0.675273 0.033270407 0.036962382
0 0.67445326 0.18281415 0.024893953 0.033655867
3 0.088699736 0.5732979 0.027969409 0.03210729
3 0.12077844 0.44998142 0.011049605 0.02211698
3 0.08324333 0.45060736 0.02287519 0.030952519
3 0.18314591 0.121313244 0.023590898 0.033000153
3 0.13411263 0.38506034 0.02264657 0.029425813
3 0.954411 0.9887412 0.055535506 0.022517586
3 0.1374869 0.35533 0.024219919 0.030423993
3 0.90267986 0.1952999 0.016657257 0.021627808