3 0.18301924 0.12309911 0.027705718 0.038180638
0 0.15669644 0.3543687 0.028863668 0.038285322
3 0.09171332 0.3720018 0.029316867 0.033831406
3 0.08403196 0.45137668 0.026223434 0.034033712
0 0.14401631 0.67471 0.03279653 0.039227042
1 0.8278824 0.36417672 0.24390908 0.14964588
3 0.08890282 0.573642 0.030291844 0.03462677
3 0.15893967 0.27251896 0.0294024 0.037103657
3 0.67798454 0.3573061 0.015979577 0.02837588
1 0.9438589 0.7602465 0.11011582 0.4795071
3 0.90421504 0.18477543 0.01363144 0.021572623
0 0.7440548 0.4039924 0.019761657 0.028874207