0 0.16143465 0.57923 0.025852919 0.03667043
0 0.122073054 0.63739604 0.032195475 0.036283366
3 0.08412339 0.45066366 0.025689531 0.032017518
3 0.0919578 0.37168857 0.029539514 0.03413417
0 0.17445083 0.5989108 0.027511692 0.03671799
3 0.18327005 0.12275166 0.027437974 0.038496386
0 0.16736782 0.59220624 0.028278876 0.039517086
0 0.16105461 0.62781405 0.02912798 0.0397522
3 0.15875731 0.27354142 0.030837655 0.035805833
1 0.75330883 0.31776276 0.27815923 0.20941512
3 0.049444105 0.08374599 0.09884486 0.16749199
3 0.09760353 0.16984187 0.02627541 0.035819564
3 0.14724317 0.6113135 0.025415016 0.036563113
0 0.1507691 0.6142118 0.024073625 0.043666586
3 0.77148956 0.9936879 0.028071309 0.012624233
3 0.90265846 0.18845788 0.018870926 0.029066565