0 0.44626918 0.743609 0.026072312 0.033886466
0 0.7420624 0.682405 0.021335794 0.030413058
0 0.4942351 0.5384717 0.023520185 0.03345464
3 0.3149314 0.6654662 0.025892591 0.03387477
3 0.4061903 0.6478783 0.026688386 0.03394572
3 0.47964182 0.58781505 0.047960855 0.069374725
3 0.22020097 0.29036364 0.02764082 0.03477809
3 0.3514063 0.7368499 0.05889535 0.072964735
0 0.61252475 0.7446779 0.023715878 0.03222809
3 0.23240848 0.7813613 0.09637409 0.09473204
3 0.24685636 0.4765958 0.04961529 0.06185481
3 0.438996 0.23653033 0.039825916 0.07693854
3 0.66945016 0.5283517 0.037105657 0.060711674
3 0.9623478 0.98688257 0.045570374 0.026234945
3 0.5723114 0.1633257 0.027346421 0.035929076
3 0.34329975 0.74375856 0.042625666 0.06084493
1 0.77840155 0.35488886 0.19534807 0.42749077