0 0.5517964 0.7725866 0.023355676 0.031879935
3 0.47814915 0.7142716 0.040127754 0.068398796
0 0.65916985 0.61466676 0.028322507 0.03379199
0 0.70360374 0.8724412 0.021209527 0.032366946
0 0.83447915 0.8988296 0.022276688 0.03187256
3 0.49231368 0.23752294 0.02525158 0.035495758
3 0.5440187 0.66079503 0.02551632 0.03462016
3 0.4609107 0.6270433 0.025386715 0.033987682
3 0.4605751 0.41669977 0.0382555 0.06056398
0 0.3469475 0.6975556 0.022181273 0.056613926
1 0.10062764 0.15323885 0.20115638 0.3064777
3 0.3561991 0.7159006 0.023003912 0.03981349
3 0.34744036 0.6961211 0.022590732 0.062200677
3 0.3510444 0.6898462 0.024956703 0.07597962