0 0.53408307 0.7348224 0.025076866 0.03382861
3 0.8511068 0.53233135 0.033285525 0.047105856
0 0.5876274 0.53438073 0.023657417 0.032114953
0 0.70059776 0.746675 0.022517586 0.031171674
0 0.82833046 0.70400864 0.025034333 0.029009629
3 0.40849614 0.6482052 0.027146531 0.034077454
3 0.83967966 0.399718 0.021287918 0.030339051
3 0.79065204 0.57066166 0.01964407 0.02910932
3 0.4949853 0.63621557 0.024831487 0.034816235
3 0.97980785 0.562056 0.018876268 0.0281751
3 0.677142 0.16349854 0.027476026 0.03703925