0 0.78944635 0.86785984 0.023567772 0.031632107
0 0.7658984 0.82641476 0.02299881 0.030685809
3 0.5099699 0.81139755 0.024423981 0.031979498
3 0.852022 0.7948982 0.024946213 0.033236314
3 0.75952226 0.8020692 0.022080421 0.031540554
3 0.3325189 0.06926028 0.022668172 0.037438728
0 0.20356284 0.6222557 0.02959968 0.03269895
3 0.16509129 0.4935689 0.026584124 0.032766342
3 0.17621435 0.3743756 0.02499652 0.032221477
3 0.24204238 0.2931395 0.02190876 0.029648464
0 0.7624702 0.8167864 0.022823049 0.04087461
3 0.17079657 0.03543242 0.3244859 0.069349624