0 0.86678046 0.08643691 0.03417263 0.04224813
0 0.86199695 0.24367222 0.027448464 0.035817783
3 0.5116291 0.42931044 0.022391701 0.031282555
1 0.253417 0.51280916 0.1788127 0.42217433
3 0.8911479 0.67100096 0.0327137 0.036137138
3 0.6361839 0.7308519 0.02505064 0.03609543
3 0.6976515 0.7231675 0.024268914 0.034086864
3 0.9290971 0.6499869 0.0301754 0.036144767
3 0.53200024 0.45043382 0.021023178 0.029063163
3 0.48985872 0.4667477 0.021491243 0.033023834
3 0.512711 0.48434743 0.023246383 0.03619264
3 0.5124501 0.4787273 0.025234127 0.0422205
3 0.5313029 0.47213635 0.022907639 0.040158466
1 0.2554256 0.6172719 0.1825076 0.6354601
3 0.53153354 0.45861727 0.022727204 0.047090534
3 0.510474 0.46291125 0.02239132 0.04567045
3 0.32560715 0.5293231 0.013247347 0.03681768