0 0.7074332 0.5357336 0.023901558 0.03114052
3 0.66138387 0.64537895 0.029248714 0.0667792
3 0.19570851 0.38698578 0.39141703 0.7596035
3 0.29349047 0.6367691 0.02782898 0.03487676
0 0.39859936 0.7615558 0.025214052 0.030873999
3 0.7334205 0.6683723 0.031903077 0.053796645
1 0.2730527 0.91615206 0.5461054 0.16769601
0 0.49051514 0.5839118 0.026337815 0.031299338
0 0.50792974 0.74896944 0.02222309 0.034009047
1 0.85784495 0.4472037 0.21041279 0.33733758
3 0.6492261 0.25213155 0.029530525 0.036853474
1 0.55965644 0.36935845 0.27264997 0.110495