0 0.5518212 0.77283394 0.02583599 0.034501776
0 0.8344702 0.8985394 0.023081208 0.03237025
3 0.49229074 0.2363954 0.024545575 0.033449046
3 0.5437024 0.66044 0.02547722 0.03482857
0 0.702608 0.8723289 0.021456718 0.033666484
0 0.65921015 0.6141227 0.028273392 0.034465283
3 0.6759147 0.74280715 0.025563909 0.04189377
3 0.4606774 0.6277033 0.026118089 0.035888676
3 0.45940945 0.4195378 0.04103298 0.06605148
3 0.8484627 0.31343397 0.027393723 0.035586867
3 0.34814298 0.69043213 0.02431326 0.07610029
3 0.9284539 0.57754123 0.014797211 0.030788042
1 0.96857053 0.59330535 0.06285906 0.4723717
3 0.35356027 0.6879916 0.032587435 0.084709935