0 0.16162537 0.5792244 0.025249815 0.03471222
3 0.08407503 0.45091224 0.025904346 0.031767275
3 0.09183563 0.37151682 0.029114557 0.03332774
0 0.17383412 0.598827 0.02712121 0.034688063
1 0.7532217 0.3192496 0.27772734 0.21176472
3 0.18322311 0.12244448 0.027238464 0.03790255
0 0.16056286 0.6275125 0.028379822 0.037037153
0 0.16776979 0.59255797 0.027931452 0.037403364
3 0.15872054 0.2732349 0.030125905 0.03485678
3 0.097637 0.16963531 0.0262707 0.03550854
3 0.14665847 0.60973257 0.024708224 0.034325667
3 0.049872465 0.083786316 0.09974493 0.16757263
0 0.1495275 0.6113657 0.023484468 0.039333854
0 0.12571056 0.62836283 0.023078918 0.028442893
0 0.16030537 0.58557594 0.024760677 0.042421725
0 0.014559708 0.6271084 0.029119415 0.04923401
0 0.02330866 0.6270295 0.046265077 0.051804863
3 0.9026648 0.18845762 0.019005204 0.029051464
3 0.5846777 0.36445397 0.025446702 0.0333608