0 0.1740394 0.60070765 0.0272964 0.03437729
0 0.13701996 0.63525134 0.031360578 0.036977135
3 0.0971824 0.354849 0.02045294 0.030202486
3 0.113323346 0.37128496 0.020692302 0.03183378
0 0.15879214 0.6296344 0.03550558 0.03933055
3 0.10712641 0.31533757 0.020245839 0.030826889
3 0.35188612 0.73666745 0.059415817 0.07361794
0 0.16261576 0.6263423 0.03174753 0.044060517
3 0.12910269 0.31325597 0.02296505 0.03093834
1 0.7793044 0.29105952 0.20364332 0.2965701
3 0.13482212 0.37875235 0.021421004 0.03245341
3 0.15416461 0.36517063 0.021321226 0.033433028
3 0.117975734 0.33984414 0.019392991 0.035223138
3 0.9621965 0.98680174 0.045528032 0.026396561
0 0.14221661 0.6344251 0.042342186 0.03938421
3 0.3693632 0.4316161 0.05979185 0.08840002
3 0.1010247 0.3588636 0.021185566 0.034234367
3 0.122763686 0.31607568 0.020203209 0.03044243
3 0.14676295 0.33070624 0.02234087 0.032614138
3 0.665226 0.5368982 0.047437288 0.05563393
3 0.13711984 0.3763684 0.017948365 0.033326216
3 0.9544901 0.98812574 0.06619606 0.023748653