0 0.69709814 0.18526343 0.026969625 0.035915058
3 0.40519306 0.081785575 0.023842787 0.03528821
3 0.90914804 0.25147668 0.025931168 0.036801342
3 0.86225253 0.25218433 0.025336076 0.03508161
0 0.8644047 0.31166512 0.026029969 0.03222949
0 0.5777185 0.7989495 0.05881548 0.10215302
3 0.31754336 0.28712222 0.019670535 0.030875398
0 0.25965974 0.589128 0.026678467 0.031133018
3 0.22786963 0.4735524 0.022956133 0.030749386
3 0.24855028 0.35611823 0.020348025 0.029746948
1 0.41557804 0.41127607 0.20896988 0.1460921