0 0.17368828 0.60042346 0.026736213 0.034147136
0 0.13648818 0.6354869 0.029883957 0.037543997
0 0.15975773 0.6292831 0.031668186 0.038946535
3 0.10712566 0.3152478 0.020191837 0.030721793
3 0.09740466 0.35518134 0.021304583 0.03012365
3 0.11289372 0.37241226 0.022407675 0.034401324
3 0.12927954 0.31330848 0.023257328 0.031986237
3 0.15455814 0.3666936 0.02174759 0.03522886
3 0.13496451 0.37986 0.023028899 0.034937415
3 0.35139814 0.73674375 0.058779716 0.07293206
1 0.7805957 0.2930911 0.20096569 0.2931961
3 0.48077804 0.5875073 0.047711946 0.06688233
3 0.24597548 0.47649264 0.05107956 0.062193684
3 0.6649341 0.5346396 0.048192788 0.053562295
0 0.16489807 0.62790674 0.032283213 0.041940182
3 0.14644586 0.33129326 0.021969175 0.033993594
3 0.43884873 0.23484406 0.038321972 0.07537429
3 0.12355578 0.3156142 0.019660521 0.030526735
3 0.11779355 0.33991408 0.019220376 0.036318462
3 0.96270293 0.9869023 0.045016862 0.026195591
3 0.101907186 0.36002925 0.02234822 0.035120774
3 0.13763145 0.3776995 0.019501543 0.034581885
3 0.23300485 0.7812399 0.09494467 0.093682356
3 0.95528316 0.988381 0.064395905 0.023237992
0 0.43847188 0.234489 0.03629103 0.07327217