3 0.18337838 0.121769734 0.027394844 0.038118333
0 0.14407904 0.6747714 0.03331828 0.040034868
3 0.089367144 0.5729638 0.030430555 0.037043255
3 0.08393657 0.4510857 0.025613403 0.03426361
3 0.13714312 0.35636702 0.029028464 0.03985984
3 0.13580114 0.36609304 0.030843306 0.05875855
3 0.13515413 0.38577148 0.031084348 0.039725877
3 0.13617377 0.37598512 0.032406688 0.057837933
3 0.6605161 0.12576085 0.020923233 0.03129287
0 0.49110302 0.116807766 0.01979208 0.029116156
3 0.95664006 0.9884807 0.051789667 0.023038737