0 0.82612175 0.41991574 0.03089943 0.037396368
1 0.34735093 0.4078811 0.2088091 0.14345106
0 0.79029346 0.8674455 0.024943257 0.034374747
3 0.5106153 0.81196296 0.02518406 0.03395755
3 0.6742161 0.6286469 0.028840447 0.035330202
3 0.9243359 0.648771 0.026161576 0.033805087
3 0.75915694 0.8061087 0.02595892 0.035861336
0 0.20379852 0.623562 0.030839968 0.034408826
0 0.76804227 0.86648625 0.02681284 0.035756305
3 0.16559784 0.49609917 0.027905513 0.03315735
3 0.1500401 0.9792256 0.13962574 0.041548923
3 0.122425735 0.15683886 0.24485147 0.31367773
0 0.7833465 0.86754066 0.037590217 0.03508886