0 0.9186945 0.5380217 0.030386925 0.039527006
1 0.448316 0.4219072 0.21592353 0.15644379
3 0.5563883 0.8520905 0.0243536 0.033486176
0 0.8269686 0.9789013 0.026536752 0.039608512
0 0.8190195 0.9795101 0.028077317 0.03996938
3 0.80626374 0.90914005 0.026006747 0.037226614
3 0.36970726 0.033078518 0.017442513 0.033645738
3 0.992478 0.7939049 0.014731598 0.037775423
0 0.8119691 0.98547226 0.027444458 0.02905547
3 0.2875503 0.34826535 0.020520926 0.030138526
0 0.28352055 0.59202 0.022544814 0.030522285
3 0.26281172 0.46079278 0.022985553 0.031015016