3 0.7116429 0.7241167 0.032316018 0.05571696
3 0.18332529 0.4009906 0.36665058 0.7919487
0 0.37198353 0.78086823 0.025762176 0.033733368
3 0.644992 0.68047863 0.023634052 0.044865675
3 0.63896465 0.6957929 0.035359956 0.06445618
1 0.8146394 0.5085614 0.14776555 0.3581816
3 0.65262 0.2952347 0.028531075 0.03733648
0 0.52794594 0.866645 0.020230293 0.03239492
0 0.66255754 0.8799336 0.025432397 0.034930166
0 0.47440466 0.6123057 0.02756548 0.034562305
3 0.27366272 0.6455462 0.029128266 0.03569133
3 0.6592283 0.73221 0.019750213 0.030533856