0 0.5516534 0.7729407 0.026185036 0.03505847
3 0.5438231 0.66041315 0.025989056 0.03527273
0 0.6592669 0.61414796 0.028429223 0.03457311
3 0.46071473 0.62734705 0.026119804 0.035228476
3 0.49231473 0.2364552 0.024560833 0.033421993
3 0.6759185 0.7425875 0.024935246 0.042662814
0 0.7033623 0.8727195 0.021453572 0.034160998
0 0.83441204 0.8986448 0.022769166 0.032731503
3 0.4600999 0.4179613 0.042016603 0.0701404
3 0.84823096 0.31331336 0.027243042 0.035083327
3 0.7391061 0.33901244 0.04675865 0.058444597
1 0.967637 0.5810221 0.06472607 0.44728878