0 0.17346163 0.6002805 0.025421096 0.03138479
1 0.75283736 0.3191404 0.27878103 0.21219833
0 0.16574888 0.3464426 0.022662211 0.03126825
0 0.16135699 0.6262375 0.027468992 0.035205208
0 0.13619952 0.63471586 0.025994873 0.03171997
3 0.15571433 0.29887938 0.022649694 0.032103222
3 0.1506146 0.32278815 0.022902966 0.032794636
3 0.2147098 0.27978644 0.0272933 0.027105842
3 0.14530228 0.35629687 0.020896364 0.030784354
3 0.9630395 0.9872206 0.041485596 0.025558982
3 0.584653 0.36424956 0.025122453 0.032908123
3 0.90276015 0.18811066 0.018940354 0.029276246
0 0.1636884 0.3499475 0.024868488 0.031043882