3 0.62962 0.6098409 0.02562275 0.035257723
3 0.32733032 0.17314024 0.61382556 0.34443712
3 0.93564314 0.95594573 0.12700978 0.0881087
3 0.6597523 0.5043511 0.026953507 0.035677213
0 0.6422541 0.062143624 0.022014713 0.030667115
3 0.42462406 0.07230179 0.025753213 0.037050918
0 0.740112 0.5004995 0.028148366 0.03460433
0 0.7540494 0.36001036 0.022371484 0.026706316
1 0.36700064 0.39487073 0.22841989 0.26049513
3 0.5394153 0.032354992 0.22620383 0.06307892
3 0.3355051 0.53864354 0.02727418 0.035810124
3 0.65450805 0.7476445 0.06829395 0.07525406
3 0.6548993 0.005769494 0.019860078 0.011538988
3 0.7004404 0.13726595 0.019506264 0.027638063