3 0.18320683 0.122894675 0.027560234 0.038675692
0 0.14399365 0.6750905 0.033114817 0.038912583
3 0.089262865 0.5733592 0.0303401 0.036060844
3 0.083816916 0.45122907 0.025907636 0.034730405
3 0.13606095 0.36768952 0.030088568 0.06029854
3 0.13710725 0.35859087 0.028920937 0.042775158
3 0.13541281 0.3828981 0.03083129 0.04548461
1 0.58666325 0.3032642 0.3840277 0.60208327
3 0.8884207 0.2252938 0.009169388 0.022413572
3 0.90257704 0.19369763 0.014175034 0.018295925
3 0.94553566 0.988655 0.07461319 0.022690201
3 0.66054887 0.12683177 0.023183346 0.03421647