3 0.017583791 0.76462775 0.035167582 0.075591154
0 0.1739587 0.6007246 0.02731638 0.03465869
0 0.13692352 0.6356661 0.031054378 0.038152568
3 0.097322695 0.35500956 0.021071661 0.029943977
3 0.10718191 0.31523794 0.020217944 0.03079815
3 0.11318596 0.37179384 0.021263743 0.032858152
0 0.1589384 0.6296742 0.03535166 0.04008319
3 0.12925193 0.31326756 0.022863269 0.031644758
3 0.35172945 0.73653585 0.058941174 0.073188655
1 0.77942103 0.29106677 0.20279408 0.29668364
0 0.16283321 0.62623966 0.031514477 0.0448452
3 0.154417 0.36566913 0.021248007 0.033546705
3 0.13498418 0.3790764 0.022126198 0.03305677
3 0.66622204 0.53440666 0.04548912 0.053330712
3 0.117750645 0.33973008 0.019040633 0.035549548
3 0.1464647 0.3310603 0.021764565 0.03281708
3 0.12272885 0.3158898 0.01955514 0.030426918
3 0.10109706 0.358832 0.022047563 0.033723325
3 0.43879828 0.23461187 0.03836117 0.07498881
0 0.14246462 0.6346029 0.04297736 0.04041901
3 0.96359867 0.98692125 0.04240513 0.026157698
3 0.36737558 0.43224865 0.056071427 0.08382836
0 0.43853012 0.23431928 0.03640547 0.07281285
3 0.9546065 0.9884147 0.06573868 0.023170726