0 0.17370963 0.6006466 0.026283503 0.034184013
0 0.13678737 0.63530815 0.029763103 0.037037533
3 0.11373788 0.37162194 0.020148112 0.032328162
0 0.15951872 0.62926877 0.031956386 0.038138326
3 0.107313134 0.3149866 0.0194583 0.030244129
3 0.12936251 0.31323707 0.022464324 0.031587474
3 0.1545895 0.3663424 0.020840025 0.034439217
3 0.098014675 0.3546737 0.020687496 0.029187458
3 0.3514142 0.7367109 0.058001805 0.07135646
3 0.13510786 0.37962872 0.02211063 0.034321215
3 0.48079616 0.58716995 0.04727154 0.06600673
1 0.7804691 0.29332712 0.20115176 0.29378918
3 0.6643568 0.5344367 0.049338914 0.05310326
3 0.14630318 0.33158392 0.02160585 0.03368874
3 0.43889523 0.2347053 0.038066674 0.07477869
3 0.9624556 0.98683333 0.045490265 0.026333492
3 0.102179945 0.35864565 0.019952321 0.031909056
3 0.1235589 0.31585252 0.017484237 0.029892797
3 0.24619737 0.47653663 0.05618043 0.064254574
3 0.11785133 0.3401643 0.018431282 0.036257617
0 0.16488251 0.6270023 0.03241184 0.041812263
0 0.016837984 0.51248395 0.03365351 0.08056399
3 0.9560303 0.9882043 0.06274986 0.023591489
3 0.016792962 0.51099443 0.033585925 0.08205605
3 0.2330505 0.78062177 0.094063714 0.09291967
0 0.43856984 0.23438457 0.036258508 0.07262551