1 0.2552658 0.5656849 0.18826237 0.14286563
0 0.70609915 0.4807178 0.026790047 0.033284634
3 0.108059324 0.2630556 0.02218814 0.03157495
0 0.13772087 0.8153943 0.030966926 0.036166638
1 0.9299523 0.20388696 0.13825952 0.4077739
0 0.7242326 0.9328194 0.025048638 0.037883505
3 0.14687745 0.49012372 0.02393899 0.029941434
3 0.14195202 0.5197779 0.022291971 0.02851747
3 0.8365199 0.67093205 0.024112701 0.032225545
3 0.08979477 0.5815493 0.025549317 0.030418016
3 0.98968095 0.8500987 0.020638084 0.0837588
0 0.72764176 0.92554784 0.031320002 0.04921977
3 0.088950574 0.69835836 0.027410531 0.031136833
3 0.54480714 0.016624311 0.08643303 0.03324118
0 0.73442495 0.9164403 0.026600456 0.034418616
3 0.40793744 0.5489787 0.5926485 0.6212441
3 0.45965704 0.931283 0.026942063 0.035378776
3 0.909052 0.7841149 0.028686523 0.029623669
1 0.9547772 0.18187833 0.090445615 0.36375666