3 0.69235754 0.5631157 0.019408036 0.02679647
0 0.7340003 0.69456446 0.023350526 0.030721411
3 0.74046606 0.52311957 0.032117464 0.0481617
0 0.44272718 0.7445647 0.024351692 0.031059267
0 0.6091068 0.7454275 0.022901727 0.029864503
3 0.31264162 0.6674187 0.025745774 0.03364563
3 0.73631126 0.39091018 0.019948578 0.028902754
3 0.94326365 0.61212146 0.025159836 0.049077354
3 0.6660292 0.52979755 0.03451748 0.058687277
0 0.49083123 0.5406716 0.02453394 0.031977113
3 0.21848603 0.2901604 0.029189158 0.033846922