0 0.73367685 0.69436026 0.024892235 0.030720012
3 0.692359 0.5630907 0.01973772 0.02707952
0 0.44272804 0.7444278 0.024666214 0.03164406
3 0.7404639 0.52284676 0.032224655 0.04772924
0 0.60910845 0.745273 0.02364769 0.030431367
3 0.3125703 0.66742826 0.026046468 0.03386434
3 0.736292 0.3906889 0.020031167 0.028975805
3 0.94332707 0.6120237 0.024394227 0.049959566
0 0.88128483 0.9460239 0.087249376 0.10795238
3 0.66606295 0.5298525 0.035040285 0.059281796
3 0.5697128 0.16558976 0.02577858 0.035011835
3 0.21853466 0.289903 0.02917328 0.033993915
3 0.91835386 0.32691005 0.026885986 0.038692858
3 0.9038855 0.18721476 0.020208359 0.033842023
0 0.49088296 0.54046863 0.024546718 0.03209623
3 0.95365804 0.98602325 0.06784554 0.026911166