3 0.15096541 0.11883803 0.02575698 0.036982346
0 0.39568177 0.090355456 0.021242047 0.03253325
0 0.3977572 0.59388137 0.021801949 0.03105418
3 0.24864034 0.105686486 0.022208406 0.033801034
3 0.47558767 0.49959627 0.023927499 0.032104302
3 0.1420867 0.9051256 0.024434185 0.031945296
3 0.9134615 0.3129665 0.028159333 0.037106644
3 0.30905557 0.09894305 0.024441529 0.035214458
0 0.90312594 0.06023383 0.028964996 0.040071562
3 0.93661803 0.18575838 0.029261399 0.039987948
1 0.28693148 0.49271667 0.19914885 0.28872472
3 0.94804114 0.37630355 0.03203087 0.04169579
3 0.30213556 0.63412887 0.023976613 0.032546744
3 0.9011618 0.059962098 0.029386902 0.042914305