0 0.17365867 0.60037756 0.026610494 0.03413531
0 0.13659142 0.6354214 0.029836798 0.037490338
0 0.15971752 0.6292351 0.0319628 0.038958486
3 0.10711856 0.31532797 0.020263696 0.030948386
3 0.09737212 0.3552609 0.021302784 0.030097328
3 0.11290059 0.37238428 0.022362996 0.034396365
3 0.12930647 0.31336772 0.023298835 0.032070797
3 0.15450083 0.3667231 0.02183199 0.03507004
3 0.35144088 0.736456 0.05862074 0.07278188
3 0.48072097 0.5872264 0.047333814 0.06642406
3 0.13489564 0.379849 0.02299571 0.03494015
1 0.77955246 0.29049626 0.20253372 0.29511568
3 0.24593401 0.4764606 0.051609706 0.06223374
3 0.6643627 0.5343224 0.04909668 0.05290804
3 0.43888822 0.23523629 0.038768675 0.07597647
0 0.16473487 0.6279935 0.032395985 0.041865032
3 0.14645839 0.3312717 0.022146368 0.03386485
3 0.12346482 0.315671 0.019938946 0.030655162
3 0.11768408 0.3398171 0.019306565 0.036431443
3 0.96244967 0.9868407 0.045437243 0.026318615
3 0.10192223 0.3601574 0.022452546 0.035169348
3 0.13794431 0.3774453 0.019057298 0.034603756
3 0.95543987 0.98828024 0.0639946 0.023439663
3 0.23311739 0.7809834 0.09445744 0.09313482