0 0.44903326 0.6353564 0.03268032 0.03972575
3 0.18307953 0.123267606 0.027249862 0.03791342
3 0.08416148 0.45143119 0.026572062 0.034716036
0 0.15667689 0.35420588 0.028967906 0.037213456
3 0.09181144 0.3717942 0.028407002 0.03395424
0 0.14373355 0.67477494 0.033546116 0.039218906
3 0.0891874 0.57335067 0.030006243 0.035036977
3 0.15915549 0.272638 0.029071474 0.037097424
3 0.578125 0.93945444 0.031723786 0.060211185
0 0.7677828 0.4149495 0.020777607 0.026259614
3 0.6779076 0.35706857 0.01604023 0.027941579