0 0.4912717 0.1182739 0.023549652 0.033559833
0 0.14499383 0.6744581 0.031707216 0.037447866
3 0.66090095 0.12735362 0.024659252 0.034812927
0 0.6747462 0.18323909 0.02572918 0.035451192
3 0.120838575 0.44978333 0.011258507 0.02223231
3 0.13468929 0.38426313 0.022903204 0.030842338
3 0.13803546 0.35549992 0.023577357 0.0330363
3 0.0856048 0.45016438 0.020174338 0.033149023
3 0.9481621 0.98910505 0.06764603 0.021790061
3 0.90274143 0.1958671 0.016153336 0.021463905
3 0.13591664 0.37874782 0.024450302 0.039285533