3 0.057661682 0.05228196 0.10189468 0.1009423
3 0.30728614 0.2398072 0.5648774 0.41933277
2 0.47888651 0.60183275 0.04513664 0.04218267
3 0.489518 0.21772596 0.83080065 0.36926576
3 0.10376691 0.6466634 0.026224017 0.03754603
1 0.3485413 0.5898711 0.3035789 0.14497557
3 0.05059549 0.18191934 0.10065897 0.36383867
3 0.58367836 0.50219697 0.020909881 0.033554714
3 0.0950043 0.3574028 0.029392553 0.043174684
3 0.90749514 0.11499067 0.02767296 0.045486167
3 0.61405295 0.45599502 0.022745896 0.03390681
3 0.90454406 0.39119685 0.029341316 0.045396935
3 0.38132235 0.65781087 0.3683682 0.27681202
3 0.41501972 0.06993596 0.48231736 0.093250394
3 0.26088268 0.09628484 0.50785345 0.15532462
3 0.25670418 0.061206795 0.51340836 0.069919065
3 0.27855858 0.34636715 0.5493579 0.63949895
3 0.89676803 0.87500286 0.030849075 0.041218314
3 0.2656311 0.0747771 0.49468994 0.09320504