0 0.4785822 0.44567376 0.020107556 0.03187237
3 0.38031918 0.61616826 0.023972703 0.032955427
0 0.4906005 0.48047864 0.021444513 0.031070711
3 0.517233 0.5272082 0.021761227 0.032556664
0 0.5152233 0.47064537 0.021850204 0.031734467
3 0.45780668 0.70896566 0.023523713 0.03316485
3 0.37153387 0.5318112 0.024892522 0.034352303
3 0.27704468 0.8467809 0.025060369 0.03321012
3 0.15445018 0.122312345 0.025046349 0.034617044
3 0.25203705 0.6369355 0.024003698 0.03128726
3 0.17775717 0.14249109 0.024664855 0.034413785
0 0.4975071 0.45734516 0.018313218 0.04026515
3 0.37691465 0.45033765 0.01932354 0.027088676