3 0.69416535 0.7829275 0.01839943 0.02590078
3 0.7340299 0.73115885 0.026677132 0.039897412
0 0.4536326 0.85073143 0.021703148 0.026861828
3 0.7509742 0.6582814 0.015536308 0.023536175
0 0.5304478 0.6995509 0.01961918 0.025894929
3 0.67173505 0.72658366 0.031103326 0.050746158
0 0.71504486 0.910936 0.024533654 0.029358165
1 0.7942663 0.57846653 0.15936957 0.209013
3 0.9078682 0.6096246 0.019127084 0.026377616
3 0.7395658 0.62992215 0.0115619665 0.030581921
3 0.9146725 0.91292423 0.018460084 0.04163526
0 0.59495705 0.91201216 0.020993043 0.028024802
3 0.90753233 0.5615455 0.018214418 0.027018739