0 0.4789725 0.4453172 0.020406915 0.031023154
3 0.3802185 0.6162061 0.023249244 0.032150142
0 0.5152372 0.47045037 0.02136488 0.03124644
0 0.49063492 0.48081094 0.020930482 0.030849077
3 0.37160102 0.5318684 0.024185468 0.03380178
3 0.15440857 0.12289661 0.026143098 0.0364165
3 0.25206506 0.6370699 0.023459911 0.031377666
3 0.9337355 0.4818835 0.0283144 0.039263856
3 0.1778498 0.14265434 0.025556518 0.03519869
0 0.4978449 0.45650104 0.018094255 0.038570978
3 0.377084 0.45044497 0.0193079 0.027254742
0 0.49057204 0.47907522 0.030060196 0.03649985
1 0.23799764 0.39527184 0.31389543 0.16199507