3 0.12963448 0.26205721 0.020485306 0.028496012
0 0.17391823 0.60093135 0.026858902 0.03340556
3 0.14280917 0.31140316 0.016959215 0.029756548
3 0.104540326 0.27348658 0.022935444 0.030046353
0 0.1368732 0.6357665 0.02996173 0.03616969
0 0.1582902 0.6296471 0.03495424 0.03842443
3 0.11737467 0.31728998 0.015838195 0.026638731
3 0.15247141 0.28668526 0.021555854 0.031439465
1 0.7810443 0.2932439 0.20153466 0.2932468
0 0.12794763 0.29137313 0.022780944 0.03025869
0 0.16431358 0.6275454 0.035150766 0.042244088
3 0.6370902 0.57609457 0.052928545 0.027083844
3 0.11558626 0.31942084 0.012608672 0.027296321