0 0.16111372 0.57934296 0.026292158 0.03633703
3 0.084213905 0.45087424 0.025756573 0.032100044
1 0.7532859 0.3193173 0.27828485 0.21168876
3 0.09200311 0.37139252 0.029079247 0.03364004
0 0.1740552 0.5986017 0.028117537 0.036330923
3 0.18331312 0.12290745 0.027500391 0.039090224
0 0.16181624 0.62799543 0.028038312 0.040211488
3 0.1588647 0.27321708 0.030609775 0.036724713
0 0.16663103 0.591538 0.029199267 0.039526876
0 0.1373129 0.6351916 0.030580878 0.037620038
3 0.097739555 0.16965225 0.026405716 0.03603541
3 0.049779635 0.083734185 0.09955927 0.16746837
0 0.15081932 0.609713 0.023052145 0.04030635
3 0.14711383 0.6095111 0.02463441 0.03282064
3 0.58461666 0.36428437 0.024919605 0.033187933
3 0.9026352 0.18840848 0.018890763 0.029102264
3 0.9596104 0.9875682 0.04766121 0.024863625