3 0.057795405 0.051683716 0.10213671 0.10130381
3 0.049792618 0.18100084 0.09939613 0.3620017
3 0.2882148 0.24504717 0.5508705 0.43130475
3 0.49090195 0.21735798 0.8279476 0.36742094
1 0.34854072 0.5900156 0.30340552 0.14327194
2 0.4791402 0.60170114 0.044841003 0.04158249
3 0.5836677 0.50174266 0.020953178 0.03335864
3 0.09444905 0.35835832 0.029397953 0.04041265
3 0.10303652 0.64629596 0.025116628 0.03628591
3 0.90775204 0.1150617 0.027019119 0.045684848
3 0.61423844 0.45573822 0.022227574 0.033497114
3 0.27864635 0.34348184 0.547494 0.63375604
3 0.9046547 0.39082822 0.02932415 0.04514955
3 0.3810571 0.65781236 0.36870614 0.27577275
3 0.41490054 0.06964731 0.48342705 0.09364589
3 0.26192814 0.09601339 0.5092422 0.15520479
3 0.266036 0.063126996 0.49749565 0.07109214