0 0.23395346 0.30370238 0.029386854 0.03829308
0 0.14400749 0.67459923 0.03346629 0.03875529
3 0.08932981 0.57302815 0.03054148 0.036541115
3 0.18331121 0.12254525 0.02694335 0.04002301
3 0.08402362 0.4510526 0.026300406 0.03477764
3 0.13704112 0.35715842 0.028085804 0.040132526
3 0.1349876 0.385322 0.029309845 0.03998057
3 0.13587423 0.36747706 0.029411936 0.059813187
1 0.81767887 0.36610484 0.27059004 0.15431227
1 0.3293934 0.30112246 0.2620313 0.5990084
1 0.81619495 0.33448237 0.27094135 0.21348579
3 0.95765096 0.98832506 0.05044365 0.023349954