0 0.4371546 0.28609347 0.029071046 0.036931105
3 0.3257034 0.12043313 0.027537871 0.038242754
0 0.6338268 0.73725444 0.020125866 0.03203265
3 0.38049945 0.61591786 0.025219632 0.034528863
0 0.544452 0.0901142 0.024591064 0.038655218
3 0.15462266 0.12243905 0.026362969 0.035676625
3 0.25215703 0.63646597 0.024152279 0.031311292
3 0.65156853 0.34847635 0.026351167 0.03470993
3 0.27900177 0.20507734 0.027472688 0.032943092
3 0.37150383 0.531588 0.0254632 0.035680264
3 0.17783979 0.14276324 0.025701333 0.035071533
3 0.93347216 0.4822311 0.02891369 0.040069453
1 0.23786154 0.39716303 0.31395608 0.1666382
3 0.37683842 0.4504669 0.020161152 0.028202886