0 0.49050426 0.11824261 0.025411798 0.03499756
0 0.14437369 0.67515314 0.033189394 0.03725408
3 0.6607589 0.12686871 0.023716545 0.034174442
0 0.674409 0.18248877 0.025547886 0.034205437
1 0.25222704 0.43171886 0.20110379 0.1547207
3 0.08321287 0.45063448 0.023102475 0.031005098
3 0.12072849 0.45004344 0.011129213 0.022165045
3 0.08867867 0.573279 0.028014923 0.03232651
3 0.18451433 0.11937568 0.018496037 0.029611113
3 0.9517237 0.98884916 0.0608696 0.022301676
3 0.1339563 0.38518226 0.022954369 0.029888917
3 0.13729203 0.35532644 0.024359608 0.030418716
3 0.9025017 0.19496682 0.01644516 0.022067452
3 0.9396626 0.9895994 0.08775902 0.02080129