0 0.5517168 0.7729443 0.02631073 0.03481916
0 0.834469 0.8986109 0.022821426 0.032155104
0 0.7034251 0.8725304 0.021471787 0.033428192
3 0.54367554 0.6605544 0.02595234 0.03489685
0 0.65923446 0.61437064 0.028580094 0.03444926
3 0.6759351 0.74283755 0.02546215 0.041847486
3 0.46065122 0.6280127 0.025967598 0.035436124
3 0.49236783 0.23648597 0.02438488 0.033491135
3 0.84813005 0.31354758 0.027717018 0.035381064
3 0.7391017 0.3394736 0.04754753 0.06040014
0 0.34103227 0.6728354 0.022853566 0.06076597
1 0.9685628 0.597855 0.062874414 0.48277807
3 0.9284124 0.5776749 0.014819336 0.031031039
3 0.46274987 0.41404375 0.032803535 0.056346644