0 0.55178505 0.7727297 0.025842953 0.03459079
3 0.4924193 0.2364326 0.024531174 0.033700626
0 0.65921307 0.61421293 0.028544426 0.03388418
3 0.5434622 0.66050017 0.025739765 0.034329608
3 0.46069726 0.62756693 0.026345063 0.034822848
3 0.45930862 0.41862953 0.041937064 0.06618564
0 0.83420485 0.8984376 0.022498894 0.03159981
3 0.8485576 0.31358734 0.027053451 0.035804242
1 0.96824664 0.5787563 0.0635068 0.44243827
3 0.92849857 0.577851 0.015172005 0.031781644
3 0.8997219 0.48813957 0.020440293 0.03886757
0 0.34719226 0.69616634 0.023417091 0.06215185