0 0.5517291 0.77291363 0.026043797 0.034850568
0 0.8344626 0.8985879 0.0227314 0.03239543
0 0.703417 0.87253815 0.021522904 0.0333313
0 0.6591855 0.61435586 0.028465843 0.03435097
3 0.5437021 0.66050804 0.025752831 0.03466848
3 0.67587376 0.7427189 0.025371362 0.0421594
3 0.49230057 0.23640305 0.024480725 0.03318412
3 0.46063504 0.6277976 0.025723362 0.035099413
3 0.7389836 0.33961862 0.047511674 0.06032283
0 0.3409619 0.67239034 0.023000432 0.060683824
3 0.84816027 0.31345236 0.027553558 0.035242148
1 0.9683796 0.59764045 0.06324082 0.48133382
3 0.46277925 0.41384628 0.03268204 0.056820873
3 0.9284529 0.5776867 0.014852524 0.031057995
3 0.732357 0.34226805 0.060941316 0.067364186