0 0.37222448 0.78453016 0.023972703 0.033731334
0 0.66249365 0.88385344 0.023298455 0.035197705
3 0.71199054 0.72744364 0.030253697 0.05542501
3 0.6458433 0.67529696 0.020487214 0.029797874
3 0.18272687 0.40406635 0.36545375 0.8001786
0 0.5282571 0.86990714 0.019896507 0.031392545
3 0.63892424 0.70195454 0.03342676 0.0566124
0 0.4744241 0.6145534 0.026712418 0.033853788
3 0.65251535 0.2961798 0.027649118 0.03789215
1 0.8163988 0.5101603 0.15113392 0.3606228
3 0.6602923 0.7363722 0.019414902 0.03063024
3 0.27392754 0.647903 0.028619194 0.036376957