1 0.7527523 0.3191056 0.27914524 0.20972496
0 0.16129033 0.6266191 0.025152063 0.035770927
3 0.18325758 0.12334241 0.02724867 0.039180186
3 0.091986105 0.37143934 0.028371751 0.032843463
0 0.17299083 0.6005925 0.024197578 0.030256655
0 0.13631976 0.6272439 0.023173142 0.033965304
3 0.049384862 0.08584952 0.098769724 0.1716372
3 0.1590023 0.27347967 0.029938841 0.035905395
0 0.1508986 0.60571355 0.019689178 0.03234711
0 0.14839186 0.60748726 0.019208862 0.028807579
0 0.1445423 0.6285465 0.033775497 0.02817294