3 0.48007345 0.58743066 0.04684944 0.06789437
0 0.45095006 0.7803359 0.026226426 0.033354443
3 0.22071245 0.28373793 0.028420163 0.036249228
3 0.40644437 0.646366 0.026313042 0.033937328
0 0.7306639 0.67180604 0.026450729 0.032367837
3 0.35062382 0.73901063 0.057045937 0.06900711
1 0.78320116 0.28723225 0.20454864 0.28743842
3 0.69734687 0.6403946 0.022741318 0.03029709
3 0.3233479 0.6809076 0.026176978 0.033613335
0 0.61246127 0.7447161 0.022940923 0.031103898
0 0.47963402 0.5399686 0.024121284 0.030915452
3 0.2468314 0.47659966 0.049939107 0.06239726
3 0.34333596 0.7434657 0.04284191 0.06066653
3 0.23264363 0.7812722 0.09643798 0.09501064
3 0.43900776 0.23594852 0.03942833 0.076058075
3 0.9630117 0.98693675 0.04375286 0.026126608
3 0.5696784 0.15989865 0.025982667 0.035283886