0 0.48984155 0.4799443 0.020222092 0.031137405
3 0.3803086 0.6161919 0.022940159 0.031863913
0 0.52352685 0.44665894 0.021664238 0.028860856
3 0.45802543 0.5655868 0.020899678 0.03160286
0 0.48302984 0.44889084 0.020763397 0.0294
3 0.37147433 0.5318493 0.023364067 0.03238964
3 0.578197 0.48837256 0.020184899 0.02998314
3 0.14208546 0.5979031 0.027385665 0.03456014
3 0.25197467 0.6368428 0.023655701 0.03073222
3 0.15401708 0.12211387 0.024847388 0.035260297
3 0.1776222 0.14213295 0.024114657 0.03386555
3 0.5026628 0.44692943 0.021016503 0.028613854
1 0.23758553 0.39692336 0.31336045 0.1619299
0 0.4878872 0.47884214 0.02048378 0.04052493
3 0.37674826 0.45022827 0.018856812 0.027072653