3 0.36172447 0.22736388 0.72344893 0.3918858
3 0.23087096 0.24055673 0.46174192 0.41996437
3 0.21255426 0.37134576 0.42112476 0.7109399
1 0.6451642 0.61774004 0.29411727 0.21706516
3 0.8948377 0.15596302 0.028517533 0.04067014
3 0.45309973 0.42756748 0.019329453 0.029670717
3 0.46108887 0.46633488 0.019353105 0.032901764
3 0.49853212 0.32604188 0.76108783 0.5793148
3 0.3512423 0.070731774 0.51373196 0.079658546
3 0.102786675 0.79016346 0.028647399 0.041764833
3 0.41949627 0.42504168 0.83899254 0.7631527
3 0.23680201 0.8789119 0.02409706 0.04198507
3 0.12523828 0.05641755 0.24803801 0.094182454
3 0.50177115 0.48215595 0.020433808 0.030075457
3 0.40963003 0.7224545 0.024635125 0.038518272
3 0.11959606 0.8995159 0.025825549 0.036611177
3 0.7544883 0.4782331 0.024863815 0.03286349
0 0.50685734 0.41352135 0.019952392 0.02847678
3 0.24250677 0.8187225 0.019705582 0.033210628
1 0.695502 0.6845374 0.3753109 0.34672064