0 0.14417584 0.674601 0.03325615 0.039658614
3 0.18324803 0.12173126 0.027462387 0.037944604
3 0.08937329 0.57292813 0.030342508 0.036552433
3 0.08388497 0.45093066 0.025850488 0.034429297
1 0.7793002 0.3711276 0.33992615 0.15329692
3 0.13721919 0.35634843 0.028663898 0.039608512
3 0.13587998 0.36616907 0.030334378 0.0587232
3 0.13505125 0.385773 0.0301939 0.038464293
3 0.13621001 0.3775045 0.031616546 0.054139204
3 0.95652866 0.98843646 0.052230835 0.02312724
3 0.90300196 0.19329609 0.014005852 0.018857544