0 0.61333704 0.919999 0.024739265 0.031869255
3 0.9418745 0.8390801 0.028927231 0.044196323
3 0.87453157 0.8646876 0.02364235 0.03250987
3 0.93904495 0.72849065 0.020892335 0.027284624
0 0.6958195 0.754711 0.02334919 0.030729804
3 0.5174881 0.7887869 0.026317215 0.03387782
3 0.82525295 0.47512844 0.029352952 0.029264642
1 0.61740154 0.9520419 0.39362404 0.09591631
1 0.70048994 0.9515212 0.47415313 0.096957654
3 0.5962265 0.81181854 0.0259552 0.032200623
3 0.8907282 0.6139637 0.029479599 0.044388074