3 0.38124394 0.5944769 0.05936203 0.068864696
0 0.38247034 0.75730044 0.024789 0.03406016
0 0.65629303 0.61028147 0.023996545 0.031573743
0 0.5453167 0.7025668 0.022673417 0.03097331
3 0.0784409 0.38845387 0.029462075 0.034548443
3 0.27391663 0.79048824 0.050228503 0.06414427
0 0.3940268 0.54191846 0.025653888 0.031642787
3 0.3232276 0.6782181 0.026550055 0.034337617
3 0.24013165 0.7250865 0.026424265 0.03445333
3 0.267747 0.7954491 0.038080882 0.054903667
3 0.7906424 0.9832736 0.05169907 0.032993317
3 0.29556146 0.7717967 0.04313698 0.060557812
3 0.2815578 0.78454286 0.06646514 0.07412313
3 0.7529947 0.051273253 0.30048487 0.10152501