0 0.49024773 0.11975871 0.025745964 0.033605512
3 0.66029084 0.12731074 0.02297821 0.03313305
0 0.14452536 0.6772483 0.03372207 0.03762538
3 0.08318194 0.45336026 0.024238277 0.03167267
0 0.6738697 0.18308417 0.024565315 0.03370209
3 0.18280105 0.12332132 0.026306057 0.035658233
1 0.25048947 0.43419385 0.20204239 0.15277049
3 0.08857417 0.5754354 0.028719498 0.03279241
3 0.13756037 0.35741055 0.024976015 0.03148308
3 0.13401638 0.38834935 0.025252437 0.030379042
3 0.120395385 0.45226398 0.011423588 0.024306552
3 0.9016495 0.1949513 0.018383218 0.021765392