0 0.59717196 0.15027933 0.022516632 0.029236827
3 0.633323 0.7025457 0.025995826 0.037118025
3 0.3151402 0.21180817 0.5998957 0.42361635
3 0.6619708 0.216785 0.019789124 0.028369334
0 0.7339272 0.573176 0.025841713 0.031809743
3 0.33249283 0.67774445 0.026565267 0.03484739
3 0.604023 0.081659414 0.018615818 0.030242795
3 0.65350956 0.58974993 0.024477577 0.03357404
3 0.56384325 0.7890225 0.020431137 0.039906822
3 0.3651464 0.29365274 0.7099557 0.5873055
1 0.34774387 0.5468898 0.22876458 0.2724391
3 0.33398703 0.68185633 0.030884696 0.043329112