0 0.5518196 0.77268225 0.025556946 0.033513896
0 0.6592464 0.6145474 0.029723931 0.03468908
3 0.54395276 0.6607104 0.02647543 0.03520597
3 0.4607872 0.62786216 0.026445199 0.035525642
3 0.45947286 0.4190044 0.0433095 0.0684124
0 0.70334613 0.87282974 0.021285916 0.03374049
0 0.83450025 0.8986536 0.023021508 0.032654956
3 0.49229556 0.23715274 0.025818443 0.03504321
0 0.34722218 0.6965982 0.022574617 0.05940857
3 0.35288754 0.6886667 0.030325413 0.08223267
3 0.3479247 0.69161975 0.023877336 0.07316819