3 0.26856935 0.42542022 0.5350384 0.7556739
3 0.37454754 0.40520647 0.7490951 0.7547343
3 0.23406892 0.1895204 0.45848963 0.316365
3 0.1493026 0.20635991 0.29491982 0.39350638
1 0.7428782 0.27418151 0.11353111 0.4007491
3 0.057280805 0.0522914 0.09693112 0.099909656
3 0.8944128 0.097980395 0.02799797 0.039025944
3 0.61394143 0.45636854 0.021517277 0.031626638
3 0.38657075 0.5645963 0.740152 0.42943206
3 0.5833542 0.4999445 0.018893052 0.031422425
3 0.110855125 0.8401588 0.026952863 0.0371343
3 0.53082895 0.5122456 0.025284195 0.033860464
3 0.5965744 0.50989413 0.01863556 0.03608367
3 0.5527324 0.85132873 0.026067734 0.0370547
3 0.5815374 0.4262068 0.02213869 0.034081653
3 0.68677056 0.28255534 0.015306569 0.040694367
3 0.25740638 0.27102542 0.504842 0.47843388
3 0.45558473 0.3492036 0.025345802 0.03425471