3 0.6565447 0.07225557 0.024203872 0.036739383
3 0.65980154 0.69350004 0.026233101 0.03659312
1 0.1740144 0.8236339 0.29720622 0.2757506
3 0.20071688 0.12377336 0.027219344 0.03624023
3 0.65676576 0.12719326 0.026401425 0.037662875
3 0.66199 0.27810252 0.026500035 0.03758431
3 0.3791634 0.09458069 0.027631283 0.0375384
3 0.58175117 0.11267725 0.027381325 0.040167555
3 0.14284247 0.17351663 0.027928496 0.038717017
0 0.2299882 0.8682624 0.02326622 0.03294983
3 0.2866566 0.7743449 0.019742107 0.03147151
3 0.94014055 0.8094305 0.028757095 0.036058556