3 0.57697785 0.104828715 0.028922558 0.039407637
3 0.65803236 0.07135276 0.024007225 0.03553429
3 0.6631989 0.13690446 0.027680492 0.039331503
3 0.65987366 0.69347304 0.025595857 0.036329273
3 0.20052893 0.123843744 0.026789237 0.03649583
1 0.17381811 0.82374376 0.29846382 0.27581814
3 0.37923104 0.094509624 0.027241994 0.037269562
3 0.6620136 0.27814633 0.026751805 0.03740387
3 0.14313383 0.17305025 0.026922012 0.037976936
0 0.22987247 0.868113 0.023451997 0.03292669
3 0.28660205 0.7743083 0.019854546 0.031648256
3 0.9400951 0.8094856 0.028094484 0.036002733