0 0.7898497 0.86815035 0.02509041 0.03265432
0 0.7663253 0.8262971 0.023509026 0.0307841
3 0.7599065 0.8019004 0.02279129 0.03199857
3 0.51016563 0.8114823 0.024239158 0.03220749
0 0.20379186 0.6225506 0.02967378 0.033302054
0 0.96750593 0.92067236 0.06498814 0.15865543
3 0.16517897 0.49399036 0.026042605 0.032520805
3 0.27880165 0.04667833 0.021996403 0.036054853
3 0.17641985 0.3746221 0.024750996 0.032221477
3 0.24201821 0.2934171 0.02219963 0.029492125
0 0.76268256 0.8163057 0.02347145 0.040960442