0 0.17422311 0.60118926 0.027811622 0.036019392
3 0.10717962 0.3153168 0.02027083 0.030675255
3 0.0972892 0.35516036 0.021110391 0.030007618
0 0.13697846 0.63564545 0.03112631 0.0379097
3 0.11316841 0.3718426 0.021367598 0.032836914
0 0.15921484 0.6298573 0.0355155 0.03999634
3 0.12918751 0.31343964 0.023153067 0.031461462
3 0.35186678 0.73623717 0.059226703 0.07406375
3 0.15431197 0.36579338 0.021436883 0.03365415
0 0.16281281 0.62633216 0.032046605 0.0450559
3 0.13490216 0.3791609 0.02198782 0.033201918
3 0.6665931 0.5347587 0.044917297 0.054159295
1 0.7797688 0.29116243 0.20284681 0.29611355
3 0.117720425 0.33965325 0.019282794 0.03591665
3 0.43881583 0.23487394 0.03791075 0.07491697
3 0.9630076 0.9868778 0.043542482 0.026244482
3 0.12293341 0.315694 0.020135213 0.03036372
3 0.14663231 0.33111566 0.022146989 0.033115197
3 0.10118132 0.35922945 0.0221816 0.0339702
0 0.1430261 0.6347028 0.043860674 0.04031207
0 0.43854457 0.23475377 0.03623257 0.07315992
3 0.9556498 0.98842055 0.06257267 0.023159029
3 0.36749014 0.43165043 0.055693723 0.081794105