0 0.4463683 0.7434581 0.026140405 0.03400625
0 0.74217623 0.6822889 0.02169676 0.030515673
0 0.4943555 0.5390789 0.023378564 0.033805978
3 0.31543812 0.6658823 0.02584815 0.03433177
3 0.40327248 0.6481572 0.026437283 0.03429362
3 0.22082828 0.28906786 0.027974034 0.035706714
3 0.47997934 0.5887923 0.04800873 0.06881663
3 0.3513537 0.7371717 0.05885401 0.07248103
0 0.6124732 0.74480873 0.024059296 0.03252996
3 0.23256163 0.78127164 0.096292734 0.09487305
3 0.24712403 0.47663876 0.049103975 0.061543785
3 0.43906593 0.2363637 0.039704323 0.07693046
3 0.9624018 0.9868665 0.045417022 0.026267117
3 0.3428215 0.7440211 0.041737128 0.060562138
3 0.5723943 0.16340622 0.027198602 0.03591493
3 0.66976947 0.5284692 0.036910247 0.060755417
1 0.7776511 0.352727 0.1967742 0.42271456