0 0.5457566 0.84041435 0.02101698 0.034201305
0 0.67771673 0.86250603 0.023716068 0.03458316
0 0.50189704 0.58674675 0.027001953 0.031430054
3 0.73642963 0.71340376 0.032930948 0.055675
3 0.68058616 0.7189909 0.019783402 0.03238233
3 0.6934861 0.2865267 0.031168653 0.036705274
3 0.66352195 0.6790909 0.035933115 0.064674765
0 0.3955818 0.74515957 0.025206948 0.031280264
1 0.8507535 0.6566695 0.15795879 0.6457037
3 0.7762483 0.5848062 0.021533012 0.031355925
3 0.7699731 0.54958785 0.014787293 0.041274518
1 0.4384782 0.2542055 0.256903 0.31069648