0 0.17367227 0.6004268 0.026596522 0.033955384
0 0.13642164 0.6354032 0.029538441 0.037085343
3 0.10715907 0.315329 0.02018006 0.030936815
0 0.15965222 0.6292093 0.031833816 0.03871994
3 0.09736847 0.35526624 0.021354103 0.029988164
3 0.11299596 0.3724461 0.022358704 0.0342783
3 0.12927853 0.31338316 0.02318864 0.03208224
3 0.15449275 0.36667812 0.021707917 0.03519821
1 0.78052634 0.29299557 0.20043917 0.29299948
3 0.48062426 0.5875543 0.047663596 0.06673343
3 0.35143277 0.7366098 0.05845151 0.07231929
3 0.1349476 0.37986687 0.023025537 0.034782667
3 0.24603383 0.4764655 0.051108506 0.06185112
3 0.6648086 0.5345438 0.048022177 0.05309512
0 0.16485511 0.62791765 0.03246484 0.041467797
3 0.43892366 0.23500441 0.03868103 0.07562561
3 0.14637049 0.33123526 0.021962047 0.033798475
3 0.12310368 0.31570193 0.019489098 0.030568952
3 0.11772064 0.33986273 0.019204283 0.036006358
3 0.9624793 0.9868623 0.04521332 0.026275508
3 0.10165055 0.35994628 0.022519117 0.034842685
3 0.1376513 0.37769496 0.019314576 0.03441429
3 0.9549719 0.98835444 0.064560704 0.023291208
3 0.23314801 0.7810002 0.09413959 0.093286395
0 0.4386033 0.23449537 0.036627006 0.0731301