0 0.661887 0.60323197 0.02443924 0.035689548
0 0.38404626 0.75959224 0.025566721 0.03510717
3 0.08065281 0.39172822 0.028203392 0.033625923
0 0.5477542 0.70341474 0.022999382 0.0315239
1 0.61742383 0.21467952 0.22266065 0.23425119
3 0.26675177 0.79962575 0.034093764 0.055335112
3 0.24219437 0.727124 0.028529072 0.03399137
0 0.39579514 0.54398674 0.02536645 0.032257844
3 0.32530883 0.680448 0.027456379 0.035039015
3 0.38327914 0.59620905 0.06109295 0.07124393
3 0.14062177 0.56255144 0.0469743 0.051984027
3 0.27938348 0.25629827 0.55470717 0.44823927
3 0.30183014 0.7746366 0.03476925 0.06295141
3 0.40279403 0.15329386 0.027114391 0.037841193
3 0.27297592 0.7955536 0.048429776 0.06236064
3 0.7905024 0.046250522 0.23847552 0.092501044
3 0.7544266 0.05238483 0.3074791 0.10476966
3 0.5962167 0.49945298 0.022813035 0.031052591