0 0.17419846 0.6011197 0.028121425 0.036270272
3 0.097240806 0.3551546 0.021043016 0.030001769
3 0.107110634 0.3154189 0.020192862 0.030859314
0 0.13689552 0.63572073 0.03070972 0.03804347
3 0.11309214 0.37199238 0.021492673 0.032917406
0 0.1594262 0.6297143 0.035208847 0.040162023
3 0.12920702 0.31346554 0.023130417 0.031436477
3 0.35184807 0.7362389 0.059142828 0.073924765
1 0.78077215 0.29344127 0.20124388 0.2941182
0 0.16294341 0.626154 0.032004144 0.045310214
3 0.1542993 0.36581278 0.021335317 0.033531573
3 0.66604114 0.5344545 0.045590498 0.053096805
3 0.13485737 0.37919918 0.021894217 0.033336006
3 0.11775096 0.33957782 0.019391347 0.03591118
3 0.43881837 0.23499203 0.038178444 0.0754206
3 0.12294181 0.31579137 0.020100547 0.030397736
3 0.14660048 0.3311156 0.022192288 0.032760493
3 0.96248764 0.98687065 0.04439087 0.026258852
3 0.101078704 0.35931706 0.022033239 0.03403505
0 0.14226764 0.63470334 0.04208858 0.040483095
3 0.367465 0.43172443 0.056076147 0.08232924
3 0.9547842 0.9884372 0.0642025 0.023125714
0 0.43850142 0.23491552 0.03641186 0.07371375