0 0.1743265 0.60122705 0.028080035 0.036180753
3 0.10715715 0.31535822 0.020183802 0.030794973
3 0.097232416 0.3551917 0.021148134 0.030114112
0 0.13693441 0.6357738 0.031167198 0.037990317
3 0.113114886 0.37199947 0.021561671 0.032951865
0 0.15913892 0.62981635 0.035688307 0.0400926
3 0.12924361 0.3134322 0.023062587 0.031605914
3 0.3517786 0.7363008 0.05921297 0.07413356
3 0.15428548 0.36584795 0.021456314 0.033771645
1 0.77964586 0.29090336 0.20258752 0.29602078
0 0.16279583 0.62625897 0.03208251 0.045224257
3 0.13490498 0.37930745 0.022104789 0.033551663
3 0.66638947 0.53476703 0.045272063 0.054084655
3 0.11788243 0.3394904 0.019400477 0.036082715
3 0.12288954 0.3158007 0.019805789 0.03046888
3 0.14660197 0.331021 0.02205329 0.033219405
3 0.43877277 0.23508382 0.038363077 0.07562365
3 0.10128601 0.35947573 0.022076918 0.034298707
3 0.96309626 0.9868788 0.0428051 0.026242448
0 0.14285439 0.6348127 0.04371014 0.040391035
3 0.36771977 0.43199167 0.05611191 0.08287411
3 0.95436776 0.98843044 0.06523819 0.023139255
0 0.43848258 0.23494661 0.036497213 0.07389781