0 0.4526178 0.26743442 0.028712178 0.033974584
3 0.32579032 0.119914 0.025877668 0.037200343
0 0.63367295 0.7374225 0.020597173 0.03184993
0 0.47858486 0.08995179 0.022196962 0.03694792
3 0.38048732 0.6159226 0.025864506 0.034856543
3 0.15454495 0.12325924 0.026460672 0.0371044
3 0.25227365 0.6365612 0.024720669 0.03185959
3 0.6437965 0.33914435 0.02549696 0.03354327
3 0.37173238 0.5315333 0.026513672 0.036512442
3 0.27929124 0.204994 0.02798443 0.034604073
3 0.17798302 0.14277 0.02608738 0.035565123
3 0.93541145 0.4791224 0.028410722 0.03743407
3 0.37714887 0.45082226 0.021050168 0.029180337