0 0.16146533 0.57922316 0.025454784 0.03636322
3 0.08421617 0.45042482 0.025576938 0.031704143
1 0.7527186 0.31841692 0.28198385 0.21150169
3 0.18312424 0.12323477 0.02726729 0.038951527
3 0.092065595 0.37155947 0.029156828 0.03430583
0 0.17387483 0.5991372 0.028367495 0.036830015
0 0.16790238 0.5939619 0.028804636 0.04014435
0 0.16114295 0.62782025 0.029957056 0.040489327
3 0.15871726 0.27331874 0.03061819 0.03646242
3 0.0974944 0.16974239 0.02648511 0.03631926
0 0.15076302 0.6106007 0.0241179 0.044168603
0 0.12806168 0.630466 0.0264256 0.035576124
3 0.14902085 0.60926324 0.02583065 0.036773555
0 0.15949142 0.5878878 0.026702642 0.047430422
3 0.9025547 0.18886164 0.018698502 0.028996343