0 0.44634062 0.743393 0.026228523 0.03389613
0 0.74214983 0.6821878 0.02145176 0.030112714
0 0.49438578 0.53900623 0.023226453 0.03382734
3 0.31537476 0.6659077 0.025786115 0.03406296
3 0.22064416 0.28905037 0.028651476 0.03591932
3 0.4029112 0.64742905 0.026220514 0.034875236
3 0.47993574 0.5887515 0.04797573 0.06883266
3 0.35128897 0.7371624 0.058579206 0.07212525
0 0.6125246 0.7446771 0.023587037 0.03227501
3 0.24676637 0.47643855 0.05003443 0.061734267
3 0.23259607 0.78142464 0.0961281 0.094740555
3 0.43901092 0.23627408 0.039725304 0.07640753
3 0.9620285 0.9868845 0.04649086 0.02623113
3 0.6697728 0.52840346 0.036546707 0.060626734
3 0.34264445 0.7440613 0.041220903 0.060041558
3 0.57239497 0.16335246 0.027140236 0.035828497
1 0.7773575 0.3524871 0.19762002 0.42252734