1 0.2917111 0.55039454 0.19383582 0.13154806
0 0.74215406 0.9542392 0.02427845 0.036072288
3 0.89949465 0.43926316 0.018715287 0.035371654
0 0.7397794 0.5149305 0.026794815 0.032294784
3 0.8585348 0.7201948 0.024433708 0.031994376
3 0.4686732 0.93488836 0.025563717 0.035370003
3 0.9208576 0.783365 0.019328881 0.035657756
3 0.9017181 0.5045614 0.02268467 0.039182793
0 0.7306963 0.9672932 0.026537513 0.040910594
3 0.7096888 0.8940215 0.024760628 0.03283717
3 0.8921923 0.37438688 0.023996735 0.035203554
3 0.99298495 0.91366804 0.013981628 0.063321814
3 0.90864223 0.5665027 0.019674111 0.025007121
3 0.92148894 0.84074634 0.026416017 0.030998994
3 0.120447874 0.5426227 0.025996162 0.03281781
3 0.18313538 0.45748064 0.024604082 0.030127335
0 0.73677766 0.96234924 0.029620552 0.043631237
3 0.1767503 0.48483324 0.024187852 0.030296328
3 0.15698056 0.22381704 0.021503663 0.031000616
3 0.11264422 0.6593684 0.026754623 0.031247204
0 0.15386207 0.7828582 0.033121824 0.03642807
3 0.6087893 0.023303708 0.0774765 0.045507934