0 0.59741324 0.14930052 0.021704484 0.029020438
3 0.633195 0.7022002 0.025559044 0.037369538
3 0.6618865 0.21635097 0.020119667 0.029809318
3 0.31712085 0.21229246 0.5968176 0.42458493
3 0.33225557 0.6769281 0.026316404 0.034644954
0 0.73402065 0.5729649 0.025696754 0.031633507
3 0.65356183 0.58929014 0.02431345 0.033881124
3 0.60451627 0.08053945 0.018024063 0.031368956
1 0.34932908 0.5463215 0.22248708 0.27438283
3 0.5637358 0.7886773 0.020385075 0.039990745
3 0.47390532 0.71808654 0.036054708 0.074167125
3 0.37585807 0.29418948 0.72499084 0.58837897