0 0.55184436 0.77269304 0.02466526 0.033037823
0 0.65917987 0.6148325 0.028842164 0.034354147
3 0.544018 0.66095024 0.026528073 0.035484824
0 0.8344307 0.8984359 0.022367096 0.03247503
0 0.70272315 0.87274325 0.021237565 0.033990733
3 0.46082672 0.6282696 0.026760101 0.0359389
3 0.49251404 0.23758823 0.025119973 0.034617554
3 0.46000576 0.41755283 0.03998642 0.064593956
0 0.34721947 0.69718 0.022491932 0.0584343
3 0.35284486 0.68881494 0.030216027 0.08228175
3 0.34783316 0.6921246 0.023717498 0.07228687