0 0.17371288 0.6000893 0.026269913 0.032672882
3 0.018500438 0.77134955 0.037000876 0.07674981
0 0.13638566 0.6345791 0.026934767 0.033338677
3 0.09733133 0.35506618 0.020907199 0.029335786
3 0.11309951 0.3720985 0.021610355 0.03326734
3 0.107167564 0.31523743 0.02005942 0.030386291
0 0.15932105 0.6283488 0.029617453 0.034647625
3 0.13481353 0.37964964 0.022249794 0.033652373
3 0.12921906 0.31326154 0.02293148 0.031232072
3 0.15449464 0.3663901 0.02069888 0.03368238
3 0.35170233 0.736466 0.057928372 0.07109096
1 0.78099096 0.29346043 0.20155668 0.29410237
3 0.66590446 0.53438866 0.045910645 0.05320422
3 0.14740543 0.33172774 0.021976424 0.031352617
3 0.43883094 0.23502223 0.03776741 0.07486706
3 0.12374502 0.31545246 0.019459987 0.02996534
3 0.18723008 0.80707395 0.10058 0.07041168
3 0.10182952 0.3598879 0.021948814 0.03443184
3 0.11799727 0.3401181 0.019269133 0.036695037
3 0.9627804 0.98689884 0.044449996 0.026202394
0 0.16575138 0.62493986 0.03024075 0.035826113
3 0.3674278 0.43205982 0.055137634 0.08265394
0 0.4384865 0.23483406 0.036052704 0.07299287
3 0.9553179 0.98844004 0.06433296 0.023119992