0 0.39893278 0.6175493 0.022544384 0.031795375
0 0.57099944 0.12025271 0.026480008 0.03840383
0 0.45784673 0.089831136 0.022206306 0.03349924
3 0.47466102 0.50022763 0.024744034 0.03272559
3 0.31623107 0.12935273 0.026814843 0.038305093
3 0.5742901 0.39973602 0.026146794 0.032061834
3 0.76841325 0.28712687 0.026961708 0.035066478
3 0.6201057 0.17590724 0.024949456 0.035985313
3 0.37443265 0.27452266 0.027234841 0.034858387
3 0.31922755 0.24821569 0.025970077 0.036611527
3 0.64802796 0.1457079 0.02550335 0.03777912
3 0.468676 0.12493044 0.026701642 0.03735827
0 0.4622738 0.08942061 0.025974846 0.039450474
1 0.28749064 0.50167453 0.1980915 0.30225652