3 0.29514772 0.21570626 0.5656275 0.37047845
3 0.05233544 0.053599894 0.09392271 0.10167499
3 0.90081686 0.09234373 0.028138543 0.045805473
3 0.04876986 0.18291344 0.09753972 0.36582687
3 0.10632098 0.64750683 0.027489329 0.038472112
3 0.6120316 0.44243604 0.025784492 0.033830773
3 0.9009375 0.3649676 0.029814912 0.041054856
1 0.3520026 0.582763 0.3036221 0.14594296
3 0.48703843 0.20941074 0.83224756 0.33249247
3 0.58353156 0.48636752 0.019857978 0.032841682
2 0.4801688 0.59070647 0.047783375 0.04535777
3 0.0929866 0.35997906 0.029781604 0.040832777
3 0.25557145 0.062370032 0.5111429 0.07306597
3 0.31472167 0.6504423 0.5113871 0.2557644
3 0.29220635 0.1386617 0.5560107 0.231354
3 0.9035801 0.8466969 0.028857423 0.039060466
3 0.38337705 0.64921325 0.37095746 0.2701265
3 0.57808656 0.39987183 0.021779155 0.033869874
3 0.40267473 0.06266846 0.4906474 0.08103452
3 0.6515552 0.10415611 0.024585534 0.037023865
3 0.28699788 0.3311104 0.5653106 0.60542685
3 0.2831348 0.10123633 0.5508753 0.16261889