9 0.54765625 0.80625 0.0546875 0.02734375
9 0.9671875 0.71953125 0.05390625 0.0234375
9 0.29609375 0.6859375 0.05 0.0234375
9 0.42109375 0.590625 0.0484375 0.02265625
9 0.9375 0.57578125 0.04765625 0.0203125
9 0.7765625 0.5375 0.04453125 0.0203125
9 0.3203125 0.5328125 0.04765625 0.0203125
9 0.2125 0.5015625 0.04765625 0.02109375
9 0.06640625 0.4859375 0.05 0.021875
9 0.1203125 0.4609375 0.04453125 0.02109375
9 0.2828125 0.44296875 0.04140625 0.01875
9 0.46640625 0.4828125 0.04296875 0.01953125
9 0.60234375 0.47890625 0.04296875 0.0203125
4 0.52265625 0.390625 0.0421875 0.02109375
4 0.521875 0.49765625 0.04296875 0.0203125
4 0.67109375 0.62890625 0.046875 0.02265625