9 0.61640625 0.1703125 0.0953125 0.096875
9 0.6921875 0.26171875 0.0984375 0.09765625
9 0.7875 0.290625 0.096875 0.09765625
9 0.725 0.39765625 0.1015625 0.10078125
9 0.29140625 0.6453125 0.1046875 0.10234375
9 0.4171875 0.53203125 0.0984375 0.1015625
9 0.59453125 0.72734375 0.10625 0.109375
9 0.72578125 0.6984375 0.1078125 0.109375
9 0.80546875 0.50859375 0.1046875 0.1046875
9 0.9703125 0.7359375 0.05859375 0.11015625
9 0.49375 0.6046875 0.0984375 0.1046875
9 0.690625 0.58671875 0.10078125 0.10546875
9 0.640625 0.4953125 0.1 0.10234375
9 0.54375 0.51875 0.0984375 0.09765625
9 0.59375 0.61171875 0.1 0.0984375
10 0.11015625 0.6140625 0.1125 0.1046875
10 0.37890625 0.4359375 0.09765625 0.0984375
10 0.4390625 0.87734375 0.1125 0.11796875
10 0.47421875 0.4125 0.0984375 0.0953125
10 0.51484375 0.321875 0.09765625 0.10078125