10 0.22734375 0.21796875 0.1921875 0.1875
10 0.24296875 0.40546875 0.19609375 0.18359375
10 0.415625 0.24921875 0.1765625 0.1828125
4 0.44375 0.42109375 0.175 0.178125
6 0.6140625 0.259375 0.16328125 0.16484375
6 0.76796875 0.2640625 0.15703125 0.15703125
6 0.60859375 0.428125 0.1578125 0.1734375
6 0.7640625 0.4234375 0.159375 0.165625
9 0.19453125 0.57578125 0.196875 0.184375
9 0.18671875 0.76875 0.203125 0.1984375
9 0.39765625 0.5921875 0.17890625 0.1796875
9 0.4234375 0.77734375 0.184375 0.1890625
9 0.62265625 0.7703125 0.17265625 0.17890625
9 0.79921875 0.75859375 0.16875 0.17265625
9 0.6109375 0.596875 0.16484375 0.16875
9 0.76953125 0.59140625 0.1578125 0.16328125