1 0.12421875 0.2578125 0.1890625 0.18125
1 0.56640625 0.19453125 0.18125 0.1734375
1 0.925 0.16875 0.14921875 0.16875
9 0.496875 0.68125 0.24921875 0.24921875
9 0.67421875 0.5421875 0.2296875 0.22734375
9 0.690625 0.30078125 0.196875 0.18359375
9 0.92421875 0.596875 0.1515625 0.234375
9 0.35625 0.49296875 0.2234375 0.225
9 0.2203125 0.359375 0.203125 0.2015625
9 0.30390625 0.17109375 0.1765625 0.1734375
9 0.8234375 0.4328125 0.2109375 0.2078125
9 0.70390625 0.11484375 0.16796875 0.15546875
6 0.525 0.3859375 0.203125 0.2015625
6 0.8390625 0.0765625 0.153125 0.146875
10 0.8203125 0.23046875 0.17578125 0.171875
10 0.4078125 0.2734375 0.190625 0.18359375
10 0.590625 0.05625 0.15703125 0.1125
1 0.45 0.1078125 0.165625 0.1578125