5 0.36015625 0.50546875 0.1375 0.1359375
5 0.2265625 0.36484375 0.13671875 0.12578125
5 0.8140625 0.3515625 0.13359375 0.134375
5 0.646875 0.353125 0.1359375 0.13671875
4 0.08984375 0.34296875 0.14453125 0.13125
4 0.3765625 0.20078125 0.128125 0.12421875
4 0.64453125 0.20703125 0.1328125 0.134375
4 0.3328125 0.67109375 0.1609375 0.15234375
4 0.6984375 0.4828125 0.13984375 0.1421875
9 0.24921875 0.19921875 0.125 0.1265625
9 0.50625 0.2109375 0.128125 0.1390625
9 0.77734375 0.2 0.12890625 0.13125
9 0.1890625 0.51875 0.15546875 0.14453125
9 0.365625 0.3625 0.13125 0.1359375
9 0.509375 0.35 0.13203125 0.134375
9 0.5328125 0.496875 0.1453125 0.14140625
9 0.525 0.66484375 0.15703125 0.1609375
9 0.559375 0.865625 0.1703125 0.1796875
9 0.740625 0.64921875 0.159375 0.1671875
9 0.88203125 0.49296875 0.15234375 0.146875
9 0.94609375 0.34921875 0.1078125 0.13359375
9 0.9234375 0.2015625 0.12578125 0.13203125