9 0.240625 0.2734375 0.16484375 0.1625
9 0.23046875 0.46640625 0.165625 0.15703125
9 0.3796875 0.53046875 0.15234375 0.15
9 0.4046875 0.340625 0.15234375 0.1546875
9 0.4578125 0.1875 0.1515625 0.15625
9 0.63046875 0.1328125 0.14921875 0.1546875
9 0.584375 0.28984375 0.1484375 0.14765625
9 0.5515625 0.45 0.14765625 0.1484375
9 0.63515625 0.57265625 0.14765625 0.14921875
9 0.78203125 0.5015625 0.14921875 0.14375
9 0.75625 0.3296875 0.14921875 0.1453125
10 0.51171875 0.67890625 0.15625 0.16015625
10 0.68203125 0.7734375 0.15703125 0.1625
10 0.79765625 0.6828125 0.1625 0.1546875