9 0.05546875 0.78203125 0.03125 0.03828125
9 0.1859375 0.12265625 0.02734375 0.03359375
9 0.415625 0.17265625 0.0265625 0.03359375
9 0.48515625 0.37578125 0.0265625 0.034375
9 0.72421875 0.26640625 0.02734375 0.03359375
9 0.3234375 0.7828125 0.0296875 0.04140625
9 0.4734375 0.78984375 0.03125 0.03203125
7 0.577777778125 0.2666666671875 0.5530864203125 0.3231481484375 0.5216049375 0.38055555625 0.4802469140625 0.43981481406249995 0.47407407343749997 0.44444444375 0.46543209843750005 0.44166666718750003 0.459259259375 0.4546296296875 0.458024690625 0.46481481406249997 0.44506172812499994 0.478703703125 0.43395061718749994 0.48703703750000005 0.4290123453125 0.48703703750000005 0.42469135781249995 0.4824074078125 0.40432098749999995 0.4861111109375 0.400617284375 0.48981481406249994 0.4 0.5129629625 0.3981481484375 0.515740740625 0.3888888890625 0.51944444375 0.3802469140625 0.5120370375000001 0.37345679062500003 0.5120370375000001 0.3703703703125 0.5296296296875 0.340740740625 0.5398148140625 0.3376543203125 0.546296296875 0.33703703749999997 0.5611111109375 0.3438271609375 0.58055555625 0.3796296296875 0.5759259265625001 0.3975308640625 0.5870370375 0.4024691359375 0.6 0.408641975 0.6046296296875 0.430864196875 0.5981481484375 0.441358025 0.5861111109375 0.45555555625000005 0.5898148140624999 0.47592592656250005 0.5861111109375 0.480864196875 0.602777778125 0.491358025 0.6101851859375 0.5043209875 0.6074074078125 0.5117283953125 0.6018518515625 0.5148148140625 0.5953703703125 0.5135802468749999 0.5731481484375001 0.5074074078125 0.5629629625 0.4981481484375 0.5574074078125 0.519135803125 0.5509259265625001 0.52283950625 0.54444444375 0.52283950625 0.5379629625 0.519135803125 0.50648148125 0.5074074078125 0.490740740625 0.5135802468749999 0.4861111109375 0.5148148140625 0.48148148125 0.508024690625 0.478703703125 0.5074074078125 0.475 0.54012345625 0.42592592656250006 0.5950617281249999 0.325 0.6209876546875 0.25555555625 0.64012345625 0.18055555625 0.64012345625 0.171296296875 0.63580246875 0.1648148140625 0.6234567906249999 0.15648148125 0.6111111109375 0.1546296296875 0.6067901234375 0.1601851859375 0.5944444437499999 0.2166666671875 0.577777778125 0.2666666671875
3 0.630864196875 0.22314814843750003 0.6283950625 0.22870370312500002 0.6234567906249999 0.24722222187499998 0.6166666671875001 0.2611111109375 0.6043209875 0.3120370375 0.5932098765625 0.3324074078125 0.5950617281249999 0.3416666671875 0.60987654375 0.3453703703125 0.66851851875 0.3425925921875 0.6851851859375 0.3361111109375 0.6981481484375001 0.322222221875 0.700617284375 0.3120370375 0.7 0.26203703749999996 0.691975309375 0.252777778125 0.6790123453125 0.24907407343750002 0.67283950625 0.24259259218749998 0.66851851875 0.221296296875 0.65987654375 0.20277777812500003 0.6549382718750001 0.2 0.6438271609374999 0.209259259375 0.6388888890625 0.22685185156249998 0.630864196875 0.22314814843750003
3 0.6882716046875 0.177777778125 0.7 0.1925925921875 0.7302469140625 0.20648148125 0.730864196875 0.21851851875 0.732098765625 0.2101851859375 0.7364197531250001 0.209259259375 0.7635802468749999 0.23611111093749998 0.777777778125 0.2453703703125 0.79444444375 0.2453703703125 0.8055555562500001 0.23240740781250002 0.8074074078125 0.2148148140625 0.804938271875 0.20740740781250003 0.8055555562500001 0.1601851859375 0.8018518515625 0.1666666671875 0.7938271609374999 0.16851851874999998 0.790740740625 0.18148148125000002 0.782098765625 0.1861111109375 0.77283950625 0.1861111109375 0.7611111109375 0.17962962968750001 0.7512345671875 0.1583333328125 0.741975309375 0.15370370312499998 0.7388888890625 0.146296296875 0.722222221875 0.140740740625 0.7012345671875 0.140740740625 0.691358025 0.1453703703125 0.6858024687500001 0.15648148125 0.6882716046875 0.177777778125
9 0.32716049375 0.50648148125 0.32592592656249997 0.50648148125 0.3246913578125 0.509259259375 0.3240740734375 0.509259259375 0.3240740734375 0.5101851859375001 0.323456790625 0.5101851859375001 0.32283950625 0.5138888890625 0.322222221875 0.5138888890625 0.322222221875 0.5240740734375 0.323456790625 0.525 0.323456790625 0.5268518515625 0.3253086421875 0.5287037031249999 0.3253086421875 0.5296296296875 0.32592592656249997 0.5296296296875 0.32592592656249997 0.5305555562500001 0.3283950625 0.5314814812499999 0.3283950625 0.5324074078125001 0.33580246874999997 0.5324074078125001 0.33580246874999997 0.5314814812499999 0.3376543203125 0.5314814812499999 0.3382716046875 0.5296296296875 0.3395061734375 0.5296296296875 0.3395061734375 0.527777778125 0.341358025 0.5259259265625 0.341975309375 0.522222221875 0.3425925921875 0.522222221875 0.3425925921875 0.515740740625 0.341975309375 0.515740740625 0.341975309375 0.5138888890625 0.341358025 0.5138888890625 0.341358025 0.5120370375000001 0.34012345625 0.5111111109375 0.34012345625 0.509259259375 0.3382716046875 0.5074074078125 0.3382716046875 0.50648148125 0.33703703749999997 0.50648148125 0.336419753125 0.5046296296875 0.3345679015625 0.5046296296875 0.3345679015625 0.503703703125 0.3296296296875 0.503703703125 0.3296296296875 0.5046296296875 0.32777777812500003 0.5046296296875 0.32716049375 0.50648148125
9 0.78580246875 0.08055555625000001 0.786419753125 0.08055555625000001 0.786419753125 0.08425925937499999 0.7870370375 0.08425925937499999 0.7870370375 0.0870370375 0.7876543203125 0.0870370375 0.7876543203125 0.09074074062500001 0.7882716046875 0.09074074062500001 0.7882716046875 0.09351851875 0.7888888890625 0.09351851875 0.7888888890625 0.097222221875 0.7895061734375 0.097222221875 0.7895061734375 0.1 0.79012345625 0.1 0.79012345625 0.102777778125 0.7925925921875 0.102777778125 0.7932098765625 0.10092592656249999 0.7938271609374999 0.10092592656249999 0.7938271609374999 0.1 0.795061728125 0.1 0.795061728125 0.0990740734375 0.7956790125000001 0.0990740734375 0.7956790125000001 0.097222221875 0.7969135796875 0.09629629687499999 0.7975308640625001 0.0925925921875 0.7981481484375 0.0925925921875 0.7981481484375 0.08425925937499999 0.7975308640625001 0.08425925937499999 0.7975308640625001 0.0824074078125 0.7969135796875 0.0824074078125 0.7969135796875 0.08055555625000001 0.7956790125000001 0.07962962968750001 0.7956790125000001 0.078703703125 0.79444444375 0.078703703125 0.7938271609374999 0.07685185156249999 0.791358025 0.07685185156249999 0.791358025 0.0759259265625 0.7870370375 0.0759259265625 0.7870370375 0.07685185156249999 0.78580246875 0.07685185156249999 0.78580246875 0.08055555625000001
3 0.43456790156249997 0.29444444375 0.43641975312500003 0.30648148124999997 0.46481481406249997 0.31851851875000003 0.45679012343750003 0.3509259265625 0.4574074078125 0.3638888890625 0.4617283953125 0.36944444375 0.4709876546875 0.3703703703125 0.482098765625 0.322222221875 0.48456790156249996 0.32777777812500003 0.4975308640625 0.33055555625 0.49382716093749995 0.31759259218749997 0.49506172812499993 0.303703703125 0.4882716046875 0.29814814843750004 0.4882716046875 0.29444444375 0.4932098765625 0.2833333328125 0.4981481484375 0.2601851859375 0.4932098765625 0.25555555625 0.486419753125 0.25555555625 0.47283950625 0.2925925921875 0.43827160468750004 0.2851851859375 0.43456790156249997 0.29444444375
3 0.0218001421875 0.7997927234375 0.0363335703125 0.8256803937500001 0.2725017796875 0.831130428125 0.940131140625 0.8175053390624999 0.9419478187499999 0.8188678484375 0.9555729078124999 0.7916176703125 0.0218001421875 0.7997927234375
3 0.86419753125 0.3320105828125 0.8756613765625 0.37830687812499997 0.8659611999999999 0.3981481484375 0.933862434375 0.797619046875 0.9603174609374999 0.7949735453125 0.82363315625 0.027777778125000003 0.809523809375 0.0674603171875 0.858024690625 0.3452380953125 0.86419753125 0.3320105828125
3 0.0987654328125 0.4378306875 0.1137566140625 0.3544973546875 0.1269841265625 0.3677248671875 0.1781305125 0.12433862343749999 0.1631393296875 0.0859788359375 0.1490299828125 0.1415343921875 0.0132275125 0.80026455 0.0440917109375 0.797619046875 0.1137566140625 0.4616402125 0.0987654328125 0.4378306875
0 0.09964726562500001 0.4378306875 0.1137566140625 0.46296296249999996 0.1287477953125 0.3664021171875 0.1146384484375 0.353174603125 0.09964726562500001 0.4378306875
8 0.8668430328125 0.4007936515625 0.8756613765625 0.3796296296875 0.8659611999999999 0.328042328125 0.8553791890625 0.3425925921875 0.8668430328125 0.4007936515625
3 0.5123456796875 0.054232804687500004 0.170194003125 0.08333333281250001 0.17636684375 0.1230158734375 0.514109346875 0.096560846875 0.5123456796875 0.054232804687500004