9 0.45 0.3046875 0.0359375 0.05703125
9 0.6796875 0.9625 0.04140625 0.06328125
4 0.55859375 0.7140625 0.040625 0.05859375
9 0.67890625 0.81484375 0.040625 0.06015625
9 0.45 0.3046875 0.0359375 0.05703125
9 0.6796875 0.9625 0.04140625 0.06328125
4 0.55859375 0.7140625 0.040625 0.05859375
9 0.67890625 0.81484375 0.040625 0.06015625
9 0.86640625 0.93046875 0.04296875 0.0609375
9 0.45 0.3046875 0.0359375 0.05703125
9 0.6796875 0.9625 0.04140625 0.06328125
4 0.55859375 0.7140625 0.040625 0.05859375
9 0.67890625 0.81484375 0.040625 0.06015625
9 0.86640625 0.93046875 0.04296875 0.0609375
9 0.87578125 0.25078125 0.03984375 0.05625
9 0.646875 0.10546875 0.0359375 0.0546875
3 0.3382716046875 0.222222221875 0.345061728125 0.2398148140625 0.4012345671875 0.24907407343750002 0.396296296875 0.3120370375 0.3975308640625 0.3351851859375 0.4018518515625 0.3425925921875 0.4209876546875 0.34351851875 0.42283950625 0.340740740625 0.4296296296875 0.25648148125 0.43518518593750005 0.2546296296875 0.49259259218749996 0.2648148140625 0.49444444374999996 0.2629629625 0.49691357968750005 0.2166666671875 0.490740740625 0.21296296250000002 0.43518518593750005 0.20370370312500002 0.4395061734375 0.1166666671875 0.41543209843750006 0.1120370375 0.40679012343750004 0.1981481484375 0.341975309375 0.1888888890625 0.3382716046875 0.222222221875
3 0.94635738125 1 0.9339520765625 0.4758620171875 0.914231490625 0 0.8739329 0.0037061437500000003 0.8927960703125001 0.6351021375 0.9022276546875 1 0.94635738125 1