9 0.89140625 0.74921875 0.03125 0.0453125
9 0.47109375 0.7921875 0.0296875 0.0390625
9 0.32265625 0.78203125 0.03203125 0.03984375
9 0.0546875 0.78515625 0.03203125 0.03515625
9 0.3328125 0.51796875 0.025 0.03359375
9 0.4796875 0.36484375 0.0203125 0.03359375
9 0.52890625 0.27578125 0.021875 0.0328125
9 0.53359375 0.12265625 0.0203125 0.03359375
9 0.78828125 0.08671875 0.0203125 0.0328125
9 0.4125 0.16875 0.0234375 0.0328125
9 0.184375 0.12421875 0.0234375 0.03203125
3 0.2921875 0.32578125 0.0953125 0.13125
3 0.14149537031249998 0.35775748749999997 0.1809480328125 0.12412233749999999 0.8124936484375 0.07203480625 0.8499557796874999 0.312675234375 0.885060896875 0.2940855484375 0.8363702359375 0.0156003765625 0.14304643749999998 0.0772430578125 0.02197986875 0.7149193984375 0.009517825 0.7737066687499999 0.009977203125 0.8383331296875 0.94564943125 0.8513680921875 0.9958862093749999 0.7982500671875 0.9067667 0.42123396875 0.867500103125 0.421964534375 0.9321979078125 0.7852107453125 0.046395545312499994 0.7908219437499999 0.11513480312499999 0.46168396874999995 0.0947768328125 0.4408530578125 0.11956006718750001 0.3516616828125 0.14149537031249998 0.35775748749999997
0 0.12147115625 0.3605592921875 0.102482171875 0.43867920624999995 0.118203621875 0.4542736875 0.12146728124999999 0.45714121093750004 0.1418788578125 0.37531276406249997 0.12147115625 0.3605592921875
7 0.593230178125 0.21801394531249998 0.5902101765625 0.23209239843749999 0.5858120921875 0.2473434375 0.5810695421875 0.2586979140625 0.5705892578125 0.28368405937499996 0.565511390625 0.2973542390625 0.5597102515625 0.30790290625 0.546497809375 0.3242126953125 0.529429603125 0.34382488125 0.5282745624999999 0.346275046875 0.4967739640625 0.40584479375000004 0.4528218703125 0.43986688906250004 0.41377648593750005 0.47556300937499996 0.35532138281250003 0.5115148140625 0.3344228703125 0.5490279421875 0.3416550515625 0.5766122 0.3600267953125 0.57926900625 0.38478930624999996 0.582942821875 0.39525710625 0.589063453125 0.403474353125 0.59605641875 0.4134661421875 0.6003704578125 0.42330711875000004 0.6035070671875 0.429478559375 0.6021879484375 0.43931942968750004 0.598499278125 0.44569130625 0.5962400890625 0.4519932125 0.5943349203125 0.46128465781249994 0.5940851281249999 0.4682837859375 0.5948374109375 0.485466528125 0.599918103125 0.48805045781249995 0.6003703765624999 0.4923083859375 0.6021567859375 0.4952036265625 0.603539603125 0.5009908796875 0.6026300499999999 0.5058219140625 0.601972953125 0.5190900093749999 0.5934498296874999 0.5257420875000001 0.5797594671875 0.526705840625 0.56812645625 0.5268985265625 0.552837553125 0.529108709375 0.5384702328125 0.5309683984375 0.507259146875 0.531066140625 0.47931231093750004 0.5309680765625 0.47001809375 0.5342190859375 0.45612734843749997 0.553568521875 0.43690369687499997 0.5712585984375 0.41850426093750004 0.578744825 0.4037167984375 0.6134595109375 0.2916750625 0.6276562671875 0.225744821875 0.643002034375 0.167135490625 0.616365625 0.148802984375 0.6090112640625 0.162362315625 0.60743005625 0.163836846875 0.6052085703125 0.1770946359375 0.6026735125 0.1902781078125 0.5995825703125 0.20156775625 0.593230178125 0.21801394531249998