9 0.83828125 0.7671875 0.0265625 0.03203125
9 0.19296875 0.0875 0.02265625 0.0328125
9 0.5359375 0.36015625 0.0234375 0.0328125
9 0.171875 0.77890625 0.02890625 0.03515625
9 0.55390625 0.303125 0.021875 0.0328125
9 0.5109375 0.79375 0.025 0.03125
9 0.38828125 0.78203125 0.02421875 0.034375
9 0.55859375 0.11328125 0.0234375 0.03359375
9 0.815625 0.08828125 0.02578125 0.034375
9 0.43671875 0.16796875 0.02578125 0.03359375
9 0.48472222187499997 0.4375 0.4826388890625 0.45208333281249996 0.48333333281249996 0.459375 0.4888888890625 0.46458333281249997 0.5145833328125 0.46666666718750005 0.51944444375 0.5114583328125 0.53680555625 0.5145833328125 0.5388888890625 0.5114583328125 0.5381944437499999 0.46666666718750005 0.5666666671875 0.4604166671875 0.56805555625 0.43854166718750004 0.5666666671875 0.43333333281249997 0.53680555625 0.434375 0.5354166671875 0.3947916671875 0.5305555562500001 0.38333333281250004 0.52569444375 0.38333333281250004 0.515277778125 0.3875 0.5173611109375 0.434375 0.48472222187499997 0.4375
3 0.8591419921875 0.39003525781250004 0.8614229 0.442496140625 0.8522992687500001 0.4447770484375 0.865984715625 0.8120032265624999 0.885752584375 0.8177054984375 0.8576213859375 0.0285113484375 0.8431756359374999 0.0570226984375 0.8515389656250001 0.3945970734375 0.8591419921875 0.39003525781250004
8 0.8515389656250001 0.4573220421875 0.8522992687500001 0.44705795625 0.8614229 0.4436365953125 0.8599022937499999 0.3911757125 0.8507786625 0.392316165625 0.8515389656250001 0.4573220421875
3 0.855340478125 0.0262304421875 0.1718283984375 0.0513204296875 0.1832329375 0.07755087031249999 0.8462168468750001 0.0558822453125 0.855340478125 0.0262304421875
3 0.1665062796875 0.4698670359375 0.16954749062500002 0.3763498109375 0.17791081875 0.3774902640625 0.183993240625 0.0752699625 0.16802688593749998 0.054741790624999995 0.144457503125 0.8097223203125001 0.16346506875 0.7948964171874999 0.17410930625 0.47328839843750004 0.1665062796875 0.4698670359375
3 0.1627047671875 0.7948964171874999 0.1459781078125 0.81314368125 0.88119076875 0.8268291296875001 0.88499228125 0.830250490625 0.869786228125 0.8074414109375001 0.1627047671875 0.7948964171874999
0 0.179431425 0.3763498109375 0.17791081875 0.37863071875 0.17030779375 0.37520935624999996 0.1665062796875 0.47214794375 0.1763902140625 0.47556930625 0.179431425 0.3763498109375