3 0.2015625 0.03984375 0.0203125 0.0265625
3 0.23046875 0.2953125 0.02109375 0.025
3 0.2234375 0.32578125 0.0203125 0.025
3 0.1671875 0.38046875 0.0203125 0.02578125
3 0.1609375 0.49921875 0.02109375 0.025
0 0.20390625 0.62578125 0.02265625 0.0265625
3 0.51640625 0.8 0.01953125 0.02890625
3 0.76796875 0.7828125 0.0203125 0.0265625
0 0.7859375 0.8609375 0.0203125 0.0265625
0 0.8 0.84296875 0.02109375 0.02734375
3 0.94296875 0.61484375 0.021875 0.02578125
0 0.828125 0.3859375 0.0203125 0.02734375
2 0.19785156875 0.3917361125 0.199379596875 0.40099536875 0.20243564374999998 0.40655092656249997 0.2077142734375 0.40988426093749997 0.217854803125 0.41006945781250004 0.22743968125 0.4096990765625 0.236468915625 0.4096990765625 0.2395249625 0.3739583328125 0.227717503125 0.3739583328125 0.21757697187499997 0.3735879640625 0.20657986093749997 0.3729398140625 0.20146326406249998 0.3772916671875 0.1988239484375 0.3835879640625 0.19785156875 0.3917361125
1 0.24375 0.3625 0.2390625 0.3729166671875 0.2078125 0.3708333328125 0.1984375 0.3791666671875 0.196875 0.3958333328125 0.203125 0.41041666718750003 0.2328125 0.4125 0.259375 0.4270833328125 0.275 0.4479166671875 0.3265625 0.45625 0.3421875 0.47083333281249995 0.375 0.475 0.3765625 0.4625 0.390625 0.45 0.428125 0.45416666718750004 0.4328125 0.42291666718750004 0.440625 0.40833333281249995 0.4328125 0.3416666671875 0.3875 0.3375 0.28125 0.3479166671875 0.2609375 0.3625 0.24375 0.3625