3 0.54296875 0.7984375 0.02109375 0.0296875
3 0.55234375 0.85078125 0.021875 0.03125
3 0.09296875 0.86796875 0.02265625 0.0296875
3 0.2015625 0.89375 0.02265625 0.02890625
3 0.1109375 0.8390625 0.0234375 0.0296875
0 0.17578125 0.89375 0.0234375 0.0296875
3 0.53125 0.51171875 0.0203125 0.0296875
3 0.521875 0.4484375 0.0203125 0.0265625
3 0.45625 0.3484375 0.0203125 0.0265625
3 0.29453125 0.34609375 0.021875 0.0265625
3 0.28046875 0.3984375 0.0203125 0.02734375
0 0.10078125 0.1 0.02265625 0.028125
3 0.74921875 0.7796875 0.021875 0.02890625
3 0.584375 0.5 0.01953125 0.028125
3 0.58125 0.4265625 0.0203125 0.02890625
3 0.6140625 0.45625 0.02109375 0.0296875
0 0.6015625 0.5171875 0.01953125 0.02734375
3 0.89296875 0.096875 0.021875 0.02734375
2 0.760550371875 0.4329405890625 0.7614252234375 0.44127646093750006 0.7623000828125 0.4511127828125 0.7630499562499999 0.46128254375 0.7660494609375 0.46595063750000004 0.77104863125 0.46795123906249997 0.7785473859375001 0.46728438125 0.787670865625 0.46461689218749996 0.7934199093750001 0.45894851093750005 0.79167020625 0.4486120234375 0.7905453921875 0.4374419546875 0.78979551875 0.42727219375000003 0.788545725 0.41693571250000006 0.787531246875 0.40483333281249995 0.7586756828125 0.41543525781249996 0.75942555625 0.42293754375 0.760550371875 0.4329405890625
1 0.69375 0.1166666671875 0.6984375 0.125 0.696875 0.16458333281249998 0.7078125 0.19583333281249998 0.7015625 0.2208333328125 0.69375 0.2270833328125 0.696875 0.25625 0.6796875 0.2645833328125 0.678125 0.2875 0.6859375 0.30625 0.7046875 0.30625 0.7171875 0.34375 0.721875 0.38333333281250004 0.7390625 0.40625 0.75625 0.41041666718750003 0.7625 0.46666666718750005 0.78125 0.47083333281249995 0.7953125 0.4625 0.790625 0.40625 0.796875 0.40208333281249997 0.7953125 0.3645833328125 0.8015625 0.3541666671875 0.8015625 0.33125 0.784375 0.19583333281249998 0.775 0.1895833328125 0.7796875 0.1604166671875 0.7671875 0.1458333328125 0.7765625 0.13125 0.7921875 0.125 0.7921875 0.0958333328125 0.7890625 0.08125 0.7640625 0.0875 0.759375 0.07291666718749999 0.7484375 0.07291666718749999 0.725 0.08333333281250001 0.721875 0.1020833328125 0.69375 0.1166666671875