3 0.14296875 0.6 0.02109375 0.028125
3 0.178125 0.1421875 0.02109375 0.0296875
3 0.50390625 0.446875 0.02109375 0.02734375
3 0.1546875 0.1234375 0.02109375 0.0265625
3 0.57890625 0.48828125 0.0203125 0.0265625
3 0.37109375 0.5328125 0.021875 0.02890625
3 0.45859375 0.56640625 0.02109375 0.028125
3 0.38125 0.6171875 0.021875 0.02890625
3 0.253125 0.6375 0.02265625 0.03046875
0 0.48359375 0.45078125 0.021875 0.02734375
0 0.5234375 0.44765625 0.0203125 0.028125
2 0.3507550421875 0.46153621874999995 0.3622490625 0.4652710625 0.3737430734375 0.46841621718750004 0.38111103125 0.4688093453125 0.38523709375 0.45957050468749994 0.3877421953125 0.44640020625 0.3867106859375 0.43519563593750005 0.376100828125 0.4322470640625 0.36431209375 0.4294950703125 0.3539969515625 0.42615335625000006 0.34288806250000003 0.4227945703125 0.3370506453125 0.45839106406249996 0.3411766953125 0.45976705781250005 0.3507550421875 0.46153621874999995
1 0.0765625 0.38333333281250004 0.084375 0.3875 0.0828125 0.43333333281249997 0.1078125 0.43125 0.1203125 0.43958333281249995 0.1296875 0.3875 0.1328125 0.4166666671875 0.14375 0.43541666718750005 0.1703125 0.45625 0.1984375 0.4625 0.2046875 0.4791666671875 0.2328125 0.4875 0.3046875 0.4895833328125 0.3328125 0.46875 0.3828125 0.47291666718750003 0.3875 0.4625 0.3875 0.43541666718750005 0.34375 0.42083333281249996 0.334375 0.39791666718749996 0.315625 0.38125 0.23125 0.3458333328125 0.215625 0.35208333281250004 0.159375 0.3458333328125 0.1375 0.3604166671875 0.134375 0.3166666671875 0.1 0.3104166671875 0.0921875 0.3395833328125 0.078125 0.3479166671875 0.0765625 0.38333333281250004
0 0.490625 0.48125 0.0203125 0.02890625