3 0.14375 0.175 0.021875 0.0296875
3 0.2 0.12265625 0.02109375 0.028125
3 0.37890625 0.09453125 0.01953125 0.028125
3 0.58203125 0.1125 0.02109375 0.02734375
3 0.65703125 0.07109375 0.01875 0.028125
3 0.65703125 0.12890625 0.01953125 0.028125
3 0.66171875 0.27890625 0.0203125 0.028125
3 0.66015625 0.69453125 0.02109375 0.028125
3 0.940625 0.81015625 0.0234375 0.028125
3 0.2859375 0.775 0.021875 0.02890625
0 0.2296875 0.86796875 0.0234375 0.03046875
2 0.2975786125 0.7243588390625 0.30507736875 0.71819028125 0.3153256625 0.7096876937500001 0.3238242546875 0.7010183875 0.3228244171875 0.69151549375 0.316950396875 0.67884496875 0.31082641093749996 0.6695087953125001 0.3037025984375 0.6770110796875 0.2959538796875 0.6835130578124999 0.2890800203125 0.68984831875 0.278831725 0.698017475 0.27034374687499996 0.7050416671875 0.283081021875 0.7348620234375 0.2884551234375 0.7308608078125001 0.2975786125 0.7243588390625
1 0.225 0.7 0.159375 0.7416666671875001 0.090625 0.8270833328125 0.0765625 0.8604166671875 0.0625 0.8416666671874999 0.05 0.8375 0.046875 0.85 0.028125 0.8625 0.0296875 0.925 0.0453125 0.9479166671874999 0.0578125 0.9416666671874999 0.0765625 0.9708333328125001 0.09375 0.9458333328125 0.1078125 0.94375 0.0953125 0.9041666671874999 0.1268639828125 0.9081590921875 0.14972839531249998 0.8956322328124999 0.1872913578125 0.8733016875 0.195457221875 0.8820160749999999 0.2234375 0.85625 0.225 0.8395833328125001 0.2609375 0.8 0.27303293125 0.78888138125 0.2718080703125 0.7692740703125 0.2859375 0.7583333328124999 0.2828125 0.7395833328125 0.3265625 0.7 0.315625 0.6729166671875 0.3078125 0.66875 0.2703125 0.7041666671875 0.25 0.69375 0.225 0.7