1 0.38203125 0.47083333281249995 0.3890625 0.440625 0.38515625 0.43333333281249997 0.34140625 0.42291666718750004 0.3296875 0.3947916671875 0.31640625 0.38333333281250004 0.24765625 0.35 0.16015625 0.3458333328125 0.14140625 0.3604166671875 0.1328125 0.35104166718749996 0.13203125 0.3166666671875 0.10234375 0.3083333328125 0.096875 0.3135416671875 0.09375 0.33645833281250004 0.078125 0.346875 0.075 0.36770833281250004 0.075 0.38229166718749996 0.084375 0.3864583328125 0.08359375 0.4291666671875 0.11796875 0.43541666718750005 0.13359375 0.4 0.1359375 0.415625 0.14921875 0.43333333281249997 0.17421875 0.45208333281249996 0.20078125 0.4604166671875 0.203125 0.4760416671875 0.21171875 0.48333333281249996 0.2328125 0.48645833281249995 0.24296875 0.47083333281249995 0.30234375 0.48333333281249996 0.33515625 0.4604166671875 0.38203125 0.47083333281249995
2 0.34214096562499996 0.4256697328125 0.337384878125 0.4593586765625 0.3804869125 0.47045621249999997 0.38762104218750004 0.43637092656250004 0.34214096562499996 0.4256697328125
3 0.178125 0.14375 0.0234375 0.03125
3 0.1546875 0.1234375 0.0234375 0.03125
3 0.253125 0.63671875 0.02421875 0.03125
3 0.371875 0.53203125 0.021875 0.03046875
3 0.38125 0.61640625 0.02265625 0.03046875
0 0.4796875 0.446875 0.02265625 0.03125
3 0.5 0.45390625 0.01875 0.02734375
0 0.49140625 0.48203125 0.02109375 0.0296875
0 0.51640625 0.47109375 0.02109375 0.03046875
3 0.934375 0.48203125 0.02578125 0.03125