3 0.453125 0.15390625 0.015625 0.028125
3 0.5484375 0.14609375 0.01484375 0.0296875
3 0.24140625 0.2859375 0.01640625 0.02890625
3 0.45234375 0.38984375 0.015625 0.028125
3 0.16640625 0.51953125 0.01796875 0.02890625
3 0.3734375 0.61015625 0.01640625 0.0296875
3 0.60234375 0.68359375 0.015625 0.02890625
3 0.2125 0.69140625 0.01875 0.0296875
3 0.34921875 0.70859375 0.0171875 0.02734375
3 0.74375 0.13203125 0.01484375 0.02890625
0 0.6421875 0.81484375 0.0171875 0.02890625
3 0.3421875 0.24453125 0.01875 0.0328125