3 0.23567708281250002 0.26944444375 0.23177083281250002 0.27638888906250003 0.23177083281250002 0.2875 0.23671875 0.29722222187499997 0.24322916718749998 0.2986111109375 0.2484375 0.29305555625 0.2494791671875 0.2791666671875 0.24296875 0.26851851875 0.23567708281250002 0.26944444375
3 0.44296875 0.13641402656249998 0.4390625 0.1405806921875 0.4375 0.15354365625 0.4408854171875 0.16326587812499999 0.44739583281249995 0.1655806921875 0.4515625 0.1618769890625 0.453125 0.1470621734375 0.45026041718750004 0.13919180312499999 0.44296875 0.13641402656249998
3 0.5330729171875 0.12129629687500001 0.5276041671875 0.1273148140625 0.5260416671875 0.13935185156250002 0.5283854171875 0.147222221875 0.534375 0.1513888890625 0.540625 0.1458333328125 0.5416666671875 0.13101851874999998 0.53828125 0.1231481484375 0.5330729171875 0.12129629687500001
3 0.45130208281249995 0.3740740734375 0.44635416718750004 0.38009259218749997 0.4453125 0.3921296296875 0.44921875 0.40092592656250003 0.4557291671875 0.40231481406249997 0.4609375 0.3949074078125 0.4614583328125 0.383796296875 0.45807291718750004 0.3759259265625 0.45130208281249995 0.3740740734375
3 0.76484375 0.1231481484375 0.7591145828125 0.125 0.7546875 0.1356481484375 0.7552083328125 0.146759259375 0.75859375 0.1518518515625 0.7640625 0.1523148140625 0.7674479171875 0.15 0.7708333328125 0.140277778125 0.7692708328125 0.1273148140625 0.76484375 0.1231481484375
3 0.58828125 0.6601851859375001 0.5817708328125 0.6671296296875 0.5807291671875 0.6791666671875001 0.58515625 0.6888888890625 0.5911458328125 0.6893518515625 0.5953125 0.683796296875 0.5963541671875 0.6726851859375 0.5940104171875 0.6648148140625 0.58828125 0.6601851859375001
3 0.37265625 0.5944444437499999 0.365625 0.6023148140625 0.3645833328125 0.6125 0.3684895828125 0.622222221875 0.375 0.6236111109375 0.3796875 0.61898148125 0.3817708328125 0.60694444375 0.37734375 0.5962962968750001 0.37265625 0.5944444437499999
3 0.3450520828125 0.69351851875 0.340625 0.7004629625 0.3395833328125 0.7125 0.3434895828125 0.7212962968750001 0.35104166718749996 0.7226851859375001 0.3572916671875 0.7125 0.3567708328125 0.7004629625 0.3528645828125 0.69351851875 0.3450520828125 0.69351851875
3 0.20859375 0.6759259265625001 0.20208333281250002 0.683796296875 0.2015625 0.696759259375 0.20598958281250002 0.70555555625 0.2130208328125 0.70601851875 0.21875 0.6995370375000001 0.2203125 0.6865740734375 0.21588541718749998 0.6768518515624999 0.20859375 0.6759259265625001
3 0.16484375 0.502777778125 0.15625 0.5115740734374999 0.15572916718750002 0.5236111109375 0.15859375 0.5305555562500001 0.165625 0.5337962968750001 0.1734375 0.5273148140624999 0.175 0.515277778125 0.1716145828125 0.50648148125 0.16484375 0.502777778125
0 0.6325520828125 0.8083333328125001 0.6276041671875 0.816203703125 0.6276041671875 0.8273148140625001 0.6315104171875 0.8370370375 0.6369791671875 0.8384259265624999 0.6427083328125 0.8328703703125001 0.64375 0.8199074078124999 0.6393229171875 0.8101851859375 0.6325520828125 0.8083333328125001