3 0.18984375 0.06640625 0.0171875 0.0296875
3 0.18984375 0.14453125 0.0171875 0.0296875
3 0.24140625 0.2859375 0.0171875 0.028125
3 0.640625 0.12265625 0.015625 0.02890625
3 0.46171875 0.115625 0.0140625 0.02890625
0 0.49375 0.16953125 0.015625 0.0296875
3 0.51640625 0.38515625 0.01484375 0.028125
3 0.3984375 0.48984375 0.01484375 0.02734375
3 0.42578125 0.5296875 0.015625 0.0265625
3 0.5328125 0.83046875 0.01484375 0.02890625
3 0.73828125 0.77109375 0.01640625 0.02734375
3 0.6453125 0.31640625 0.015625 0.02734375