3 0.171875 0.0671875 0.01796875 0.02890625
3 0.31484375 0.0734375 0.015625 0.0296875
3 0.50546875 0.36484375 0.01640625 0.02890625
3 0.271875 0.12421875 0.015625 0.028125
3 0.21953125 0.77109375 0.0171875 0.02890625
3 0.596875 0.44140625 0.015625 0.028125
3 0.45 0.36796875 0.0171875 0.02734375
3 0.2421875 0.06640625 0.015625 0.028125
3 0.55546875 0.54296875 0.015625 0.028125
3 0.1625 0.91171875 0.01640625 0.0296875
3 0.175 0.853125 0.015625 0.02890625
0 0.77734375 0.7640625 0.015625 0.02734375
1 0.275 0.3078125 0.2453125 0.3375 0.234375 0.375 0.225 0.3828125 0.2140625 0.378125 0.1953125 0.3890625 0.178125 0.3765625 0.1734375 0.3875 0.153125 0.4 0.1640625 0.46875 0.171875 0.4859375 0.1875 0.4921875 0.203125 0.51875 0.2265625 0.4890625 0.2265625 0.4625 0.2765625 0.459375 0.2954052296875 0.4673187796875 0.309925465625 0.4582941734375 0.31738178281249996 0.43946015781250003 0.31384983593750004 0.42023378125 0.33307934375000003 0.388059009375 0.35741051874999996 0.352745246875 0.3801719453125 0.2946737390625 0.378602196875 0.27152359375 0.365625 0.25625 0.3234375 0.2953125 0.30207669843749996 0.2927118640625 0.275 0.3078125