3 0.60625 0.89765625 0.01484375 0.02890625
3 0.6203125 0.91171875 0.01484375 0.02734375
3 0.63046875 0.8515625 0.015625 0.0296875
3 0.5265625 0.7703125 0.01640625 0.02890625
3 0.5296875 0.6 0.01640625 0.028125
0 0.52265625 0.4859375 0.01484375 0.0265625
3 0.8125 0.14375 0.015625 0.02734375
3 0.69453125 0.1875 0.015625 0.028125
3 0.609375 0.128125 0.015625 0.02890625
3 0.6234375 0.1390625 0.01484375 0.03046875
1 0.725 0.26875 0.71875 0.2796875 0.6921875 0.2734375 0.6640625 0.2984375 0.646875 0.290625 0.625 0.3125 0.6078125 0.3140625 0.5875 0.334375 0.578125 0.4015625 0.5546875 0.421875 0.5640625 0.4578125 0.590625 0.440625 0.5984375 0.45 0.625 0.4453125 0.63125 0.4625 0.6421875 0.4609375 0.6546875 0.4359375 0.68125 0.4140625 0.6890625 0.3859375 0.7203125 0.3578125 0.7265625 0.3234375 0.740625 0.3140625 0.7453125 0.3390625 0.7515625 0.340625 0.775 0.3203125 0.765625 0.25 0.759375 0.24375 0.753125 0.246875 0.7453125 0.21875 0.7375 0.21875 0.7328125 0.2359375 0.7125 0.2390625 0.725 0.26875