3 0.2015625 0.92890625 0.01484375 0.02890625
3 0.4953125 0.9171875 0.01484375 0.02734375
3 0.46015625 0.91796875 0.015625 0.0296875
3 0.18984375 0.90625 0.01640625 0.02890625
3 0.52890625 0.59765625 0.01640625 0.028125
0 0.809375 0.14765625 0.01484375 0.0265625
3 0.70078125 0.3234375 0.015625 0.02734375
3 0.6296875 0.146875 0.015625 0.028125
3 0.19609375 0.2203125 0.015625 0.02890625
3 0.403125 0.19140625 0.01484375 0.03046875
3 0.74609375 0.40625 0.01640625 0.02734375
1 0.3171875 0.240625 0.3171875 0.2484375 0.325 0.290625 0.3484375 0.2890625 0.3421875 0.334375 0.35 0.3859375 0.3421875 0.390625 0.3421875 0.4015625 0.3484375 0.434375 0.35625 0.4390625 0.3734375 0.515625 0.3921875 0.5484375 0.4 0.5953125 0.415625 0.6 0.4265625 0.5875 0.4265625 0.4765625 0.4375 0.459375 0.4375 0.446875 0.421875 0.4296875 0.421875 0.4125 0.428125 0.4078125 0.4234375 0.3625 0.4109375 0.3578125 0.396875 0.3 0.378125 0.2796875 0.378125 0.271875 0.396875 0.259375 0.390625 0.2109375 0.378125 0.20625 0.3703125 0.2109375 0.3640625 0.2015625 0.35625 0.2015625 0.3375 0.2109375 0.3359375 0.2296875 0.3171875 0.240625