3 0.63828125 0.1140625 0.01796875 0.02890625
3 0.38359375 0.8984375 0.015625 0.0296875
3 0.3890625 0.35546875 0.01640625 0.02890625
3 0.23828125 0.77890625 0.015625 0.028125
3 0.29453125 0.125 0.0171875 0.02890625
3 0.20078125 0.72265625 0.015625 0.028125
3 0.44921875 0.1640625 0.0171875 0.02734375
3 0.88515625 0.3203125 0.015625 0.028125
3 0.175 0.89375 0.015625 0.028125
3 0.57421875 0.40390625 0.01640625 0.0296875
3 0.45390625 0.36796875 0.015625 0.02890625
0 0.4875 0.21328125 0.015625 0.02734375