3 0.63828125 0.1140625 0.01796875 0.02890625
3 0.53203125 0.584375 0.015625 0.0296875
3 0.50546875 0.36484375 0.01640625 0.02890625
3 0.60234375 0.590625 0.015625 0.028125
3 0.42109375 0.40703125 0.0171875 0.02890625
3 0.590625 0.62734375 0.015625 0.028125
3 0.45 0.36796875 0.0171875 0.02734375
3 0.65078125 0.49296875 0.015625 0.028125
3 0.70390625 0.8453125 0.015625 0.028125
3 0.67109375 0.41953125 0.01640625 0.0296875
3 0.625 0.403125 0.015625 0.02890625
0 0.77734375 0.7640625 0.015625 0.02734375
1 0.259375 0.7140625 0.2328125 0.7375 0.234375 0.7609375 0.2234375 0.765625 0.1998641953125 0.7932690890625 0.18160975937499999 0.816530796875 0.175 0.8578125 0.15625 0.8703125 0.15 0.8828125 0.15 0.9078125 0.15625 0.915625 0.1891262796875 0.899557240625 0.2052331421875 0.9006308421875 0.21310762656249999 0.911367 0.2267089734375 0.8941891609375 0.24567926718750002 0.8795163593750001 0.266797159375 0.8548231671875 0.27288196249999996 0.868064434375 0.30115848125 0.83979250625 0.33802529375 0.802215903125 0.3351618625 0.771438865625 0.3328125 0.7390625 0.303125 0.6859375 0.278125 0.7171875 0.2625 0.71875 0.259375 0.7140625