3 0.2015625 0.334375 0.01796875 0.02890625
3 0.51015625 0.115625 0.015625 0.02890625
3 0.80859375 0.1484375 0.01640625 0.0265625
3 0.52421875 0.4953125 0.015625 0.02734375
3 0.49765625 0.175 0.01484375 0.02578125
3 0.53359375 0.5546875 0.015625 0.02734375
3 0.1890625 0.35390625 0.015625 0.02734375
3 0.23359375 0.75546875 0.01640625 0.02890625
3 0.74140625 0.890625 0.01484375 0.02734375
3 0.6 0.8953125 0.01484375 0.028125
3 0.3515625 0.7875 0.015625 0.02890625
0 0.51953125 0.54375 0.01484375 0.0265625
1 0.6953125 0.3109375 0.7 0.346875 0.7203125 0.3546875 0.6984375 0.440625 0.7125 0.4625 0.740625 0.478125 0.7375 0.5015625 0.7453125 0.5140625 0.759375 0.521875 0.7828125 0.5203125 0.790625 0.5421875 0.80625 0.546875 0.8171875 0.5328125 0.8171875 0.490625 0.803125 0.39375 0.790625 0.3859375 0.7703125 0.35 0.7734375 0.31875 0.7609375 0.3 0.7671875 0.2625 0.7578125 0.23125 0.75 0.2296875 0.7375 0.23125 0.715625 0.2515625 0.6953125 0.3109375