3 0.171875 0.0671875 0.01796875 0.02890625
3 0.31484375 0.0734375 0.015625 0.0296875
3 0.50546875 0.36484375 0.01640625 0.02890625
3 0.271875 0.12421875 0.015625 0.028125
3 0.21953125 0.77109375 0.0171875 0.02890625
3 0.596875 0.44140625 0.015625 0.028125
3 0.45 0.36796875 0.0171875 0.02734375
3 0.2421875 0.06640625 0.015625 0.028125
3 0.55546875 0.54296875 0.015625 0.028125
3 0.1625 0.91171875 0.01640625 0.0296875
3 0.175 0.853125 0.015625 0.02890625
0 0.77734375 0.7640625 0.015625 0.02734375
1 0.1953125 0.221875 0.1875 0.234375 0.1890625 0.25625 0.1734375 0.28125 0.190625 0.303125 0.19375 0.31875 0.215625 0.3046875 0.2171875 0.3421875 0.24375 0.384375 0.2390625 0.415625 0.25 0.440625 0.290625 0.4921875 0.2921875 0.5015625 0.309375 0.503125 0.3390625 0.5609375 0.35 0.5640625 0.3640625 0.5453125 0.3640625 0.534375 0.3484375 0.4890625 0.34375 0.4171875 0.3375 0.40625 0.3453125 0.39375 0.3203125 0.3875 0.3234375 0.359375 0.309375 0.328125 0.29375 0.3359375 0.2671875 0.2859375 0.240625 0.2734375 0.2390625 0.2640625 0.253125 0.2390625 0.2421875 0.2265625 0.2359375 0.2 0.2296875 0.2 0.215625 0.2171875 0.20625 0.209375 0.1953125 0.221875