3 0.49401041718750005 0.098405428125 0.4895833328125 0.104423946875 0.48854166718750003 0.1201646875 0.4934895828125 0.128960984375 0.49895833281249996 0.12849802187499998 0.5036458328125 0.1201646875 0.5041666671875 0.1090535765625 0.5002604171875 0.10025728125 0.49401041718750005 0.098405428125
3 0.6592743234375 0.126209909375 0.652503490625 0.1299136125 0.648597240625 0.1396358359375 0.650159740625 0.1525987984375 0.6574514078125 0.15722842812499999 0.6637014078125001 0.1498210203125 0.6652639078125 0.14148768750000001 0.6637014078125001 0.1313025015625 0.6592743234375 0.126209909375
3 0.7903645828125 0.1601851859375 0.784375 0.1671296296875 0.7833333328125 0.18194444375000002 0.7872395828125 0.1888888890625 0.79375 0.18842592656249998 0.7984375 0.18194444375000002 0.7994791671875 0.16805555625 0.7955729171875 0.1611111109375 0.7903645828125 0.1601851859375
3 0.80703125 0.1324074078125 0.8020833328125001 0.140277778125 0.8020833328125001 0.15324074062499998 0.80546875 0.15925925937500002 0.8125 0.15972222187500001 0.8171875 0.1513888890625 0.8177083328125001 0.1375 0.8138020828125001 0.1324074078125 0.80703125 0.1324074078125
3 0.8075520828125 0.24009943281249999 0.8 0.247043878125 0.7984375 0.2581549890625 0.80078125 0.266025359375 0.809375 0.2683401734375 0.8151041671874999 0.2618586921875 0.8161458328125001 0.25074758125 0.8143229171874999 0.2438031375 0.8075520828125 0.24009943281249999
3 0.81015625 0.377777778125 0.8052083328125 0.3865740734375 0.8052083328125 0.3958333328125 0.80859375 0.40277777812500004 0.8161458328125001 0.40416666718750005 0.8208333328125 0.3976851859375 0.821875 0.3856481484375 0.8158854171875 0.3759259265625 0.81015625 0.377777778125
3 0.71796875 0.427777778125 0.7106770828125 0.4296296296875 0.70625 0.4393518515625 0.7072916671875 0.4486111109375 0.7111979171875 0.4546296296875 0.7151041671875 0.4550925921875 0.71953125 0.45277777812500003 0.7229166671875 0.44305555625000004 0.721875 0.4328703703125 0.71796875 0.427777778125
3 0.5018229171875 0.89444444375 0.4973958328125 0.8995370375 0.49583333281249997 0.915277778125 0.4986979171875 0.9240740734375 0.50625 0.9263888890624999 0.5109375 0.9199074078124999 0.5125 0.9069444437499999 0.50859375 0.896296296875 0.5018229171875 0.89444444375
3 0.7846354171875001 0.7481481484375 0.7802083328125 0.7597222218749999 0.7817708328124999 0.76898148125 0.7861979171875 0.775 0.7927083328125 0.7754629625 0.7973958328124999 0.76898148125 0.7963541671875001 0.753240740625 0.7924479171875001 0.7481481484375 0.7846354171875001 0.7481481484375
3 0.8044270828125001 0.796296296875 0.8005208328125001 0.8023148140625 0.8005208328125001 0.816203703125 0.80703125 0.825 0.8125 0.8245370375000001 0.8166666671874999 0.8171296296874999 0.815625 0.8013888890624999 0.81171875 0.796296296875 0.8044270828125001 0.796296296875
0 0.1877604171875 0.909259259375 0.1807291671875 0.9171296296874999 0.17916666718750002 0.9300925921875001 0.18307291718750002 0.940740740625 0.1895833328125 0.9421296296874999 0.19583333281249998 0.9356481484374999 0.1984375 0.9208333328125 0.1940104171875 0.9111111109375001 0.1877604171875 0.909259259375
1 0.7510416671875 0.9143518515625001 0.7494791671875001 0.8754629625 0.74609375 0.86851851875 0.7411458328125 0.8680555562500001 0.7338541671875001 0.8254629625 0.71796875 0.828703703125 0.71015625 0.8194444437499999 0.7075520828124999 0.821296296875 0.7083333328125 0.83101851875 0.7057291671875 0.8421296296874999 0.7072916671875 0.8652777781250001 0.69765625 0.86944444375 0.6953125 0.8652777781250001 0.6947916671875001 0.8523148140625001 0.6903645828125 0.8444444437499999 0.6638020828125 0.8222222218749999 0.65390625 0.81851851875 0.6471354171875 0.828703703125 0.6361979171875001 0.83055555625 0.6364583328125 0.8236111109375001 0.6401041671875001 0.8171296296874999 0.6411458328124999 0.7995370375 0.6395833328125 0.790277778125 0.6325520828125 0.784259259375 0.6216145828124999 0.784259259375 0.61640625 0.7879629625 0.6130208328125 0.7949074078125 0.6122395828125 0.8194444437499999 0.6028645828125 0.8148148140625 0.59921875 0.809259259375 0.5893229171875001 0.8083333328125001 0.59140625 0.8120370375 0.59765625 0.8129629625 0.5979166671875 0.816203703125 0.5841145828125 0.8240740734375 0.5809895828125 0.834259259375 0.5765625 0.8300925921875001 0.5802083328125 0.8134259265624999 0.5854166671875001 0.808796296875 0.58046875 0.8074074078125 0.5723958328125 0.81898148125 0.5653645828125 0.840740740625 0.5611979171875 0.8351851859374999 0.5557291671875 0.8384259265624999 0.5528645828125 0.8629629624999999 0.52578125 0.8648148140625 0.5203125 0.878240740625 0.5208333328125 0.9004629625 0.52421875 0.9083333328125001 0.5580729171875001 0.9120370375 0.56484375 0.91851851875 0.56953125 0.9175925921875001 0.5768229171875 0.9333333328125001 0.5856770828125 0.9398148140625 0.5903645828124999 0.95 0.6080729171875 0.952777778125 0.6231770828125 0.940740740625 0.6403645828125 0.9425925921875 0.6463541671875 0.933796296875 0.64765625 0.9268518515625 0.6518229171875001 0.9305555562500001 0.65546875 0.9259259265625 0.66640625 0.9240740734375 0.67109375 0.9240740734375 0.68359375 0.934259259375 0.68671875 0.9416666671874999 0.68828125 0.9379629625 0.69765625 0.9379629625 0.7015625 0.9236111109375 0.7044270828125 0.9231481484374999 0.7130208328125 0.9273148140625 0.7135416671875 0.9421296296874999 0.7229166671875 0.958796296875 0.7455729171875001 0.9583333328125001 0.7479166671875 0.9486111109375001 0.746875 0.9273148140625 0.7510416671875 0.9143518515625001
3 0.52578125 0.6 0.5208333328125 0.608796296875 0.5208333328125 0.6208333328125 0.5252604171875 0.627777778125 0.53125 0.6273148140625 0.5354166671875 0.6208333328125 0.5354166671875 0.60694444375 0.53046875 0.6 0.52578125 0.6