0 0.6171875 0.5171875 0.0390625 0.01875
0 0.3390625 0.54765625 0.0421875 0.01875
0 0.05234375 0.5265625 0.04375 0.0203125
3 0.51875 0.42734375 0.034375 0.0171875
3 0.76171875 0.44921875 0.0359375 0.015625
3 0.4390625 0.46640625 0.0375 0.0171875
3 0.3 0.5140625 0.0390625 0.01875
3 0.3 0.565625 0.0421875 0.0203125
3 0.54609375 0.596875 0.0421875 0.0203125
3 0.92109375 0.57890625 0.0421875 0.01875
3 0.73671875 0.6515625 0.046875 0.0203125
3 0.41796875 0.63046875 0.0453125 0.0203125
3 0.17734375 0.6375 0.0484375 0.0203125
3 0.32734375 0.6734375 0.05 0.021875
3 0.209375 0.7140625 0.0515625 0.0234375
3 0.27421875 0.74140625 0.0515625 0.0234375