3 0.3296875 0.74140625 0.0546875 0.028125
3 0.6828125 0.690625 0.0546875 0.025
3 0.6953125 0.603125 0.0515625 0.0234375
3 0.0390625 0.58984375 0.046875 0.0234375
3 0.196875 0.47890625 0.04375 0.0203125
3 0.74921875 0.51328125 0.0453125 0.0203125
3 0.6671875 0.46796875 0.04375 0.0203125
3 0.49296875 0.4390625 0.0421875 0.01875
3 0.41484375 0.4875 0.040625 0.0203125
3 0.5203125 0.3984375 0.0390625 0.0171875
3 0.66796875 0.39765625 0.040625 0.0171875
3 0.5640625 0.36171875 0.0421875 0.01875
3 0.49921875 0.35859375 0.0390625 0.01875
0 0.42578125 0.58671875 0.046875 0.021875
0 0.659375 0.48984375 0.046875 0.021875
0 0.93203125 0.45234375 0.046875 0.021875