0 0.17421875 0.60078125 0.02265625 0.028125
0 0.1375 0.63515625 0.02265625 0.02890625
3 0.10859375 0.31640625 0.01875 0.02421875
3 0.09921875 0.35546875 0.01875 0.02421875
3 0.1140625 0.37265625 0.01953125 0.02578125
3 0.12890625 0.31328125 0.01953125 0.0234375
3 0.153125 0.36796875 0.01953125 0.025
3 0.1359375 0.38203125 0.02109375 0.025
0 0.16171875 0.62890625 0.021875 0.02734375
3 0.14609375 0.3328125 0.02265625 0.0265625
3 0.11640625 0.34296875 0.01875 0.025
0 0.1328125 0.35625 0.02109375 0.0265625
2 0.6902991625 0.15517312656249999 0.694048540625 0.16150838750000002 0.6975479625000001 0.1661764765625 0.7077962578125 0.1621752609375 0.71229551875 0.15700701875 0.7091710375 0.1503383234375 0.7064214875 0.1456702328125 0.701593746875 0.1435833328125 0.6960482156250001 0.1456702328125 0.691299 0.14917129843750002 0.6902991625 0.15517312656249999
1 0.70625 0.2125 0.7 0.2645833328125 0.728125 0.3333333328125 0.728125 0.3395833328125 0.7140625 0.3479166671875 0.721875 0.375 0.7359375 0.3791666671875 0.7484375 0.36666666718749996 0.7578125 0.38333333281250004 0.78125 0.3854166671875 0.8015625 0.4270833328125 0.8296875 0.4125 0.840625 0.41875 0.85625 0.40625 0.8625 0.3875 0.875 0.375 0.8796875 0.35 0.8703125 0.3458333328125 0.859375 0.325 0.8421875 0.33541666718749996 0.821875 0.3083333328125 0.7734375 0.2125 0.7625 0.20416666718749998 0.746875 0.2104166671875 0.74375 0.1833333328125 0.728125 0.1833333328125 0.70625 0.14375 0.696875 0.14375 0.684375 0.15625 0.6828125 0.1708333328125 0.70625 0.2125