0 0.596875 0.14921875 0.021875 0.02890625
3 0.63359375 0.70234375 0.025 0.0375
3 0.6625 0.215625 0.01875 0.02890625
3 0.33203125 0.67734375 0.0265625 0.03515625
0 0.734375 0.57265625 0.025 0.03125
3 0.6046875 0.08046875 0.01875 0.03125
3 0.65390625 0.58828125 0.025 0.03359375
1 0.46796875 0 0.421875 0.0239583328125 0.42890625 0.058333332812500006 0.47734375 0.0458333328125 0.50234375 0.07291666718749999 0.56015625 0.07083333281250001 0.56953125 0.0958333328125 0.584375 0.096875 0.5953125 0.08645833281250001 0.59375 0.059375 0.61171875 0.05208333281250001 0.63515625 0.00625 0.64453125 0.014583332812499999 0.67109375 0.0125 0.675 0.0010416671875 0.62265625 0 0.60859375 0.014583332812499999 0.60234375 0 0.46796875 0
2 0.4656682 0.0492689984375 0.4569196421875 0.012924604687499999 0.44179715625 0.0169258140625 0.4259247859375 0.02076031875 0.4220504296875 0.0272622953125 0.42255035 0.0426003 0.42492495625000004 0.054603956249999995 0.42956249687500003 0.059 0.43479831874999997 0.0582717359375 0.45154553125 0.05377036875 0.4656682 0.0492689984375
0 0.61484375 0.43828125 0.02734375 0.034375
0 0.73671875 0.43203125 0.02109375 0.03359375
3 0.38125 0.19140625 0.025 0.03359375