0 0.44609375 0.74375 0.0265625 0.03359375
0 0.7421875 0.68203125 0.021875 0.03125
0 0.49453125 0.53828125 0.0234375 0.03359375
3 0.31484375 0.665625 0.0265625 0.03359375
3 0.40625 0.64765625 0.0265625 0.03359375
3 0.2203125 0.290625 0.028125 0.03515625
0 0.6125 0.74453125 0.0234375 0.03125
3 0.57265625 0.16328125 0.028125 0.03515625
3 0.78046875 0.1796875 0.01796875 0.025
3 0.7 0.565625 0.01796875 0.025
3 0.740625 0.3890625 0.01875 0.02421875
1 0.70625 0.2125 0.7 0.2625 0.7265625 0.33125 0.7265625 0.3395833328125 0.7140625 0.3458333328125 0.71875 0.36875 0.725 0.3770833328125 0.75 0.3729166671875 0.75625 0.38333333281250004 0.78125 0.3854166671875 0.8015625 0.4270833328125 0.853125 0.41041666718750003 0.8765625 0.36875 0.8765625 0.35208333281250004 0.8671875 0.3458333328125 0.8609375 0.325 0.840625 0.33125 0.821875 0.3083333328125 0.771875 0.2104166671875 0.7578125 0.20416666718749998 0.7484375 0.2125 0.740625 0.18125 0.728125 0.1833333328125 0.709375 0.1458333328125 0.696875 0.14375 0.684375 0.15625 0.6828125 0.1708333328125 0.70625 0.2125
2 0.686239671875 0.1723089890625 0.6902390125 0.1808115765625 0.6951132062500001 0.18981431875000002 0.703861753125 0.20365186406250002 0.7246083062500001 0.18114501249999998 0.71735950625 0.1681410546875 0.7107356125 0.1541367890625 0.70661129375 0.14546748125 0.70036233125 0.14363359375 0.694249996875 0.1454583328125 0.688239346875 0.15363663593750002 0.6839900515624999 0.16180578750000002 0.686239671875 0.1723089890625