0 0.68984375 0.171875 0.0203125 0.03125
0 0.86171875 0.31015625 0.025 0.02890625
3 0.40390625 0.0796875 0.0203125 0.03046875
3 0.22421875 0.47265625 0.0234375 0.02734375
0 0.25703125 0.58828125 0.025 0.02890625
3 0.86015625 0.25078125 0.02265625 0.02890625
3 0.9328125 0.30703125 0.0203125 0.02734375
3 0.31484375 0.28671875 0.01875 0.03125
3 0.30546875 0.3125 0.0203125 0.02890625
3 0.2453125 0.35625 0.021875 0.03125
1 0.275 0.36666666718749996 0.2734375 0.38125 0.2828125 0.3958333328125 0.3078125 0.4 0.3390625 0.42083333281249996 0.35 0.44166666718750003 0.4015625 0.45625 0.4078125 0.4770833328125 0.43125 0.48541666718750004 0.4390625 0.48541666718750004 0.440625 0.47291666718750003 0.459375 0.46875 0.496875 0.4770833328125 0.5046875 0.4458333328125 0.515625 0.43333333281249997 0.5125 0.36666666718749996 0.5 0.3604166671875 0.478125 0.3625 0.4765625 0.35625 0.4703125 0.3583333328125 0.4703125 0.36666666718749996 0.4625 0.36666666718749996 0.440625 0.3541666671875 0.3578125 0.35 0.3203125 0.3604166671875 0.2828125 0.35625 0.275 0.36666666718749996
2 0.27433299375 0.3787698625 0.276332659375 0.3876058828125 0.28020701406250004 0.39260740625 0.2879557234375 0.3931075703125 0.297204190625 0.3952748828125 0.30645265625 0.3976089296875 0.31082692968750003 0.36243155 0.29657929375 0.3587637703125 0.2864559765625 0.3562630109375 0.28034374687499997 0.3585833328125 0.27720751093749996 0.36376529375 0.27483290312499997 0.3692669671875 0.27433299375 0.3787698625