0 0.1609375 0.57890625 0.02265625 0.02890625
0 0.12265625 0.63671875 0.02265625 0.02890625
3 0.084375 0.45078125 0.025 0.03125
3 0.0921875 0.371875 0.0296875 0.03359375
0 0.17421875 0.6015625 0.0234375 0.028125
3 0.18359375 0.12265625 0.028125 0.0375
0 0.1625 0.628125 0.0234375 0.02734375
3 0.15859375 0.27421875 0.03125 0.03515625
3 0.09765625 0.16953125 0.0265625 0.03515625
3 0.146875 0.6109375 0.021875 0.0265625
1 0.675 0.25833333281250004 0.684375 0.3083333328125 0.7359375 0.3458333328125 0.7375 0.35625 0.721875 0.36875 0.7296875 0.3895833328125 0.7453125 0.3958333328125 0.7578125 0.3770833328125 0.7703125 0.3875 0.8140625 0.38125 0.8140625 0.4 0.8421875 0.4166666671875 0.853125 0.39791666718749996 0.86875 0.3895833328125 0.8875 0.3333333328125 0.884375 0.3125 0.871875 0.3104166671875 0.8640625 0.3 0.853125 0.3145833328125 0.840625 0.30625 0.8234375 0.3104166671875 0.8234375 0.2958333328125 0.75 0.23333333281250002 0.7359375 0.225 0.7078125 0.23125 0.70625 0.2166666671875 0.7 0.2125 0.6875 0.2208333328125 0.6484375 0.1916666671875 0.6390625 0.20208333281250002 0.634375 0.225 0.675 0.25833333281250004
3 0.584375 0.3640625 0.01953125 0.025
2 0.6349868703125 0.22201818125 0.639986040625 0.22751986249999998 0.6474847953125 0.23285481406250003 0.6562333421875 0.24069053281250002 0.6672315296875 0.2496932765625 0.682978903125 0.21684994375 0.6657317640625 0.2040127015625 0.6562333421875 0.194676525 0.648109690625 0.19234248125 0.642999996875 0.1965 0.63936114375 0.20251225156250002 0.6364866265625 0.2115149859375 0.6349868703125 0.22201818125