3 0.86015625 0.69140625 0.0171875 0.02734375
3 0.81015625 0.828125 0.01875 0.02734375
0 0.71640625 0.97109375 0.015625 0.02890625
0 0.83671875 0.96484375 0.021875 0.03515625
0 0.55625 0.9177083328125001 0.56328125 0.9291666671875 0.571875 0.928125 0.5796875 0.9114583328125001 0.57265625 0.9 0.56171875 0.9 0.55625 0.9177083328125001
0 0.63671875 0.74453125 0.02265625 0.03125
1 0.96171875 0.65625 0.94375 0.640625 0.90078125 0.5520833328125 0.88515625 0.5520833328125 0.87890625 0.5270833328125 0.86796875 0.5270833328125 0.84765625 0.49375 0.83515625 0.49583333281249997 0.828125 0.509375 0.846875 0.5447916671875 0.8390625 0.5822916671875 0.853125 0.6385416671875 0.84375 0.6510416671875 0.8484375 0.678125 0.90703125 0.68125 0.9140625 0.6864583328125 0.9125 0.6989583328125 0.92421875 0.7229166671875 0.9640625 0.721875 0.9875 0.696875 0.990625 0.678125 0.97421875 0.65625 0.96171875 0.65625
2 0.8366738390625 0.52760994375 0.8422979046875 0.5376129890625 0.861794665625 0.5221082703125 0.8525461984374999 0.5049363703124999 0.845172421875 0.49276600000000004 0.8371737484375 0.494433175 0.8312997265625001 0.49860111093750004 0.828468746875 0.5054583328125 0.82892511875 0.512105225 0.8324245421875001 0.5192740734375 0.8366738390625 0.52760994375
3 0.5453125 0.8109375 0.02265625 0.02890625
3 0.4703125 0.7984375 0.02578125 0.03046875
3 0.4546875 0.47890625 0.0234375 0.02890625
3 0.7390625 0.47578125 0.0203125 0.028125
3 0.9 0.5375 0.01875 0.02578125