3 0.30078125 0.228125 0.0203125 0.028125
3 0.53671875 0.26796875 0.0140625 0.021875
3 0.3484375 0.62109375 0.0203125 0.025
3 0.41328125 0.61796875 0.0171875 0.0234375
3 0.57734375 0.58984375 0.01484375 0.015625
0 0.43515625 0.70859375 0.01640625 0.02421875
0 0.47578125 0.53984375 0.0171875 0.021875
0 0.53125 0.7203125 0.01484375 0.02109375
0 0.5890625 0.68671875 0.015625 0.02109375
3 0.60234375 0.475 0.0140625 0.01640625
1 0.5923588046875 0.382702225 0.59375 0.4270833328125 0.5953125 0.43958333281249995 0.590625 0.4458333328125 0.590625 0.4583333328125 0.59375 0.46458333281249997 0.6046875 0.46875 0.6203125 0.46458333281249997 0.625 0.475 0.6515625 0.4791666671875 0.66875 0.5125 0.6890625 0.5125 0.7 0.5020833328125 0.70625 0.48333333281249996 0.7046875 0.47291666718750003 0.6953125 0.4583333328125 0.671875 0.43958333281249995 0.66875 0.4125 0.65625 0.39375 0.6515625 0.3770833328125 0.6328125 0.3541666671875 0.6296875 0.3375 0.6140625 0.325 0.6078125 0.30416666718749996 0.596875 0.3 0.58125 0.3166666671875 0.598188215625 0.3581458015625 0.5923588046875 0.382702225
2 0.5921679156249999 0.32687499999999997 0.5955017828125 0.3359490765625 0.6010582343750001 0.3478009265625 0.616755215625 0.33391203593749996 0.613004609375 0.32761574375 0.607725990625 0.3129861125 0.604253196875 0.30057870468750003 0.5962673609375 0.30085648125 0.5866114640625 0.31113426093749996 0.589250775 0.31872685624999997 0.5921679156249999 0.32687499999999997