0 0.73359375 0.69453125 0.025 0.03125
3 0.6921875 0.56328125 0.0203125 0.02734375
0 0.44296875 0.74453125 0.025 0.03125
0 0.609375 0.74453125 0.0234375 0.03125
3 0.3125 0.66796875 0.0265625 0.03359375
3 0.7359375 0.390625 0.0203125 0.02890625
3 0.56953125 0.165625 0.025 0.03515625
3 0.21875 0.28984375 0.0296875 0.03359375
0 0.490625 0.540625 0.025 0.03125
3 0.4 0.6484375 0.01953125 0.02578125
3 0.77109375 0.18046875 0.0203125 0.0265625
1 0.703125 0.2125 0.696875 0.2666666671875 0.725 0.3333333328125 0.725 0.3395833328125 0.7109375 0.3458333328125 0.7109375 0.3583333328125 0.725 0.38125 0.7421875 0.3770833328125 0.746875 0.3729166671875 0.7546875 0.3854166671875 0.778125 0.3875 0.8 0.43125 0.8234375 0.4166666671875 0.8390625 0.42083333281249996 0.85 0.4125 0.859375 0.3895833328125 0.871875 0.3770833328125 0.8734375 0.35208333281250004 0.8578125 0.3375 0.8578125 0.3270833328125 0.8390625 0.33541666718749996 0.825 0.32083333281250004 0.7765625 0.22291666718749997 0.7609375 0.20833333281250002 0.74375 0.21458333281250003 0.7421875 0.1895833328125 0.725 0.1875 0.709375 0.1541666671875 0.6984375 0.1458333328125 0.68125 0.1604166671875 0.6796875 0.1729166671875 0.703125 0.2125
2 0.6826429125 0.1758072625 0.6870171859374999 0.1834762609375 0.692516275 0.19214556875 0.700764903125 0.2061498328125 0.7230112234375 0.1851434359375 0.7145126312500001 0.1701388671875 0.7083886453125 0.1566347578125 0.702514615625 0.1487990390625 0.69564075625 0.1471318640625 0.6901874968749999 0.1504583328125 0.6841426687500001 0.1579684984375 0.6802683140625 0.16763810625 0.6826429125 0.1758072625