0 0.86171875 0.30859375 0.0234375 0.03125
0 0.7078125 0.19765625 0.02265625 0.02890625
3 0.86015625 0.2484375 0.021875 0.028125
3 0.40234375 0.07578125 0.01953125 0.02890625
0 0.25546875 0.58671875 0.02421875 0.02734375
3 0.30390625 0.309375 0.0203125 0.02890625
3 0.24375 0.353125 0.0203125 0.03046875
3 0.22421875 0.46875 0.02109375 0.02734375
3 0.31484375 0.28203125 0.0203125 0.02734375
1 0.3171875 0.3604166671875 0.2796875 0.3541666671875 0.2734375 0.3625 0.271875 0.38125 0.278125 0.3916666671875 0.3078125 0.39791666718749996 0.3359375 0.4166666671875 0.3453125 0.43958333281249995 0.3984375 0.44375 0.403125 0.4479166671875 0.40625 0.475 0.4328125 0.48541666718750004 0.4375 0.48333333281249996 0.4375 0.46875 0.4515625 0.47083333281249995 0.4609375 0.46458333281249997 0.4953125 0.4770833328125 0.503125 0.4458333328125 0.5140625 0.43541666718750005 0.5125 0.3645833328125 0.5 0.3583333328125 0.4765625 0.3604166671875 0.4703125 0.3541666671875 0.4703125 0.3645833328125 0.4640625 0.36666666718749996 0.4328125 0.35 0.359375 0.3458333328125 0.3484375 0.35625 0.321875 0.35208333281250004 0.3171875 0.3604166671875
2 0.2729593546875 0.37351864218749997 0.2745840890625 0.3828548140625 0.2782084890625 0.38919008125 0.2862071640625 0.39085725625 0.2955806078125 0.39219099375 0.3073286484375 0.3945250328125 0.310203175 0.3596810953125 0.29333097656249996 0.35634674843749997 0.282531246875 0.353375 0.27795852499999996 0.359014225 0.2740841703125 0.3656829203125 0.2729593546875 0.37351864218749997