0 0.4546875 0.77734375 0.0265625 0.03359375
0 0.7359375 0.6765625 0.021875 0.03125
3 0.31953125 0.6671875 0.0265625 0.03359375
0 0.48828125 0.53828125 0.0234375 0.03359375
3 0.21875 0.296875 0.028125 0.03515625
3 0.40859375 0.640625 0.025 0.03515625
0 0.6125 0.74453125 0.0234375 0.03359375
3 0.57265625 0.16640625 0.028125 0.03515625
1 0.86328125 0.325 0.84453125 0.3333333328125 0.83046875 0.3166666671875 0.77265625 0.2104166671875 0.75859375 0.20625 0.75078125 0.2125 0.74140625 0.18125 0.73046875 0.1833333328125 0.71015625 0.1458333328125 0.69453125 0.1458333328125 0.684375 0.1677083328125 0.7078125 0.209375 0.709375 0.2364583328125 0.703125 0.2614583328125 0.7296875 0.3302083328125 0.7171875 0.3447916671875 0.71875 0.3614583328125 0.73046875 0.3770833328125 0.74453125 0.36875 0.74609375 0.3583333328125 0.76015625 0.3791666671875 0.78828125 0.3791666671875 0.8015625 0.41979166718750005 0.8109375 0.42395833281249995 0.85859375 0.40416666718750005 0.8765625 0.371875 0.8796875 0.35104166718749996 0.86328125 0.325
3 0.7 0.58515625 0.02421875 0.03203125
3 0.74296875 0.390625 0.02421875 0.0296875
3 0.778125 0.184375 0.02421875 0.02890625