0 0.38203125 0.75703125 0.025 0.03359375
0 0.65625 0.61015625 0.0234375 0.03125
0 0.5453125 0.703125 0.0234375 0.03125
3 0.078125 0.38828125 0.0296875 0.03515625
0 0.39375 0.54140625 0.025 0.03125
3 0.23984375 0.725 0.0265625 0.03359375
3 0.3234375 0.678125 0.0265625 0.03515625
3 0.6015625 0.10078125 0.01875 0.02734375
3 0.403125 0.14921875 0.01875 0.02578125
1 0.540625 0.1520833328125 0.540625 0.1708333328125 0.546875 0.18125 0.54375 0.2104166671875 0.5828125 0.25833333281250004 0.5828125 0.2708333328125 0.5734375 0.2875 0.590625 0.3166666671875 0.6109375 0.29375 0.6265625 0.3 0.625 0.2875 0.6296875 0.2854166671875 0.6625 0.3333333328125 0.6703125 0.3166666671875 0.6921875 0.3125 0.7078125 0.2958333328125 0.7109375 0.275 0.721875 0.2604166671875 0.715625 0.23541666718749998 0.6984375 0.2208333328125 0.671875 0.225 0.609375 0.1395833328125 0.584375 0.13333333281249998 0.5765625 0.1395833328125 0.571875 0.1208333328125 0.5546875 0.1208333328125 0.53125 0.0916666671875 0.5203125 0.0916666671875 0.5109375 0.10625 0.5109375 0.1208333328125 0.540625 0.1520833328125
2 0.5116744609375 0.12017947031250001 0.5169235859375 0.1266814515625 0.5241723859375 0.1343504515625 0.5331708875000001 0.1428530375 0.55241769375 0.1193458828125 0.5439191015625 0.110176425 0.5350455765625 0.09933979375 0.528546659375 0.0918375078125 0.5216727999999999 0.0925043796875 0.517062496875 0.0965 0.51304923125 0.1021739921875 0.5106746234374999 0.1096762703125 0.5116744609375 0.12017947031250001