1 0.5 0.4739583328125 0.51875 0.428125 0.51328125 0.3708333328125 0.48046875 0.3604166671875 0.47109375 0.3708333328125 0.44296875 0.3541666671875 0.36953125 0.3479166671875 0.35078125 0.3604166671875 0.32734375 0.35625 0.32265625 0.3645833328125 0.28515625 0.35625 0.278125 0.36770833281250004 0.28046875 0.3916666671875 0.31328125 0.4 0.33984375 0.4166666671875 0.35078125 0.44166666718750003 0.40546875 0.45625 0.41171875 0.4791666671875 0.440625 0.48229166718750005 0.44609375 0.46875 0.46328125 0.46458333281249997 0.49140625 0.4770833328125 0.5 0.4739583328125
2 0.2778298125 0.38373789375 0.2808293171875 0.3917403203125 0.2947020109375 0.3952413859375 0.307449890625 0.39840901875 0.31219910624999997 0.3623980578125 0.2992012625 0.3593971453125 0.28596874687499996 0.3573333328125 0.2814542125 0.36273149375 0.27745488125 0.3702337765625 0.2778298125 0.38373789375
3 0.40546875 0.0828125 0.021875 0.02890625
3 0.31796875 0.2875 0.02109375 0.02734375
3 0.3078125 0.315625 0.021875 0.0265625
3 0.24921875 0.35703125 0.0203125 0.02578125
3 0.22890625 0.47265625 0.02109375 0.0265625
3 0.86171875 0.25234375 0.021875 0.02734375
3 0.91015625 0.25078125 0.02265625 0.0296875
0 0.696875 0.18515625 0.021875 0.02890625
0 0.86484375 0.3140625 0.02265625 0.0296875
0 0.26015625 0.5890625 0.021875 0.0296875