0 0.16171875 0.57890625 0.02265625 0.028125
3 0.084375 0.45078125 0.0265625 0.03125
3 0.0921875 0.371875 0.0296875 0.03359375
0 0.17421875 0.60078125 0.0234375 0.02734375
3 0.18359375 0.12265625 0.0265625 0.0375
0 0.1625 0.62890625 0.0234375 0.028125
3 0.15859375 0.27265625 0.0296875 0.03515625
3 0.09765625 0.16953125 0.0265625 0.03515625
3 0.146875 0.6109375 0.021875 0.0265625
0 0.125 0.63046875 0.021875 0.02421875
3 0.584375 0.36484375 0.025 0.03359375
1 0.6765625 0.25833333281250004 0.68125 0.30416666718749996 0.7203125 0.33541666718749996 0.7265625 0.3583333328125 0.7203125 0.375 0.7328125 0.3916666671875 0.746875 0.3958333328125 0.75625 0.3770833328125 0.7703125 0.3875 0.8140625 0.38125 0.8140625 0.4 0.8421875 0.41875 0.853125 0.39791666718749996 0.8671875 0.3916666671875 0.8796875 0.3729166671875 0.8859375 0.3145833328125 0.8625 0.2979166671875 0.8546875 0.3125 0.840625 0.30625 0.825 0.3104166671875 0.8234375 0.2958333328125 0.7453125 0.22916666718749998 0.728125 0.22291666718749997 0.7078125 0.23125 0.7078125 0.21875 0.7 0.2125 0.6875 0.2208333328125 0.6484375 0.1916666671875 0.6390625 0.20208333281250002 0.634375 0.225 0.6765625 0.25833333281250004
2 0.6360571968750001 0.22168899843749998 0.6423115640625 0.22743645156249997 0.650094775 0.234667125 0.6584339328125 0.24152699375000003 0.6698307765625 0.2504262796875 0.6834514140625 0.21668314843749997 0.67219354375 0.209267075 0.6614916187500001 0.2007385953125 0.6542643546875 0.1940641296875 0.645508234375 0.1938787265625 0.641561421875 0.1999876578125 0.6389758984375 0.2057444484375 0.6361961796875 0.2124189078125 0.6360571968750001 0.22168899843749998