3 0.1828125 0.12265625 0.028125 0.0375
0 0.15703125 0.35390625 0.028125 0.0375
3 0.09140625 0.371875 0.0296875 0.03359375
3 0.084375 0.45078125 0.0265625 0.03359375
0 0.14375 0.675 0.0328125 0.03984375
3 0.0890625 0.57421875 0.0296875 0.03515625
3 0.15859375 0.27265625 0.0296875 0.0375
3 0.67890625 0.35859375 0.01875 0.025
0 0.74453125 0.40625 0.01953125 0.0234375
1 0.709375 0.3125 0.6625 0.30416666718749996 0.653125 0.33541666718749996 0.667148559375 0.341511675 0.7061673921875 0.34888326406250003 0.7140625 0.36666666718749996 0.7234375 0.3916666671875 0.734375 0.3958333328125 0.7824818984374999 0.41014785624999994 0.7797193703125 0.43133710625 0.796294478125 0.43824664843749994 0.815625 0.43541666718750005 0.8171875 0.41875 0.8453125 0.41875 0.8556885671875 0.4152148453125 0.8736449125 0.40830530468750004 0.884349684375 0.40277766875000004 0.8888387828125 0.4193605765625 0.921875 0.425 0.9296875 0.3916666671875 0.9421875 0.3895833328125 0.946875 0.35 0.9359375 0.34375 0.9375 0.3083333328125 0.90368731875 0.30650474375000003 0.886766875 0.3249301859375 0.8270274515624999 0.3129536375 0.783517825 0.29913455624999996 0.7421875 0.29375 0.734375 0.30416666718749996 0.7140625 0.30416666718749996 0.709375 0.3125
0 0.6984375 0.359375 0.01796875 0.021875
3 0.76796875 0.41640625 0.0203125 0.02421875
2 0.657710853125 0.34018353125 0.66958388125 0.34235085625 0.68383151875 0.3448516171875 0.6984540859374999 0.3466855125 0.700953671875 0.31350874375000004 0.6808320140624999 0.3091740953125 0.6699588234375 0.3065066109375 0.6613352531250001 0.3061731765625 0.657218746875 0.31462500000000004 0.6557111875 0.3225114890625 0.654586371875 0.3325145328125 0.657710853125 0.34018353125