3 0.5046875 0.9640625 0.0203125 0.0296875
0 0.83984375 0.62578125 0.0203125 0.02734375
3 0.746875 0.9890625 0.021875 0.021875
3 0.92265625 0.865625 0.021875 0.0265625
0 0.22109375 0.721875 0.0265625 0.03125
3 0.29609375 0.40703125 0.021875 0.03125
3 0.19765625 0.5875 0.021875 0.0265625
3 0.221875 0.4734375 0.02109375 0.02578125
3 0.28515625 0.43359375 0.02109375 0.02734375
3 0.303125 0.1609375 0.01953125 0.02734375
1 0.2625 0.475 0.2515625 0.4895833328125 0.2515625 0.50625 0.2953125 0.5291666671875 0.321875 0.5645833328125 0.35 0.5791666671875 0.3765625 0.5833333328125 0.3828125 0.6020833328124999 0.4125 0.6104166671875 0.4140625 0.6 0.44375 0.6 0.465625 0.6145833328125 0.4765625 0.6104166671875 0.4796875 0.5895833328125 0.4953125 0.5645833328125 0.490625 0.5395833328124999 0.4921875 0.5041666671875 0.4609375 0.5 0.4578125 0.49375 0.4484375 0.5020833328125 0.4328125 0.48541666718750004 0.4109375 0.4770833328125 0.3953125 0.48333333281249996 0.3421875 0.46875 0.328125 0.48125 0.2890625 0.48333333281249996 0.2625 0.475
2 0.25289578281249997 0.49539389375000004 0.253520678125 0.505230225 0.259269721875 0.5102317484375 0.2688931203125 0.5125657875 0.27689179375 0.5155667 0.2887648234375 0.51906776875 0.29401395625000004 0.4857242859375 0.28164100937500003 0.48155634999999997 0.2715176921875 0.4785554375 0.262843746875 0.47504166718749996 0.25914474374999996 0.4783887171875 0.255145403125 0.4843905484375 0.25289578281249997 0.49539389375000004