0 0.8 0.84296875 0.021875 0.03046875
0 0.82734375 0.3859375 0.02265625 0.028125
3 0.515625 0.79921875 0.02109375 0.0296875
3 0.94375 0.61484375 0.02265625 0.02734375
0 0.78515625 0.86015625 0.02109375 0.0296875
3 0.7671875 0.7828125 0.0234375 0.028125
3 0.20078125 0.0390625 0.0203125 0.0296875
3 0.16015625 0.49921875 0.021875 0.0265625
3 0.16796875 0.38125 0.02265625 0.0296875
0 0.20390625 0.62578125 0.02421875 0.02890625
3 0.2234375 0.32578125 0.021875 0.02578125
3 0.2296875 0.29453125 0.02109375 0.02734375
1 0.3109375 0.34375 0.278125 0.35 0.2671875 0.3625 0.2421875 0.3645833328125 0.2390625 0.3729166671875 0.203125 0.3729166671875 0.196875 0.39791666718749996 0.2078125 0.4125 0.23125 0.4125 0.2640625 0.4270833328125 0.2796875 0.4479166671875 0.3359375 0.45416666718750004 0.3453125 0.47291666718750003 0.375 0.475 0.3765625 0.4604166671875 0.390625 0.4479166671875 0.428125 0.45416666718750004 0.43125 0.42291666718750004 0.440625 0.40416666718750005 0.4328125 0.3729166671875 0.4328125 0.3395833328125 0.4109375 0.33541666718749996 0.39375 0.3416666671875 0.3875 0.33541666718749996 0.3859375 0.3458333328125 0.359375 0.3395833328125 0.3109375 0.34375
2 0.198489509375 0.3987696078125 0.20273880625000001 0.4069387578125 0.21561166250000002 0.40993967031249995 0.2353583875 0.41077325625 0.2347334921875 0.3729284109375 0.219361040625 0.3732618390625 0.20534374687499998 0.37275 0.20136403593750002 0.37676290625000003 0.1983645328125 0.3845986265625 0.198489509375 0.3987696078125