3 0.1828125 0.12265625 0.0265625 0.0375
0 0.14375 0.675 0.0328125 0.03984375
3 0.09140625 0.371875 0.0296875 0.03359375
3 0.08359375 0.45078125 0.0265625 0.03359375
0 0.15625 0.35546875 0.0296875 0.0375
3 0.0890625 0.57265625 0.0296875 0.03515625
1 0.87578125 0.40833333281249995 0.87890625 0.4166666671875 0.92265625 0.42291666718750004 0.9296875 0.3947916671875 0.94140625 0.3875 0.9453125 0.3739583328125 0.946875 0.3489583328125 0.9359375 0.340625 0.9390625 0.309375 0.90703125 0.30416666718749996 0.89921875 0.3291666671875 0.86328125 0.325 0.85234375 0.3125 0.82421875 0.30416666718749996 0.75546875 0.29375 0.73203125 0.30625 0.71640625 0.30416666718749996 0.71171875 0.3125 0.659375 0.309375 0.66015625 0.3416666671875 0.70234375 0.35 0.72890625 0.3895833328125 0.77734375 0.40625 0.78671875 0.43125 0.8125 0.4302083328125 0.81640625 0.4145833328125 0.84296875 0.4166666671875 0.86796875 0.40833333281249995 0.87578125 0.40833333281249995
2 0.6565179 0.32639318125 0.657017809375 0.3342289015625 0.6595173937500001 0.3402307328125 0.6701406296875 0.3428982203125 0.6842632890625 0.3455656859375 0.696886190625 0.34806644531250003 0.701260465625 0.3128890734375 0.6880126765625 0.31122189843750003 0.673515075 0.3083877015625 0.6631562468750001 0.3062916671875 0.6593924171875 0.3083877015625 0.6572677734375 0.3157232703125 0.6565179 0.32639318125
3 0.76796875 0.41640625 0.021875 0.028125
3 0.67734375 0.359375 0.0234375 0.03359375
0 0.69921875 0.359375 0.0203125 0.0234375
0 0.74453125 0.40546875 0.02265625 0.03203125