0 0.165625 0.34609375 0.0234375 0.03515625
0 0.1734375 0.6 0.02109375 0.02890625
0 0.1625 0.628125 0.0234375 0.0265625
0 0.1375 0.63515625 0.02265625 0.02890625
3 0.15 0.325 0.0203125 0.03359375
3 0.584375 0.36484375 0.025 0.03359375
3 0.14609375 0.35703125 0.021875 0.03359375
3 0.0921875 0.371875 0.028125 0.03359375
3 0.14765625 0.61015625 0.021875 0.03125
1 0.86640625 0.2958333328125 0.85234375 0.3125 0.82734375 0.30416666718749996 0.82421875 0.29375 0.74765625 0.22916666718749998 0.73046875 0.22291666718749997 0.71015625 0.23125 0.70234375 0.2125 0.68671875 0.21875 0.65546875 0.1916666671875 0.6421875 0.1989583328125 0.6359375 0.21979166718749998 0.675 0.253125 0.6828125 0.2989583328125 0.73125 0.3489583328125 0.721875 0.365625 0.72890625 0.3854166671875 0.74765625 0.39375 0.75859375 0.375 0.77578125 0.3854166671875 0.81015625 0.3770833328125 0.81796875 0.39791666718749996 0.840625 0.415625 0.8828125 0.36770833281250004 0.8890625 0.334375 0.88359375 0.3083333328125 0.86640625 0.2958333328125
2 0.635736753125 0.2117332171875 0.6356117671875 0.22223641249999998 0.6443603140625 0.22957198750000002 0.65460861875 0.2382412875 0.6672315296875 0.24907792031249998 0.681979065625 0.2162346 0.6694811406250001 0.20673169374999997 0.657608121875 0.1965619328125 0.650343746875 0.1915 0.6448602328125 0.1952281953125 0.6396111078125 0.20289719375 0.635736753125 0.2117332171875