0 0.28671875 0.66953125 0.02265625 0.0296875
3 0.96640625 0.984375 0.021875 0.02890625
0 0.92265625 0.7265625 0.02265625 0.028125
3 0.53515625 0.9796875 0.021875 0.03046875
3 0.43671875 0.1109375 0.01875 0.02734375
3 0.31640625 0.41875 0.0203125 0.02734375
3 0.27890625 0.52890625 0.02109375 0.0296875
3 0.3984375 0.36796875 0.0203125 0.028125
3 0.38359375 0.39296875 0.0203125 0.02578125
1 0.378125 0.4875 0.409375 0.5395833328124999 0.4546875 0.5708333328124999 0.4625 0.5895833328125 0.484375 0.6041666671875 0.490625 0.5958333328125 0.521875 0.6020833328124999 0.5234375 0.6166666671875001 0.53125 0.6145833328125 0.5546875 0.6333333328124999 0.5859375 0.59375 0.5890625 0.56875 0.584375 0.5583333328125 0.5921875 0.5270833328125 0.571875 0.5229166671875001 0.5578125 0.5083333328124999 0.546875 0.5145833328125 0.528125 0.48541666718750004 0.5046875 0.47083333281249995 0.4890625 0.4770833328125 0.440625 0.4479166671875 0.3890625 0.45 0.35625 0.43125 0.3453125 0.4458333328125 0.3453125 0.46458333281249997 0.378125 0.4875
2 0.344553025 0.4524746890625 0.345427884375 0.4611439984375 0.3498021578125 0.46564536875 0.3598004984375 0.47098032031250003 0.368424059375 0.47631528125000006 0.37729759375 0.4816502515625 0.3894205765625 0.4499739296875 0.37792248906250003 0.44330523125 0.3675492078125 0.4376368390625 0.359550534375 0.4319684453125 0.35456249687499997 0.43295833281249996 0.3504270546875 0.4379702734375 0.34642771250000004 0.44413881875000005 0.344553025 0.4524746890625