3 0.1828125 0.12265625 0.0265625 0.0375
3 0.084375 0.45078125 0.0265625 0.03515625
3 0.09140625 0.371875 0.028125 0.03359375
0 0.15703125 0.35390625 0.028125 0.0375
0 0.14375 0.675 0.0328125 0.03984375
3 0.0890625 0.57421875 0.0296875 0.03515625
3 0.159375 0.27265625 0.028125 0.0375
0 0.7453125 0.40234375 0.01875 0.02734375
3 0.678125 0.35703125 0.015625 0.02734375
1 0.709375 0.3145833328125 0.659375 0.30625 0.6546875 0.3416666671875 0.66875 0.3479166671875 0.68795060625 0.3508751765625 0.70771394375 0.3588203546875 0.717189521875 0.37723870625 0.7247699921875 0.38879532656250004 0.7374943328125 0.3931290609375 0.7564454890625 0.4025188359375 0.7827063890625 0.4104639859375 0.77999908125 0.43285491875000004 0.8149233390624999 0.4368275296875 0.8187135953125001 0.4144365671875 0.8433500734375 0.42057605000000003 0.8828125 0.42291666718750004 0.8875 0.4375 0.89375 0.4166666671875 0.909375 0.4125 0.9203125 0.3708333328125 0.909375 0.3395833328125 0.859375 0.3229166671875 0.853125 0.3125 0.7421875 0.29375 0.7328125 0.30416666718749996 0.7140625 0.30416666718749996 0.709375 0.3145833328125
2 0.6592662203125 0.34068386093749997 0.6700436609375 0.34254436875 0.685512465625 0.3449122953125 0.701108053125 0.3472802234375 0.7033903375 0.3132835875 0.6894430609375 0.3114230796875 0.673974265625 0.30787119218750003 0.6635771984375001 0.3061798171875 0.6585159140625 0.3088355421875 0.656096384375 0.3220787375 0.656223184375 0.3335800859375 0.6592662203125 0.34068386093749997