0 0.68515625 0.16953125 0.021875 0.02890625
3 0.84765625 0.2390625 0.02109375 0.02734375
0 0.85078125 0.29921875 0.021875 0.02734375
3 0.3921875 0.06484375 0.0203125 0.0296875
3 0.29296875 0.3 0.0203125 0.02578125
0 0.24609375 0.575 0.02265625 0.03125
1 0.4953125 0.4302083328125 0.5078125 0.4135416671875 0.5078125 0.396875 0.5 0.38229166718749996 0.50234375 0.35625 0.48984375 0.3458333328125 0.46328125 0.34375 0.45703125 0.3541666671875 0.43359375 0.3395833328125 0.38359375 0.3333333328125 0.35078125 0.3333333328125 0.33828125 0.34375 0.31328125 0.3395833328125 0.30703125 0.3479166671875 0.27265625 0.3395833328125 0.2640625 0.3489583328125 0.26484375 0.375 0.32421875 0.4 0.33984375 0.4270833328125 0.39140625 0.44166666718750003 0.40234375 0.46666666718750005 0.4265625 0.46770833281249996 0.4265625 0.45520833281249995 0.43203125 0.45208333281249996 0.4890625 0.45729166718750003 0.4953125 0.4302083328125
2 0.2632009375 0.3678037078125 0.26718444531249996 0.3767172515625 0.2802914859375 0.3813454421875 0.2954545171875 0.3849451484375 0.3014940390625 0.3486052890625 0.28568849531249996 0.3438056953125 0.2724980515625 0.34105365 0.26756995156249996 0.3455198390625 0.26332943593749997 0.35477620781249997 0.2632009375 0.3678037078125
3 0.9 0.2390625 0.02109375 0.0265625
3 0.30390625 0.2703125 0.021875 0.0265625
3 0.2328125 0.34140625 0.02109375 0.02734375
3 0.21328125 0.45859375 0.02109375 0.02734375