0 0.66171875 0.603125 0.025 0.03515625
0 0.384375 0.759375 0.025 0.03515625
3 0.08046875 0.39140625 0.028125 0.03359375
0 0.54765625 0.703125 0.0234375 0.03125
3 0.2421875 0.72734375 0.028125 0.03359375
0 0.39609375 0.54375 0.025 0.03125
3 0.325 0.68046875 0.028125 0.03515625
3 0.403125 0.153125 0.0265625 0.0375
3 0.59609375 0.49921875 0.0234375 0.03125
3 0.60234375 0.103125 0.01875 0.02734375
1 0.5375 0.1541666671875 0.5453125 0.17916666718750002 0.54375 0.20833333281250002 0.5828125 0.2666666671875 0.575 0.2791666671875 0.575 0.2916666671875 0.5953125 0.3145833328125 0.6076186156250001 0.2981487734375 0.6214440796875 0.308394675 0.6359375 0.2979166671875 0.6421875 0.3020833328125 0.6421875 0.3145833328125 0.6609375 0.33541666718749996 0.6828125 0.3145833328125 0.696875 0.3145833328125 0.70625 0.3020833328125 0.7125 0.275 0.721875 0.2625 0.71875 0.24375 0.7078125 0.22916666718749998 0.6953125 0.2166666671875 0.678125 0.23125 0.60625 0.1416666671875 0.590625 0.13333333281249998 0.578125 0.1395833328125 0.5703125 0.1208333328125 0.5546875 0.12291666718750001 0.525 0.0916666671875 0.5125 0.1041666671875 0.509375 0.11875 0.5375 0.1541666671875
2 0.515301646875 0.1270133578125 0.5222398203124999 0.1343404375 0.5330807234375 0.1462951390625 0.5510043546875 0.1187221828125 0.540597090625 0.10676748124999999 0.532213453125 0.0948127703125 0.524408 0.0928845921875 0.5184981171875 0.0981144265625 0.512266196875 0.1083100234375 0.511254371875 0.11717964218750002 0.515301646875 0.1270133578125