0 0.26328125 0.61875 0.0265625 0.03125
3 0.965625 0.92109375 0.0234375 0.03359375
3 0.528125 0.92109375 0.02109375 0.03203125
3 0.28515625 0.353125 0.02265625 0.02890625
3 0.765625 0.9953125 0.01953125 0.009375
0 0.92890625 0.6625 0.02265625 0.03125
3 0.24921875 0.471875 0.02265625 0.02890625
3 0.40390625 0.00859375 0.02421875 0.0171875
3 0.37109375 0.29453125 0.021875 0.02890625
3 0.35703125 0.32421875 0.0234375 0.02890625
1 0.353125 0.425 0.3578125 0.4375 0.38125 0.45625 0.3890625 0.48333333281249996 0.4421875 0.5166666671875 0.44375 0.53125 0.46875 0.5479166671875 0.4828125 0.5416666671875 0.5109375 0.5479166671875 0.5109375 0.56875 0.5421875 0.5854166671875001 0.5484375 0.5854166671875001 0.5546875 0.5645833328125 0.5734375 0.5479166671875 0.5796875 0.5208333328125 0.5734375 0.50625 0.5828125 0.47291666718750003 0.546875 0.45625 0.534375 0.4583333328125 0.525 0.43958333281249995 0.5125 0.43333333281249997 0.5140625 0.42083333281249996 0.4859375 0.40416666718750005 0.475 0.4125 0.4203125 0.38125 0.3671875 0.3875 0.328125 0.36666666718749996 0.3171875 0.3791666671875 0.315625 0.4 0.353125 0.425
2 0.31720844375 0.38130639843749997 0.3155837203125 0.39414364218750003 0.3179583171875 0.4009790515625 0.329831346875 0.40764775000000003 0.3418293625 0.41498333125000003 0.352702553125 0.4219854515625 0.3632008109375 0.38697479375 0.341204465625 0.37297052656249996 0.330343746875 0.3667083328125 0.3254570734375 0.3696361796875 0.3210827984375 0.37430426875 0.31720844375 0.38130639843749997