0 0.371875 0.784375 0.0234375 0.03359375
0 0.6625 0.88359375 0.0234375 0.03515625
0 0.528125 0.86953125 0.0203125 0.03125
0 0.47421875 0.61484375 0.0265625 0.03359375
3 0.65234375 0.29609375 0.028125 0.0375
3 0.66015625 0.73671875 0.01875 0.03125
3 0.27421875 0.64765625 0.028125 0.03515625
1 0.8578125 0.603125 0.8296875 0.446875 0.82109375 0.43541666718750005 0.80625 0.4322916671875 0.8078125 0.4010416671875 0.796875 0.396875 0.7859375 0.3447916671875 0.77109375 0.3416666671875 0.7578125 0.353125 0.7671875 0.4114583328125 0.7484375 0.45104166718750005 0.759375 0.5385416671875001 0.74140625 0.5375 0.7375 0.5614583328125 0.74453125 0.5791666671875 0.76171875 0.56875 0.77109375 0.5979166671875 0.78203125 0.5958333328125 0.7921875 0.6072916671875 0.79765625 0.6708333328125 0.82734375 0.6708333328125 0.83359375 0.68125 0.846875 0.6802083328124999 0.88046875 0.6583333328125 0.8890625 0.6385416671875 0.87890625 0.6041666671875 0.8578125 0.603125
2 0.762174059375 0.38877569843750004 0.7642987125 0.40094606875 0.7924190421875 0.3881088390625 0.78704493125 0.36443495000000004 0.7851702421875 0.34893023125 0.7811709109375 0.34259496875 0.769922778125 0.3420948234375 0.762673978125 0.3457626015625 0.757531246875 0.35150000000000003 0.7574248531250001 0.3616007546875 0.75942451875 0.3739378453125 0.762174059375 0.38877569843750004
3 0.840625 0.409375 0.0296875 0.04296875
3 0.290625 0.246875 0.0296875 0.03828125
3 0.359375 0.67265625 0.025 0.03671875
3 0.74765625 0.5921875 0.025 0.03359375
3 0.64765625 0.66875 0.025 0.03203125