0 0.6859375 0.63671875 0.0265625 0.03125
0 0.58515625 0.73984375 0.021875 0.02734375
0 0.4390625 0.81171875 0.0234375 0.02890625
3 0.6140625 0.54140625 0.01875 0.02734375
0 0.43828125 0.61171875 0.0171875 0.0234375
3 0.384375 0.74453125 0.01796875 0.0234375
3 0.31640625 0.79609375 0.01796875 0.025
3 0.18125 0.52890625 0.0171875 0.02109375
3 0.425 0.2828125 0.0171875 0.0203125
3 0.609375 0.3796875 0.0171875 0.02109375
3 0.58984375 0.20234375 0.01640625 0.02578125
1 0.54375 0.22291666718749997 0.528125 0.2104166671875 0.51875 0.2104166671875 0.5109375 0.21875 0.509375 0.23541666718749998 0.540625 0.275 0.5421875 0.2958333328125 0.55 0.3020833328125 0.5546875 0.3166666671875 0.5765625 0.3375 0.5796875 0.3625 0.5984375 0.3791666671875 0.61284165625 0.3633328515625 0.621875 0.3625 0.6328125 0.3604166671875 0.64375 0.3729166671875 0.6609375 0.35 0.671875 0.3458333328125 0.6921875 0.29375 0.6625 0.2604166671875 0.6515625 0.275 0.6453125 0.275 0.6015625 0.2416666671875 0.5890625 0.2270833328125 0.5734375 0.22291666718749997 0.55 0.21875 0.54375 0.22291666718749997
2 0.512237675 0.2365509265625 0.51834976875 0.24192129843750002 0.5273790046875 0.24951389218750003 0.5416868671875 0.2241435171875 0.5302961359375 0.21451388906250002 0.5246007781250001 0.21043981875 0.518627590625 0.21136573906249997 0.5143923609375001 0.2154398140625 0.5119598453124999 0.2202546375 0.5105707359375 0.22803241093749999 0.512237675 0.2365509265625