3 0.975 0.9875 0.0234375 0.025
3 0.540625 0.96484375 0.025 0.0375
0 0.296875 0.64296875 0.028125 0.03359375
0 0.94375 0.73125 0.03125 0.0375
3 0.33125 0.38671875 0.0203125 0.03125
3 0.46015625 0.06640625 0.021875 0.03515625
3 0.28984375 0.49921875 0.021875 0.03125
3 0.415625 0.33828125 0.021875 0.03125
3 0.4 0.3640625 0.021875 0.02890625
1 0.3921875 0.4625 0.4234375 0.5166666671875 0.4671875 0.5520833328125 0.4765625 0.5708333328124999 0.5 0.5854166671875001 0.5109375 0.5791666671875 0.540625 0.5895833328125 0.540625 0.6041666671875 0.5546875 0.6083333328125 0.5671875 0.625 0.575 0.625 0.5828125 0.6041666671875 0.6046875 0.5833333328125 0.609375 0.5625 0.6046875 0.54375 0.6125 0.51875 0.584375 0.50625 0.578125 0.49583333281249997 0.5671875 0.5 0.5453125 0.475 0.546875 0.46666666718750005 0.521875 0.45 0.503125 0.45416666718750004 0.4875 0.4479166671875 0.4640625 0.4291666671875 0.4078125 0.425 0.36875 0.40416666718750005 0.3578125 0.42291666718750004 0.359375 0.4375 0.3921875 0.4625
2 0.359520921875 0.4210128046875 0.3590210125 0.43101585 0.36302034375000003 0.43718439531250003 0.37364358124999997 0.4445199578125 0.3826420828125 0.44985491718750004 0.3928903875 0.4568570625 0.404763415625 0.4245138671875 0.3950150296875 0.41751174375 0.3826420828125 0.4086757171875 0.373156246875 0.404 0.3676445734375 0.40700854218750004 0.36214549375 0.41251022031250006 0.359520921875 0.4210128046875