0 0.534375 0.734375 0.025 0.03359375
0 0.5875 0.53359375 0.0234375 0.03125
0 0.70078125 0.74609375 0.021875 0.03125
0 0.82890625 0.703125 0.025 0.02890625
3 0.40859375 0.64765625 0.0265625 0.03359375
3 0.790625 0.56953125 0.0203125 0.02890625
3 0.83984375 0.39921875 0.0203125 0.02890625
3 0.4953125 0.63515625 0.025 0.03515625
3 0.3265625 0.26796875 0.01953125 0.02421875
3 0.67890625 0.16015625 0.01875 0.02578125
3 0.88046875 0.1890625 0.01875 0.0265625
1 0.8140625 0.2208333328125 0.8046875 0.2708333328125 0.828125 0.3395833328125 0.815625 0.35625 0.81875 0.3770833328125 0.834375 0.3875 0.8515625 0.375 0.8609375 0.3916666671875 0.8671875 0.3916666671875 0.884375 0.3645833328125 0.8828125 0.3416666671875 0.9015625 0.3770833328125 0.8984375 0.4125 0.9125 0.43958333281249995 0.9671875 0.425 0.9890625 0.39375 0.9953125 0.36875 0.9765625 0.34375 0.9546875 0.35 0.95 0.3375 0.9421875 0.3375 0.94375 0.34375 0.9390625 0.34375 0.9375 0.3291666671875 0.890625 0.23333333281250002 0.8515625 0.1916666671875 0.8359375 0.1916666671875 0.8203125 0.1583333328125 0.80625 0.15 0.790625 0.16458333281249998 0.7890625 0.1770833328125 0.8140625 0.2208333328125
2 0.792140928125 0.17926671249999998 0.797390053125 0.1886028875 0.80301411875 0.19777234375 0.81201263125 0.21411064999999999 0.8340089671875001 0.1892697578125 0.8255103937499999 0.1750987765625 0.819636353125 0.1632618390625 0.8146371828125 0.1534255125 0.8092630906249999 0.15059131718750002 0.802531246875 0.1535833328125 0.793640675 0.1614279484375 0.7908911359374999 0.17009725625 0.792140928125 0.17926671249999998