0 0.44921875 0.63515625 0.0328125 0.03984375
3 0.1828125 0.12265625 0.0265625 0.0375
3 0.084375 0.45078125 0.0265625 0.03515625
0 0.15703125 0.35390625 0.0296875 0.0375
3 0.0921875 0.371875 0.028125 0.03359375
0 0.14375 0.675 0.0328125 0.03984375
3 0.0890625 0.57265625 0.0296875 0.03515625
3 0.159375 0.27265625 0.0296875 0.0375
3 0.76796875 0.41484375 0.0203125 0.02734375
3 0.678125 0.35703125 0.015625 0.02734375
1 0.709375 0.3145833328125 0.6609375 0.30625 0.6546875 0.3229166671875 0.6546875 0.3395833328125 0.66875 0.3479166671875 0.7060685624999999 0.34938539999999996 0.7100762984375 0.3615357875 0.7140625 0.36875 0.725 0.3895833328125 0.7546875 0.39791666718749996 0.7818513265625 0.4043051484375 0.780029625 0.43298010624999994 0.8140625 0.43541666718750005 0.8171875 0.41875 0.8359375 0.42291666718750004 0.846875 0.4145833328125 0.8515625 0.39791666718749996 0.8359375 0.3791666671875 0.8546875 0.3729166671875 0.846875 0.3416666671875 0.8453125 0.3125 0.7890625 0.2979166671875 0.74375 0.29375 0.7296875 0.30625 0.7140625 0.30416666718749996 0.709375 0.3145833328125
2 0.655534390625 0.3327149125 0.6579598640625 0.34011029531250003 0.6678349906250001 0.3424213546875 0.686545771875 0.34588794375 0.6995393671875 0.3479679 0.7005788515625 0.313995325 0.6792693515625 0.30960432031249996 0.6661025125 0.30683103906250003 0.6589279375 0.3084902703125 0.6572668703125 0.31561306875 0.6560541265625 0.3230084609375 0.655534390625 0.3327149125