0 0.08984375 0.34296875 0.1453125 0.13125
0 0.3765625 0.20078125 0.128125 0.125
0 0.64453125 0.20703125 0.1328125 0.134375
0 0.3328125 0.67109375 0.1609375 0.153125
0 0.6984375 0.4828125 0.140625 0.1421875
3 0.24921875 0.19921875 0.125 0.1265625
3 0.50625 0.2109375 0.128125 0.1390625
3 0.77734375 0.2 0.1296875 0.13125
3 0.1890625 0.51875 0.15625 0.1453125
3 0.365625 0.3625 0.13125 0.1359375
3 0.509375 0.35 0.1328125 0.134375
3 0.5328125 0.496875 0.1453125 0.1421875
3 0.525 0.66484375 0.1578125 0.1609375
3 0.559375 0.865625 0.1703125 0.1796875
3 0.740625 0.64921875 0.159375 0.1671875
3 0.88203125 0.49296875 0.153125 0.146875
3 0.94609375 0.34921875 0.1078125 0.1328125
3 0.9234375 0.2015625 0.1265625 0.1328125