0 0.27109375 0.20234375 0.065625 0.0703125
0 0.45625 0.20625 0.0703125 0.0703125
0 0.665625 0.2046875 0.0703125 0.0703125
0 0.86328125 0.190625 0.06875 0.0703125
0 0.875 0.31875 0.071875 0.0703125
0 0.67109375 0.3359375 0.075 0.0703125
0 0.44609375 0.3375 0.075 0.0734375
0 0.2265625 0.47890625 0.0765625 0.075
0 0.4390625 0.4828125 0.0796875 0.078125
0 0.6828125 0.48125 0.078125 0.0765625
0 0.91015625 0.45703125 0.078125 0.075
0 0.92578125 0.59296875 0.084375 0.0828125
0 0.6921875 0.6140625 0.0828125 0.0828125
0 0.42734375 0.609375 0.0828125 0.078125
0 0.21015625 0.58046875 0.08125 0.078125
0 0.18828125 0.7984375 0.084375 0.0828125
0 0.4546875 0.809375 0.0921875 0.0875
0 0.70625 0.809375 0.0875 0.0875
0 0.95703125 0.7875 0.0859375 0.0859375