3 0.89140625 0.74921875 0.03125 0.0453125
3 0.47109375 0.7921875 0.0296875 0.0390625
3 0.32265625 0.78203125 0.03125 0.040625
3 0.0546875 0.78515625 0.0328125 0.0359375
3 0.3328125 0.51796875 0.025 0.034375
3 0.4796875 0.36484375 0.0203125 0.0328125
3 0.52890625 0.27578125 0.021875 0.0328125
3 0.53359375 0.12265625 0.0203125 0.0328125
3 0.78828125 0.08671875 0.0203125 0.0328125
3 0.4125 0.16875 0.0234375 0.0328125
3 0.184375 0.12421875 0.0234375 0.0328125
1 0.5705892578125 0.28368405937499996 0.565511390625 0.2973542390625 0.5597102515625 0.30790290625 0.546497809375 0.3242126953125 0.529429603125 0.34382488125 0.5282745624999999 0.346275046875 0.4967739640625 0.40584479375000004 0.4528218703125 0.43986688906250004 0.41377648593750005 0.47556300937499996 0.35532138281250003 0.5115148140625 0.3344228703125 0.5490279421875 0.3416550515625 0.5766122 0.3600267953125 0.57926900625 0.38478930624999996 0.582942821875 0.39525710625 0.589063453125 0.403474353125 0.59605641875 0.4134661421875 0.6003704578125 0.42330711875000004 0.6035070671875 0.429478559375 0.6021879484375 0.43931942968750004 0.598499278125 0.44569130625 0.5962400890625 0.4519932125 0.5943349203125 0.46128465781249994 0.5940851281249999 0.4682837859375 0.5948374109375 0.485466528125 0.599918103125 0.48805045781249995 0.6003703765624999 0.4923083859375 0.6021567859375 0.4952036265625 0.603539603125 0.5009908796875 0.6026300499999999 0.5058219140625 0.601972953125 0.5190900093749999 0.5934498296874999 0.5257420875000001 0.5797594671875 0.526705840625 0.56812645625 0.5268985265625 0.552837553125 0.529108709375 0.5384702328125 0.5309683984375 0.507259146875 0.531066140625 0.47931231093750004 0.5309680765625 0.47001809375 0.5342190859375 0.45612734843749997 0.553568521875 0.43690369687499997 0.5712585984375 0.41850426093750004 0.578744825 0.4037167984375 0.6134595109375 0.2916750625 0.6276562671875 0.225744821875 0.643002034375 0.167135490625 0.616365625 0.148802984375 0.6090112640625 0.162362315625 0.60743005625 0.163836846875 0.6052085703125 0.1770946359375 0.6026735125 0.1902781078125 0.5995825703125 0.20156775625 0.593230178125 0.21801394531249998 0.5902101765625 0.23209239843749999 0.5858120921875 0.2473434375 0.5810695421875 0.2586979140625 0.5705892578125 0.28368405937499996