3 0.6453125 0.5078125 0.025 0.0359375
3 0.63125 0.6765625 0.0296875 0.0390625
3 0.778125 0.7515625 0.028125 0.04375
3 0.5640625 0.7734375 0.021875 0.0359375
3 0.471875 0.7921875 0.0265625 0.0375
3 0.32421875 0.78125 0.0265625 0.0296875
3 0.2828125 0.51328125 0.021875 0.0296875
3 0.409375 0.171875 0.0203125 0.034375
3 0.18671875 0.125 0.021875 0.0296875
1 0.6224092031249999 0.339317621875 0.6328698625 0.339317621875 0.62960090625 0.3667768515625 0.636792609375 0.38442921406249997 0.6498684328125 0.3912940203125 0.6537911796875 0.3873712734375 0.6577139265625 0.3795257796875 0.6629442562500001 0.3706995984375 0.6668670031249999 0.356969984375 0.6792890359375 0.3628541046875 0.6936724421875 0.3432403703125 0.6975951890625 0.33147212812500004 0.6943262328124999 0.3138197671875 0.7015179359375 0.3040128984375 0.7047868921875 0.2951867171875 0.7021717265625 0.2785150421875 0.6969413984374999 0.2706695484375 0.692364859375 0.2677274890625 0.68059661875 0.268708175 0.7466295265625 0.2373261984375 0.8061245250000001 0.1922146078125 0.8355451281249999 0.1627940046875 0.8715036421875 0.1176824125 0.9120386953124999 0.0676673875 0.8924249609375 0.027459229687499996 0.817892765625 0.12258584531250001 0.759051559375 0.17652361875 0.69301865 0.2206545234375 0.6387539828125 0.2334034515625 0.5929886 0.231442078125 0.563567996875 0.21378971562500002 0.552453546875 0.2216352109375 0.5504921734375 0.24321031875000002 0.5759900296875 0.2677274890625 0.5844893140625 0.28832191093750004 0.5792589859375 0.2971480921875 0.5988727203125 0.31676182656249996 0.61194854375 0.3128390796875 0.6224092031249999 0.339317621875
3 0.56640625 0.33125 0.01875 0.0296875
3 0.54296875 0.25625 0.01875 0.03125