3 0.6 0.5046875 0.28046875 0.24921875
0 0.196875 0.40546875 0.24296875 0.23671875
0 0.27109375 0.18359375 0.2484375 0.24921875
0 0.66484375 0.28125 0.24296875 0.22890625
0 0.4984375 0.11796875 0.24296875 0.22109375
0 0.43046875 0.34296875 0.24609375 0.24375
3 0.88515625 0.21796875 0.2296875 0.24140625
0 0.128125 0.63046875 0.2515625 0.24921875
0 0.36328125 0.56875 0.23515625 0.2390625
3 0.53203125 0.7375 0.2515625 0.246875
3 0.78046875 0.6765625 0.26171875 0.2546875
3 0.7125 0.8875 0.27578125 0.22421875