0 0.24505208281250002 0.5490740734374999 0.23828125 0.5527777781250001 0.2348958328125 0.5625 0.2359375 0.5726851859375001 0.24375 0.5800925921875 0.25078125 0.5759259265625001 0.2536458328125 0.5671296296875 0.253125 0.5578703703125 0.24505208281250002 0.5490740734374999
3 0.17421875 0.0490740734375 0.171875 0.054166667187499996 0.1729166671875 0.06898148125 0.1778645828125 0.07685185156249999 0.1848958328125 0.0773148140625 0.1885416671875 0.0726851859375 0.18802083281249998 0.054166667187499996 0.1809895828125 0.046296296875 0.17421875 0.0490740734375
3 0.1903645828125 0.0546296296875 0.18802083281249998 0.0625 0.1890625 0.0773148140625 0.1934895828125 0.08425925937499999 0.20052083281250002 0.084722221875 0.2052083328125 0.078240740625 0.20416666718749998 0.059722221875 0.19765625 0.052777778124999994 0.1903645828125 0.0546296296875
3 0.18307291718750002 0.127777778125 0.1796875 0.1356481484375 0.1807291671875 0.14861111093749999 0.1872395828125 0.1574074078125 0.1932291671875 0.15694444375 0.1979166671875 0.14861111093749999 0.1963541671875 0.13287037031249999 0.18984375 0.12592592656249998 0.18307291718750002 0.127777778125
3 0.45807291718750004 0.0981481484375 0.45416666718750004 0.10601851874999998 0.4546875 0.1199074078125 0.45859375 0.1268518515625 0.46458333281249997 0.1273148140625 0.46979166718750004 0.11805555625 0.4692708328125 0.10601851874999998 0.46380208281249996 0.097222221875 0.45807291718750004 0.0981481484375
3 0.23463541718749997 0.2703703703125 0.23125 0.278240740625 0.2322916671875 0.2893518515625 0.2377604171875 0.29814814843750004 0.24375 0.2986111109375 0.2494791671875 0.2893518515625 0.24895833281250002 0.2773148140625 0.24296875 0.26851851875 0.23463541718749997 0.2703703703125
3 0.16015625 0.5 0.1546875 0.508796296875 0.1552083328125 0.5199074078125 0.16015625 0.5287037031249999 0.1666666671875 0.5291666671875 0.1729166671875 0.5226851859375 0.1739583328125 0.508796296875 0.1690104171875 0.5 0.16015625 0.5
3 0.2861979171875 0.5018518515625 0.28177083281250004 0.50601851875 0.2796875 0.51898148125 0.2825520828125 0.527777778125 0.290625 0.5310185187500001 0.296875 0.5236111109375 0.29739583281250004 0.5115740734374999 0.2919270828125 0.5018518515625 0.2861979171875 0.5018518515625
3 0.3606770828125 0.45555555625000005 0.3557291671875 0.46342592656250003 0.3552083328125 0.47361111093749997 0.35859375 0.48148148125 0.3651041671875 0.48379629687500003 0.3713541671875 0.4754629625 0.371875 0.466203703125 0.3684895828125 0.4574074078125 0.3606770828125 0.45555555625000005
3 0.37265625 0.5944444437499999 0.3661458328125 0.6013888890625 0.3645833328125 0.6115740734374999 0.3684895828125 0.622222221875 0.375 0.6236111109375 0.3807291671875 0.616203703125 0.38125 0.6050925921875 0.37734375 0.5962962968750001 0.37265625 0.5944444437499999
3 0.2091145828125 0.6759259265625001 0.20208333281250002 0.683796296875 0.2015625 0.6958333328124999 0.2049479171875 0.7046296296875 0.2130208328125 0.70601851875 0.21875 0.6995370375000001 0.2203125 0.6875 0.21588541718749998 0.6768518515624999 0.2091145828125 0.6759259265625001
3 0.34713541718749996 0.6925925921875 0.340625 0.7004629625 0.3395833328125 0.7115740734375 0.3434895828125 0.7212962968750001 0.35104166718749996 0.7226851859375001 0.3567708328125 0.7143518515625 0.3572916671875 0.703240740625 0.3528645828125 0.69351851875 0.34713541718749996 0.6925925921875