3 0.45911458281249995 0.097222221875 0.45416666718750004 0.10601851874999998 0.45416666718750004 0.1171296296875 0.45859375 0.1268518515625 0.46458333281249997 0.1273148140625 0.4692708328125 0.1208333328125 0.4703125 0.1115740734375 0.46588541718750004 0.0990740734375 0.45911458281249995 0.097222221875
3 0.23567708281250002 0.26944444375 0.23125 0.278240740625 0.23177083281250002 0.2875 0.23567708281250002 0.296296296875 0.24375 0.2986111109375 0.2484375 0.29305555625 0.2494791671875 0.2791666671875 0.24296875 0.26851851875 0.23567708281250002 0.26944444375
3 0.18411458281249998 0.1268518515625 0.1796875 0.1356481484375 0.1807291671875 0.14861111093749999 0.1861979171875 0.15648148125 0.1927083328125 0.15694444375 0.1979166671875 0.14861111093749999 0.1963541671875 0.13287037031249999 0.19192708281249998 0.1268518515625 0.18411458281249998 0.1268518515625
3 0.1903645828125 0.0546296296875 0.18802083281249998 0.0625 0.1890625 0.0773148140625 0.1940104171875 0.08425925937499999 0.20052083281250002 0.084722221875 0.20572916718749998 0.0754629625 0.20416666718749998 0.059722221875 0.19765625 0.052777778124999994 0.1903645828125 0.0546296296875
3 0.17421875 0.0490740734375 0.171875 0.054166667187499996 0.1734375 0.07083333281250001 0.1794270828125 0.077777778125 0.1854166671875 0.0773148140625 0.1885416671875 0.071759259375 0.18802083281249998 0.054166667187499996 0.18046875 0.046296296875 0.17421875 0.0490740734375
3 0.16015625 0.5 0.15572916718750002 0.50601851875 0.1546875 0.5171296296875 0.16015625 0.5287037031249999 0.1666666671875 0.5291666671875 0.1729166671875 0.5226851859375 0.1739583328125 0.508796296875 0.1690104171875 0.5 0.16015625 0.5
3 0.2091145828125 0.6759259265625001 0.20208333281250002 0.683796296875 0.2015625 0.696759259375 0.20598958281250002 0.70555555625 0.2130208328125 0.70601851875 0.21875 0.6995370375000001 0.2203125 0.6865740734375 0.21588541718749998 0.6768518515624999 0.2091145828125 0.6759259265625001
3 0.3450520828125 0.69351851875 0.3395833328125 0.7041666671875 0.3401041671875 0.7143518515625 0.3455729171875 0.7231481484375 0.35104166718749996 0.7226851859375001 0.3572916671875 0.7125 0.3567708328125 0.7004629625 0.3528645828125 0.69351851875 0.3450520828125 0.69351851875
3 0.37265625 0.5944444437499999 0.3661458328125 0.6013888890625 0.3645833328125 0.6115740734374999 0.3684895828125 0.622222221875 0.375 0.6236111109375 0.3807291671875 0.616203703125 0.38125 0.6050925921875 0.37734375 0.5962962968750001 0.37265625 0.5944444437499999
3 0.28463541718749996 0.502777778125 0.2802083328125 0.5106481484375001 0.28072916718749996 0.5236111109375 0.28515625 0.5305555562500001 0.2911458328125 0.5310185187500001 0.296875 0.5236111109375 0.296875 0.5097222218749999 0.2919270828125 0.5018518515625 0.28463541718749996 0.502777778125
3 0.3606770828125 0.45555555625000005 0.3557291671875 0.46342592656250003 0.3552083328125 0.471759259375 0.35859375 0.48148148125 0.3651041671875 0.48379629687500003 0.3703125 0.478240740625 0.371875 0.466203703125 0.3684895828125 0.4574074078125 0.3606770828125 0.45555555625000005
0 0.24348958281250002 0.5490740734374999 0.2364583328125 0.55601851875 0.2348958328125 0.56805555625 0.2388020828125 0.577777778125 0.2442708328125 0.5800925921875 0.2515625 0.5745370375000001 0.2536458328125 0.5615740734375 0.24973958281250003 0.5518518515624999 0.24348958281250002 0.5490740734374999