3 0.32421875 0.8574074078124999 0.3171875 0.866203703125 0.3161458328125 0.8800925921875 0.31953125 0.8879629625 0.3265625 0.8893518515625001 0.3317708328125 0.8828703703125 0.3338541671875 0.8699074078125 0.3299479171875 0.859259259375 0.32421875 0.8574074078124999
3 0.3825520828125 0.8824074078124999 0.3763020828125 0.8851851859375 0.371875 0.8995370375 0.3723958328125 0.9078703703125001 0.3752604171875 0.9138888890624999 0.38125 0.915277778125 0.3856770828125 0.9138888890624999 0.39010416718749996 0.9023148140625 0.3885416671875 0.8884259265625 0.3825520828125 0.8824074078124999
3 0.47838541718750005 0.8759259265624999 0.47291666718750003 0.8847222218749999 0.47239583281249997 0.8958333328125001 0.47473958281249995 0.9037037031249999 0.4828125 0.9060185187500001 0.48802083281249997 0.8995370375 0.48854166718750003 0.8856481484375 0.48463541718750003 0.8768518515625001 0.47838541718750005 0.8759259265624999
3 0.6861979171875 0.7953703703125 0.6817708328125 0.8023148140625 0.6822916671875 0.816203703125 0.68671875 0.8231481484375 0.6927083328125 0.8236111109375001 0.6973958328125 0.8171296296874999 0.6973958328125 0.8041666671875 0.6908854171875001 0.79444444375 0.6861979171875 0.7953703703125
3 0.5481770828125 0.5379629625 0.5432291671875 0.5458333328125 0.5432291671875 0.558796296875 0.5481770828125 0.565740740625 0.5541666671875001 0.565277778125 0.5578125 0.558796296875 0.5578125 0.546759259375 0.55390625 0.5388888890625 0.5481770828125 0.5379629625
3 0.43984375 0.478703703125 0.43645833281249996 0.4865740734375 0.4359375 0.49583333281249997 0.4388020828125 0.502777778125 0.44635416718750004 0.5050925921875 0.4515625 0.49768518593750005 0.4515625 0.4865740734375 0.44817708281249996 0.478703703125 0.43984375 0.478703703125
3 0.6158854171875 0.5138888890625 0.6114583328125 0.51898148125 0.6104166671875 0.5319444437499999 0.61328125 0.5398148140625 0.6203125 0.5421296296875 0.625 0.5365740734375 0.6260416671875 0.5236111109375 0.6200520828125 0.5138888890625 0.6158854171875 0.5138888890625
3 0.69140625 0.515740740625 0.6911458328125 0.5310185187500001 0.69453125 0.5361111109375 0.7005208328125 0.5365740734375 0.7057291671875 0.5300925921874999 0.7057291671875 0.5171296296875 0.70234375 0.5138888890625 0.69140625 0.515740740625
3 0.7684895828125 0.2259259265625 0.7625 0.23379629687499998 0.7619791671875 0.24583333281250003 0.7674479171875 0.2546296296875 0.7729166671875001 0.2541666671875 0.7770833328125 0.24953703749999998 0.7791666671875 0.2375 0.77578125 0.22777777812500002 0.7684895828125 0.2259259265625
3 0.7325520828125 0.2296296296875 0.7252604171875 0.23240740781250002 0.721875 0.24212962968750001 0.7229166671875 0.253240740625 0.7302083328125 0.258796296875 0.7346354171875 0.25648148125 0.7385416671875 0.246759259375 0.7380208328125 0.2365740734375 0.7325520828125 0.2296296296875
3 0.6591145828125 0.134259259375 0.6520833328125 0.140277778125 0.6505208328125 0.1550925921875 0.6549479171875 0.16388888906250001 0.6609375 0.1634259265625 0.665625 0.15694444375 0.6666666671875 0.1449074078125 0.66328125 0.1361111109375 0.6591145828125 0.134259259375
0 0.6861979171875 0.5453703703125 0.68125 0.5523148140624999 0.6807291671875 0.5634259265625 0.6841145828124999 0.5722222218749999 0.6911458328125 0.5736111109375 0.6963541671875 0.5671296296875 0.6973958328125 0.5578703703125 0.6934895828125 0.5481481484375 0.6861979171875 0.5453703703125
1 0.70234375 0.5101851859375001 0.7059895828125 0.5148148140625 0.71796875 0.5111111109375 0.7221354171875001 0.515740740625 0.72578125 0.50555555625 0.7283854171875 0.5083333328124999 0.7377604171875001 0.50555555625 0.74921875 0.4824074078125 0.7731770828125 0.48055555625 0.7786458328125 0.47361111093749997 0.7807291671875001 0.466203703125 0.7802083328125 0.45324074062499997 0.77421875 0.44444444375 0.7528645828125 0.440740740625 0.7388020828124999 0.4268518515625 0.7372395828125 0.415740740625 0.7291666671875 0.41342592656250005 0.7260416671875001 0.38842592656249997 0.72265625 0.38148148125 0.7208333328125 0.3828703703125 0.7203125 0.3949074078125 0.7229166671875 0.4050925921875 0.71796875 0.4129629625 0.71484375 0.40833333281249995 0.6877604171875 0.4129629625 0.6799479171875 0.397222221875 0.6606770828124999 0.3981481484375 0.6549479171875 0.4018518515625 0.6518229171875001 0.396296296875 0.64765625 0.3990740734375 0.6315104171875 0.396296296875 0.6114583328125 0.4050925921875 0.6145833328125 0.4328703703125 0.6104166671875 0.4495370375 0.6104166671875 0.46342592656250003 0.6166666671875001 0.48472222187499997 0.61953125 0.5138888890625 0.6299479171875 0.515740740625 0.6315104171875 0.5240740734375 0.6330729171875 0.515740740625 0.63984375 0.5166666671875 0.6455729171875 0.5111111109375 0.6559895828125 0.509259259375 0.6588541671875 0.5236111109375 0.6627604171875 0.5305555562500001 0.66953125 0.5305555562500001 0.6705729171875 0.527777778125 0.6752604171875001 0.5305555562500001 0.6778645828125 0.5240740734375 0.6828125 0.5300925921874999 0.68671875 0.50555555625 0.6903645828125 0.5120370375000001 0.69765625 0.5148148140625 0.70234375 0.5101851859375001