3 0.6393229171875 0.09629629687499999 0.6322916671875001 0.103240740625 0.6307291671875 0.11342592656249999 0.63515625 0.12592592656249998 0.6395833328125 0.1263888890625 0.6458333328125 0.11805555625 0.6463541671875 0.10787037031249999 0.64296875 0.0981481484375 0.6393229171875 0.09629629687499999
3 0.50234375 0.3490740734375 0.49791666718750005 0.35601851875 0.49791666718750005 0.36898148124999997 0.5018229171875 0.3759259265625 0.5078125 0.3763888890625 0.5125 0.36990740781250003 0.5130208328125 0.3578703703125 0.5075520828125 0.3481481484375 0.50234375 0.3490740734375
3 0.44713541718750005 0.352777778125 0.44322916718750005 0.358796296875 0.44322916718750005 0.3708333328125 0.44713541718750005 0.3796296296875 0.4526041671875 0.38009259218749997 0.4578125 0.3726851859375 0.4583333328125 0.3625 0.45338541718750003 0.352777778125 0.44713541718750005 0.352777778125
3 0.21848958281250003 0.75555555625 0.2109375 0.7615740734374999 0.20833333281250002 0.7754629625 0.21223958281250002 0.7851851859375001 0.21979166718749998 0.7865740734375 0.2260416671875 0.7791666671875 0.2270833328125 0.765277778125 0.2231770828125 0.7574074078125 0.21848958281250003 0.75555555625
3 0.17734375 0.8361111109375001 0.1690104171875 0.8379629625 0.16354166718750002 0.8504629625 0.16458333281249998 0.8625 0.1690104171875 0.86851851875 0.1734375 0.86898148125 0.17890625 0.865740740625 0.1828125 0.85694444375 0.1828125 0.8449074078125 0.17734375 0.8361111109375001
3 0.1658854171875 0.8953703703125001 0.15703125 0.8981481484374999 0.153125 0.9069444437499999 0.1541666671875 0.9236111109375 0.1614583328125 0.928240740625 0.16796875 0.9240740734375 0.17135416718750002 0.915277778125 0.17135416718750002 0.9041666671874999 0.1658854171875 0.8953703703125001
3 0.5299479171875 0.56851851875 0.525 0.5745370375000001 0.5239583328124999 0.5875 0.5268229171875001 0.5944444437499999 0.5338541671875 0.596759259375 0.5380208328125 0.5921296296875 0.5395833328124999 0.5791666671875 0.53671875 0.571296296875 0.5299479171875 0.56851851875
3 0.6497395828125 0.465740740625 0.6442708328125 0.471759259375 0.6432291671875 0.48472222187499997 0.6471354171875 0.49351851875 0.6526041671875 0.49398148124999997 0.6583333328125 0.48842592656250006 0.659375 0.4791666671875 0.65703125 0.46944444374999994 0.6497395828125 0.465740740625
3 0.6002604171875 0.575 0.5947916671875 0.58194444375 0.5942708328124999 0.5939814812499999 0.5986979171875 0.603703703125 0.6041666671875 0.6041666671875 0.6088541671875001 0.5986111109375 0.6098958328124999 0.5856481484375 0.6065104171875 0.577777778125 0.6002604171875 0.575
3 0.5877604171875 0.6129629624999999 0.5838541671875 0.6208333328125 0.584375 0.633796296875 0.58828125 0.6398148140625 0.59375 0.640277778125 0.5984375 0.6328703703125 0.5989583328125 0.6208333328125 0.59453125 0.6129629624999999 0.5877604171875 0.6129629624999999
3 0.7013020828125 0.83148148125 0.696875 0.8393518515625 0.696875 0.8486111109375001 0.70078125 0.8583333328125 0.7067708328125 0.8606481484374999 0.7125 0.853240740625 0.7130208328125 0.8430555562500001 0.7096354171875 0.834259259375 0.7013020828125 0.83148148125
0 0.7752604171875 0.75 0.7708333328125 0.7578703703125 0.7708333328125 0.7671296296875 0.7752604171875 0.7768518515625 0.7817708328124999 0.7791666671875 0.7875 0.771759259375 0.7875 0.758796296875 0.7815104171875 0.75 0.7752604171875 0.75
1 0.7403645828125 0.4546296296875 0.7528645828125 0.4370370375 0.7622395828124999 0.4296296296875 0.7697916671875 0.4050925921875 0.7661458328124999 0.40046296249999996 0.75859375 0.3731481484375 0.7369791671875 0.3754629625 0.7359375 0.36990740781250003 0.7395833328125 0.35694444375 0.7385416671875 0.3495370375 0.7346354171875 0.34351851875 0.7299479171875001 0.34351851875 0.7270833328124999 0.3375 0.7203125 0.29675925937500003 0.721875 0.278240740625 0.7166666671875 0.2504629625 0.7265625 0.2375 0.7192708328124999 0.2273148140625 0.7166666671875 0.20972222187499998 0.7106770828125 0.20277777812500003 0.6981770828125 0.20648148125 0.6888020828125 0.2 0.6729166671875 0.1375 0.6690104171875 0.1324074078125 0.66328125 0.1324074078125 0.6565104171875 0.1379629625 0.6520833328125 0.146759259375 0.6515625 0.15324074062499998 0.6609375 0.1949074078125 0.6604166671875 0.20231481406250001 0.6513020828125 0.20740740781250003 0.6489583328124999 0.216203703125 0.6572916671875 0.2513888890625 0.6424479171875 0.25555555625 0.6356770828125 0.246296296875 0.6348958328125 0.2513888890625 0.64140625 0.2611111109375 0.653125 0.266203703125 0.653125 0.2995370375 0.659375 0.3134259265625 0.6481770828125 0.31759259218749997 0.6447916671875 0.3226851859375 0.6427083328125 0.3328703703125 0.6432291671875 0.346759259375 0.6471354171875 0.35925925937500003 0.6518229171875001 0.3611111109375 0.66171875 0.3574074078125 0.6645833328124999 0.3476851859375 0.66796875 0.3453703703125 0.6723958328124999 0.3578703703125 0.6697916671875 0.3708333328125 0.6736979171875 0.377777778125 0.6924479171875 0.3851851859375 0.6963541671875 0.39027777812500003 0.6973958328125 0.40416666718750005 0.6927083328125 0.4199074078125 0.7 0.44490740781250004 0.6994791671875 0.4606481484375 0.703125 0.46342592656250003 0.71015625 0.45555555625000005 0.7200520828125 0.4509259265625 0.7278645828125 0.4583333328125 0.7403645828125 0.4546296296875