3 0.55234375 0.2148148140625 0.5479166671875 0.21898148125 0.5453125 0.23194444375 0.54921875 0.24259259218749998 0.5552083328124999 0.24398148125 0.5609375 0.2365740734375 0.5614583328125 0.2236111109375 0.55859375 0.2166666671875 0.55234375 0.2148148140625
1 0.27421875 0.6583333328125 0.2770833328125 0.6495370375 0.275 0.6208333328125 0.28046875 0.6148148140624999 0.2877604171875 0.6148148140624999 0.2908854171875 0.6203703703125 0.2950520828125 0.6203703703125 0.2947916671875 0.6273148140625 0.2981770828125 0.6361111109375 0.3096354171875 0.63055555625 0.3377604171875 0.63055555625 0.3388020828125 0.64444444375 0.3622395828125 0.6425925921875 0.3708333328125 0.6291666671875 0.37265625 0.61851851875 0.37421875 0.625 0.3815104171875 0.6259259265625 0.39401041718749996 0.6175925921875 0.40026041718750005 0.60648148125 0.41171875 0.609259259375 0.4125 0.5995370375 0.4153645828125 0.5962962968750001 0.42005208281249995 0.5962962968750001 0.42369791718750005 0.60555555625 0.42760416718750005 0.6004629625 0.4270833328125 0.5930555562500001 0.4309895828125 0.5833333328125 0.46328125 0.5740740734374999 0.46666666718750005 0.565277778125 0.4661458328125 0.5486111109375 0.4640625 0.5393518515625 0.4596354171875 0.5351851859375001 0.43255208281249996 0.5388888890625 0.4231770828125 0.527777778125 0.41223958281249995 0.5361111109375 0.40625 0.5310185187500001 0.40546875 0.5231481484375 0.39921875 0.5259259265625 0.39609375 0.5138888890625 0.3924479171875 0.51851851875 0.38828125 0.509259259375 0.3799479171875 0.51851851875 0.3791666671875 0.508796296875 0.3768229171875 0.50648148125 0.3747395828125 0.5148148140625 0.36484375 0.522222221875 0.3619791671875 0.5097222218749999 0.35703125 0.5046296296875 0.3372395828125 0.50555555625 0.3328125 0.5097222218749999 0.3348958328125 0.5245370375 0.33203125 0.5314814812499999 0.2971354171875 0.5370370375 0.28828125 0.559259259375 0.2763020828125 0.565740740625 0.27109375 0.5629629625 0.2697916671875 0.558796296875 0.26640625 0.5296296296875 0.24453125 0.5351851859375001 0.23932291718749998 0.5305555562500001 0.23541666718749998 0.5356481484375 0.2338541671875 0.54305555625 0.23541666718749998 0.56898148125 0.22760416718749998 0.578240740625 0.2270833328125 0.6013888890625 0.2296875 0.6199074078125 0.23203125 0.6240740734375 0.23932291718749998 0.6240740734375 0.24114583281250002 0.628240740625 0.24322916718749998 0.6541666671875 0.2453125 0.6625 0.2479166671875 0.6643518515625 0.2591145828125 0.6564814812499999 0.26328125 0.6574074078125001 0.2669270828125 0.6638888890625 0.27421875 0.6583333328125
3 0.50859375 0.097222221875 0.5036458328125 0.103240740625 0.5026041671875 0.11805555625 0.5059895828125 0.12592592656249998 0.5125 0.1273148140625 0.5171875 0.1208333328125 0.5182291671875 0.10787037031249999 0.5138020828125 0.0981481484375 0.50859375 0.097222221875
0 0.5872395828125 0.127777778125 0.5817708328125 0.1384259265625 0.5817708328125 0.1476851859375 0.5861979171875 0.15648148125 0.5916666671875 0.15694444375 0.596875 0.1495370375 0.5979166671875 0.13935185156250002 0.5940104171875 0.12870370312499999 0.5872395828125 0.127777778125
3 0.55234375 0.3574074078125 0.5453125 0.3671296296875 0.5453125 0.3763888890625 0.5486979171875 0.384259259375 0.5541666671875001 0.3856481484375 0.559375 0.38101851875000003 0.5614583328125 0.36805555624999997 0.55703125 0.3583333328125 0.55234375 0.3574074078125
3 0.60703125 0.46481481406249997 0.6010416671875001 0.471759259375 0.6 0.4828703703125 0.60390625 0.49259259218749996 0.6083333328125 0.49398148124999997 0.6145833328125 0.48842592656250006 0.6161458328125 0.47453703750000004 0.61328125 0.4675925921875 0.60703125 0.46481481406249997
3 0.5153645828125 0.45277777812500003 0.51015625 0.4546296296875 0.50625 0.466203703125 0.5072916671875001 0.4754629625 0.5140625 0.48194444374999995 0.5190104171875001 0.478703703125 0.521875 0.471759259375 0.5213541671875 0.459722221875 0.5153645828125 0.45277777812500003
3 0.52109375 0.4768518515625 0.5151041671875001 0.4828703703125 0.5140625 0.496759259375 0.51796875 0.5046296296875 0.5234375 0.5050925921875 0.5291666671875 0.4986111109375 0.5296875 0.4865740734375 0.5263020828125 0.4796296296875 0.52109375 0.4768518515625
3 0.4908854171875 0.5574074078125 0.48541666718750004 0.565277778125 0.4848958328125 0.5745370375000001 0.4888020828125 0.584259259375 0.49427083281249995 0.5856481484375 0.5005208328124999 0.5773148140625 0.5 0.5643518515625 0.49713541718750004 0.5583333328125 0.4908854171875 0.5574074078125
3 0.49036458281249995 0.6268518515625 0.4838541671875 0.6356481484375001 0.48333333281249996 0.64305555625 0.48671875 0.6537037031249999 0.4916666671875 0.6560185187500001 0.4984375 0.6495370375 0.4994791671875 0.6393518515625 0.4955729171875 0.628703703125 0.49036458281249995 0.6268518515625
3 0.18671875 0.3120370375 0.18125 0.31898148125 0.18020833281249998 0.3291666671875 0.18307291718750002 0.3379629625 0.1895833328125 0.3421296296875 0.19609375 0.33888888906250003 0.1994791671875 0.32824074062499997 0.1950520828125 0.3148148140625 0.18671875 0.3120370375
3 0.74140625 0.615740740625 0.7354166671875 0.6208333328125 0.7338541671875001 0.6347222218749999 0.7377604171875001 0.6425925921875 0.74375 0.64398148125 0.7494791671875001 0.6375 0.7505208328124999 0.6273148140625 0.74765625 0.61944444375 0.74140625 0.615740740625
3 0.5611979171875 0.9009259265624999 0.5549479171875 0.9018518515625 0.5505208328125 0.9115740734375001 0.5515625 0.9254629624999999 0.5572916671875 0.93194444375 0.5638020828125 0.9296296296875 0.5666666671875 0.9208333328125 0.5661458328125 0.909722221875 0.5611979171875 0.9009259265624999