3 0.49713541718750004 0.097222221875 0.49114583281249996 0.103240740625 0.4895833328125 0.11898148125 0.49296875 0.1268518515625 0.4984375 0.1291666671875 0.5052083328125 0.11898148125 0.5052083328125 0.109722221875 0.5018229171875 0.1 0.49713541718750004 0.097222221875
3 0.6596354171875001 0.13888888906250002 0.6557291671875001 0.14861111093749999 0.65625 0.1606481484375 0.6611979171875 0.1666666671875 0.6666666671875 0.166203703125 0.6708333328125 0.1606481484375 0.6713541671875001 0.1421296296875 0.6669270828125 0.13703703750000001 0.6596354171875001 0.13888888906250002
3 0.80703125 0.1324074078125 0.8026041671874999 0.13935185156250002 0.8015625 0.1504629625 0.8044270828125001 0.1583333328125 0.8119791671875 0.15972222187500001 0.8171875 0.1513888890625 0.8182291671874999 0.140277778125 0.8153645828125 0.13333333281249998 0.80703125 0.1324074078125
3 0.78828125 0.1620370375 0.7828125 0.1699074078125 0.7817708328124999 0.18101851875 0.78515625 0.1888888890625 0.7927083328125 0.1893518515625 0.7979166671875 0.1800925921875 0.7979166671875 0.16805555625 0.7950520828125 0.1629629625 0.78828125 0.1620370375
3 0.8049479171874999 0.2203703703125 0.79921875 0.2203703703125 0.7932291671875 0.23009259218749997 0.7942708328125 0.24305555625 0.8015625 0.2476851859375 0.80703125 0.24444444375000002 0.8098958328125001 0.23472222187499997 0.8083333328125001 0.2236111109375 0.8049479171874999 0.2203703703125
3 0.81171875 0.3768518515625 0.8057291671875 0.384722221875 0.8052083328125 0.3958333328125 0.8091145828125 0.40277777812500004 0.8161458328125001 0.40416666718750005 0.8203125 0.3986111109375 0.821875 0.3865740734375 0.81796875 0.377777778125 0.81171875 0.3768518515625
3 0.7169270828125 0.43148148124999997 0.7109375 0.4384259265625 0.7098958328125 0.44768518593750006 0.7138020828125 0.4574074078125 0.71875 0.458796296875 0.7260416671875001 0.4513888890625 0.7265625 0.44305555625000004 0.7221354171875001 0.43240740781250003 0.7169270828125 0.43148148124999997
3 0.52578125 0.6 0.5213541671875 0.60694444375 0.5208333328125 0.6208333328125 0.5252604171875 0.627777778125 0.5307291671875001 0.6273148140625 0.5354166671875 0.61898148125 0.5354166671875 0.6078703703125 0.5315104171875 0.6009259265625 0.52578125 0.6
3 0.50234375 0.89444444375 0.49635416718750003 0.903240740625 0.49583333281249997 0.9143518515625001 0.49921875 0.9240740734375 0.50625 0.9263888890624999 0.5109375 0.9199074078124999 0.5125 0.9060185187500001 0.50859375 0.896296296875 0.50234375 0.89444444375
3 0.7846354171875001 0.7481481484375 0.7802083328125 0.7597222218749999 0.78125 0.76805555625 0.7856770828124999 0.775 0.7921875 0.7754629625 0.7973958328124999 0.76898148125 0.7973958328124999 0.7569444437499999 0.7924479171875001 0.7481481484375 0.7846354171875001 0.7481481484375
3 0.8044270828125001 0.796296296875 0.8005208328125001 0.8023148140625 0.8005208328125001 0.815277778125 0.8059895828125001 0.8240740734375 0.8119791671875 0.8245370375000001 0.8166666671874999 0.81805555625 0.8161458328125001 0.8023148140625 0.8111979171874999 0.796296296875 0.8044270828125001 0.796296296875
0 0.8080729171875 0.897222221875 0.8036458328125 0.9069444437499999 0.8046875 0.91898148125 0.80859375 0.925 0.8166666671874999 0.9263888890624999 0.8213541671875 0.9199074078124999 0.8203125 0.9023148140625 0.8158854171875 0.896296296875 0.8080729171875 0.897222221875
1 0.7807291671875001 0.79398148125 0.7776041671875 0.7773148140624999 0.7791666671875 0.766203703125 0.7755208328125 0.7523148140625 0.78125 0.7328703703125 0.7807291671875001 0.7273148140625 0.77734375 0.7231481484375 0.7684895828125 0.725 0.7661458328124999 0.7208333328125 0.7520833328125 0.6875 0.7473958328125 0.6634259265625 0.7369791671875 0.6458333328125 0.7364583328125 0.641203703125 0.7416666671875001 0.6375 0.7489583328125 0.6152777781250001 0.7442708328125 0.6078703703125 0.7390625 0.5865740734375 0.72265625 0.5722222218749999 0.7143229171875001 0.575 0.7096354171875 0.5851851859375 0.70078125 0.5898148140624999 0.6932291671875 0.5995370375 0.6890625 0.6199074078125 0.6744791671875 0.6486111109375 0.6770833328125 0.6578703703125 0.6744791671875 0.671759259375 0.6830729171875001 0.672222221875 0.6901041671875 0.683796296875 0.6859375 0.7041666671875 0.690625 0.7115740734375 0.6807291671875 0.7189814812499999 0.6760416671875 0.73194444375 0.6770833328125 0.7393518515624999 0.6807291671875 0.7495370375 0.6903645828125 0.7638888890625 0.6966145828125 0.7629629625 0.70234375 0.7546296296875 0.7041666671875 0.7569444437499999 0.7072916671875 0.7736111109375 0.7203125 0.7949074078125 0.7130208328125 0.808796296875 0.7239583328125 0.8263888890625 0.72421875 0.83055555625 0.7276041671875 0.8300925921875001 0.725 0.8226851859375 0.7299479171875001 0.8101851859375 0.7388020828124999 0.8351851859374999 0.74765625 0.8333333328125001 0.7533854171875001 0.8259259265625 0.7690104171875001 0.8638888890624999 0.7791666671875 0.866203703125 0.7875 0.8523148140625001 0.7869791671875 0.8439814812499999 0.7765625 0.809722221875 0.7807291671875001 0.79398148125