3 0.23307291718749998 0.272222221875 0.23125 0.28379629687499996 0.23333333281250002 0.2921296296875 0.23828125 0.29814814843750004 0.24479166718749998 0.2976851859375 0.25 0.2865740734375 0.2479166671875 0.27453703749999997 0.2403645828125 0.2675925921875 0.23307291718749998 0.272222221875
3 0.45078125 0.1361111109375 0.446875 0.141203703125 0.4453125 0.1541666671875 0.4497395828125 0.1648148140625 0.45520833281249995 0.166203703125 0.45989583281249996 0.1606481484375 0.4609375 0.1458333328125 0.45807291718750004 0.13888888906250002 0.45078125 0.1361111109375
3 0.54765625 0.12870370312499999 0.5416666671875 0.1356481484375 0.540625 0.1476851859375 0.5450520828125 0.1583333328125 0.55 0.15879629687500002 0.5552083328124999 0.1523148140625 0.55625 0.13935185156250002 0.5528645828125 0.13055555624999998 0.54765625 0.12870370312499999
3 0.74140625 0.11574074062499999 0.7359375 0.1226851859375 0.734375 0.134722221875 0.7372395828125 0.1425925921875 0.74375 0.14398148125000002 0.7484375 0.13935185156250002 0.7505208328124999 0.1263888890625 0.7466145828124999 0.1166666671875 0.74140625 0.11574074062499999
3 0.6768229171875 0.28611111093749997 0.6713541671875001 0.29305555625 0.6697916671875 0.3013888890625 0.6736979171875 0.3129629625 0.6796875 0.3143518515625 0.6854166671875 0.30694444375 0.6864583328125 0.2995370375 0.6825520828125 0.2870370375 0.6768229171875 0.28611111093749997
3 0.6325520828125 0.425 0.6270833328125 0.4328703703125 0.6265625 0.44305555625000004 0.6299479171875 0.4509259265625 0.6364583328125 0.45231481406249996 0.6421875 0.4458333328125 0.6427083328125 0.434722221875 0.6393229171875 0.4268518515625 0.6325520828125 0.425
3 0.65859375 0.575 0.653125 0.58101851875 0.6520833328125 0.5939814812499999 0.6559895828125 0.602777778125 0.6614583328125 0.6041666671875 0.6671875 0.5986111109375 0.6682291671875 0.584722221875 0.6653645828125 0.577777778125 0.65859375 0.575
3 0.42786458281249995 0.5 0.4234375 0.50601851875 0.4223958328125 0.5171296296875 0.4263020828125 0.5268518515625 0.4328125 0.528240740625 0.4375 0.5226851859375 0.43854166718750004 0.508796296875 0.43359375 0.5 0.42786458281249995 0.5
3 0.44921875 0.3740740734375 0.44375 0.383796296875 0.44427083281249996 0.3921296296875 0.44765625 0.4 0.453125 0.40138888906250003 0.45885416718750005 0.3958333328125 0.45989583281249996 0.383796296875 0.45494791718750005 0.3740740734375 0.44921875 0.3740740734375
3 0.6278645828125 0.63055555625 0.6234375 0.6384259265625001 0.6234375 0.6495370375 0.6278645828125 0.6574074078125001 0.6333333328124999 0.6578703703125 0.6385416671875 0.6504629625 0.6385416671875 0.6393518515625 0.63359375 0.63055555625 0.6278645828125 0.63055555625
3 0.59609375 0.6666666671875 0.5921875 0.6736111109375 0.5921875 0.6865740734375 0.5966145828125 0.69351851875 0.6020833328124999 0.69398148125 0.60625 0.6884259265625 0.6072916671875 0.6763888890625 0.60234375 0.6666666671875 0.59609375 0.6666666671875
0 0.75234375 0.709259259375 0.7484375 0.715277778125 0.7479166671875 0.7273148140625 0.75234375 0.7361111109375 0.7588541671875 0.7375 0.7635416671875 0.7328703703125 0.7645833328125 0.7208333328125 0.7606770828125 0.7111111109375 0.75234375 0.709259259375