0 0.43194444444444446 0.6027777777777777 0.04861111111111111 0.02361111111111111
0 0.4798611111111111 0.47430555555555554 0.04722222222222222 0.02013888888888889
0 0.3819444444444444 0.3597222222222222 0.04027777777777778 0.01875
3 0.53125 0.2611111111111111 0.03888888888888889 0.01875
3 0.16944444444444445 0.2881944444444444 0.03888888888888889 0.01875
3 0.7069444444444445 0.33541666666666664 0.03888888888888889 0.01875
3 0.5972222222222222 0.3958333333333333 0.04375 0.02013888888888889
3 0.08958333333333333 0.38819444444444445 0.04722222222222222 0.02013888888888889
3 0.2298611111111111 0.42916666666666664 0.04375 0.02013888888888889
3 0.3819444444444444 0.49236111111111114 0.04375 0.022222222222222223
3 0.5319444444444444 0.49027777777777776 0.04375 0.02013888888888889
3 0.6861111111111111 0.44513888888888886 0.04375 0.02013888888888889
3 0.7895833333333333 0.4798611111111111 0.04375 0.022222222222222223
3 0.9333333333333333 0.49722222222222223 0.04513888888888889 0.022222222222222223
3 0.8888888888888888 0.5208333333333334 0.04513888888888889 0.02013888888888889
3 0.7243055555555555 0.5381944444444444 0.04236111111111111 0.02013888888888889