3 0.7430555555555556 0.61875 0.059722222222222225 0.025
3 0.64375 0.6277777777777778 0.05486111111111111 0.025
3 0.44583333333333336 0.5902777777777778 0.05277777777777778 0.025
3 0.6361111111111111 0.5569444444444445 0.05486111111111111 0.025
3 0.6041666666666666 0.49583333333333335 0.05 0.022222222222222223
3 0.37083333333333335 0.4951388888888889 0.05 0.022222222222222223
3 0.24722222222222223 0.4576388888888889 0.04861111111111111 0.02361111111111111
3 0.24444444444444444 0.37222222222222223 0.04375 0.022222222222222223
3 0.2125 0.31319444444444444 0.04236111111111111 0.01875
3 0.4444444444444444 0.24791666666666667 0.04236111111111111 0.02013888888888889
3 0.83125 0.2916666666666667 0.04375 0.02013888888888889
3 0.8638888888888889 0.4 0.04861111111111111 0.022222222222222223
3 0.6458333333333334 0.42430555555555555 0.04722222222222222 0.022222222222222223
0 0.4979166666666667 0.3472222222222222 0.04375 0.022222222222222223
0 0.3576388888888889 0.4673611111111111 0.04861111111111111 0.022222222222222223
0 0.075 0.5631944444444444 0.05625 0.025