0 0.16458333333333333 0.5076388888888889 0.04375 0.01875
0 0.42430555555555555 0.48541666666666666 0.04236111111111111 0.01875
0 0.6638888888888889 0.40208333333333335 0.04513888888888889 0.01875
3 0.7763888888888889 0.2798611111111111 0.04375 0.02013888888888889
3 0.49583333333333335 0.30694444444444446 0.04236111111111111 0.02013888888888889
3 0.45069444444444445 0.375 0.04236111111111111 0.01875
3 0.36041666666666666 0.45625 0.03888888888888889 0.015277777777777777
3 0.4027777777777778 0.5104166666666666 0.04236111111111111 0.01875
3 0.5513888888888889 0.5583333333333333 0.03888888888888889 0.01875
3 0.6451388888888889 0.5055555555555555 0.04375 0.01875
3 0.8611111111111112 0.5319444444444444 0.04861111111111111 0.01875
3 0.3576388888888889 0.5958333333333333 0.04027777777777778 0.02013888888888889
3 0.5055555555555555 0.6097222222222223 0.04375 0.01875
3 0.4395833333333333 0.6576388888888889 0.04236111111111111 0.01875
3 0.50625 0.6722222222222223 0.04722222222222222 0.022222222222222223