3 0.5479166666666667 0.80625 0.05486111111111111 0.027777777777777776
3 0.9673611111111111 0.7194444444444444 0.05486111111111111 0.02361111111111111
3 0.29583333333333334 0.6861111111111111 0.05 0.02361111111111111
3 0.42083333333333334 0.5902777777777778 0.04861111111111111 0.02361111111111111
3 0.9375 0.5756944444444444 0.04861111111111111 0.02013888888888889
3 0.7763888888888889 0.5375 0.04375 0.02013888888888889
3 0.32013888888888886 0.5326388888888889 0.04861111111111111 0.02013888888888889
3 0.2125 0.5013888888888889 0.04861111111111111 0.022222222222222223
3 0.06666666666666667 0.4861111111111111 0.05 0.022222222222222223
3 0.12013888888888889 0.46111111111111114 0.04513888888888889 0.022222222222222223
3 0.2826388888888889 0.44305555555555554 0.04027777777777778 0.01875
3 0.4666666666666667 0.4826388888888889 0.04375 0.02013888888888889
3 0.6020833333333333 0.4791666666666667 0.04375 0.02013888888888889
0 0.5229166666666667 0.3902777777777778 0.04236111111111111 0.022222222222222223
0 0.5222222222222223 0.4979166666666667 0.04375 0.02013888888888889
0 0.6708333333333333 0.6291666666666667 0.04722222222222222 0.02361111111111111