0 0.6173611111111111 0.5173611111111112 0.03888888888888889 0.01875
0 0.3388888888888889 0.5479166666666667 0.04236111111111111 0.01875
0 0.052083333333333336 0.5263888888888889 0.04375 0.02013888888888889
3 0.51875 0.4270833333333333 0.034722222222222224 0.017361111111111112
3 0.7618055555555555 0.44930555555555557 0.03611111111111111 0.015277777777777777
3 0.4388888888888889 0.4666666666666667 0.0375 0.017361111111111112
3 0.3 0.5138888888888888 0.03888888888888889 0.01875
3 0.3 0.5652777777777778 0.04236111111111111 0.02013888888888889
3 0.5458333333333333 0.5972222222222222 0.04236111111111111 0.02013888888888889
3 0.9208333333333333 0.5791666666666667 0.04236111111111111 0.01875
3 0.7368055555555556 0.6513888888888889 0.04722222222222222 0.02013888888888889
3 0.41805555555555557 0.6305555555555555 0.04513888888888889 0.02013888888888889
3 0.17708333333333334 0.6375 0.04861111111111111 0.02013888888888889
3 0.32708333333333334 0.6736111111111112 0.05 0.022222222222222223
3 0.20972222222222223 0.7138888888888889 0.05138888888888889 0.02361111111111111
3 0.2743055555555556 0.7416666666666667 0.05138888888888889 0.02361111111111111