0 0.7625 0.5597222222222222 0.05 0.022222222222222223
0 0.48680555555555555 0.47291666666666665 0.04236111111111111 0.02013888888888889
0 0.37430555555555556 0.375 0.03888888888888889 0.01875
3 0.9423611111111111 0.4638888888888889 0.04722222222222222 0.02013888888888889
3 0.7604166666666666 0.46041666666666664 0.04513888888888889 0.02013888888888889
3 0.5423611111111111 0.44166666666666665 0.04513888888888889 0.02013888888888889
3 0.4222222222222222 0.46944444444444444 0.04513888888888889 0.02013888888888889
3 0.20694444444444443 0.4701388888888889 0.04861111111111111 0.02013888888888889
3 0.07013888888888889 0.5180555555555556 0.04722222222222222 0.02013888888888889
3 0.04375 0.5506944444444445 0.05 0.022222222222222223
3 0.20208333333333334 0.5354166666666667 0.04513888888888889 0.022222222222222223
3 0.33819444444444446 0.5451388888888888 0.04722222222222222 0.02013888888888889
3 0.49583333333333335 0.5756944444444444 0.05 0.022222222222222223
3 0.4826388888888889 0.6895833333333333 0.05138888888888889 0.025
3 0.8451388888888889 0.7451388888888889 0.05486111111111111 0.02638888888888889