3 0.3298611111111111 0.7416666666666667 0.05486111111111111 0.027777777777777776
3 0.6826388888888889 0.6902777777777778 0.05486111111111111 0.025
3 0.6951388888888889 0.6027777777777777 0.05138888888888889 0.02361111111111111
3 0.03888888888888889 0.5895833333333333 0.04722222222222222 0.02361111111111111
3 0.19722222222222222 0.4791666666666667 0.04375 0.02013888888888889
3 0.7493055555555556 0.5131944444444444 0.04513888888888889 0.02013888888888889
3 0.6673611111111111 0.46805555555555556 0.04375 0.02013888888888889
3 0.4930555555555556 0.4388888888888889 0.04236111111111111 0.01875
3 0.41458333333333336 0.4875 0.04027777777777778 0.02013888888888889
3 0.5201388888888889 0.39861111111111114 0.03888888888888889 0.017361111111111112
3 0.6680555555555555 0.39791666666666664 0.04027777777777778 0.017361111111111112
3 0.5638888888888889 0.36180555555555555 0.04236111111111111 0.01875
3 0.49930555555555556 0.35833333333333334 0.03888888888888889 0.01875
0 0.42569444444444443 0.5868055555555556 0.04722222222222222 0.022222222222222223
0 0.6597222222222222 0.4895833333333333 0.04722222222222222 0.022222222222222223
0 0.9319444444444445 0.45208333333333334 0.04722222222222222 0.022222222222222223