3 0.9326388888888889 0.43125 0.04375 0.01875
3 0.6416666666666667 0.32430555555555557 0.04375 0.02013888888888889
3 0.3902777777777778 0.36875 0.04027777777777778 0.01875
3 0.3861111111111111 0.4388888888888889 0.03888888888888889 0.01875
3 0.34375 0.5263888888888889 0.04027777777777778 0.01875
3 0.6520833333333333 0.54375 0.03888888888888889 0.017361111111111112
3 0.8611111111111112 0.5472222222222223 0.04236111111111111 0.017361111111111112
3 0.41944444444444445 0.5756944444444444 0.04375 0.02013888888888889
3 0.5944444444444444 0.6048611111111111 0.04375 0.02013888888888889
3 0.5819444444444445 0.6604166666666667 0.04236111111111111 0.02013888888888889
3 0.4270833333333333 0.6652777777777777 0.04236111111111111 0.02013888888888889
3 0.5451388888888888 0.7180555555555556 0.04236111111111111 0.02013888888888889
3 0.6208333333333333 0.7222222222222222 0.04513888888888889 0.02013888888888889
0 0.1673611111111111 0.6013888888888889 0.04375 0.01875
0 0.4236111111111111 0.5486111111111112 0.04513888888888889 0.01875
0 0.6104166666666667 0.44513888888888886 0.04027777777777778 0.01875