0 0.7423611111111111 0.9527777777777777 0.025 0.03194444444444444
0 0.7402777777777778 0.5138888888888888 0.022916666666666665 0.029166666666666667
3 0.8597222222222223 0.71875 0.02361111111111111 0.02847222222222222
3 0.46875 0.9347222222222222 0.025 0.035416666666666666
0 0.7305555555555555 0.9736111111111111 0.02638888888888889 0.030555555555555555
3 0.7097222222222223 0.89375 0.025 0.03333333333333333
3 0.12083333333333333 0.5416666666666666 0.025 0.027083333333333334
3 0.18263888888888888 0.45694444444444443 0.025 0.029166666666666667
3 0.1763888888888889 0.4847222222222222 0.02361111111111111 0.03125
3 0.15694444444444444 0.22361111111111112 0.022222222222222223 0.03125
3 0.1125 0.6576388888888889 0.022916666666666665 0.02847222222222222
0 0.15416666666666667 0.7819444444444444 0.025694444444444443 0.03263888888888889
1 0.3359375 0.4979166666666667 0.303125 0.49375 0.234375 0.5041666666666667 0.21875 0.51875 0.196875 0.5208333333333334 0.190625 0.53125 0.159375 0.53125 0.15 0.54375 0.15 0.5583333333333333 0.1578125 0.56875 0.1859375 0.56875 0.2140625 0.5791666666666667 0.2234375 0.5854166666666667 0.2265625 0.5979166666666667 0.284375 0.6 0.290625 0.6041666666666666 0.29375 0.61875 0.325 0.61875 0.3265625 0.60625 0.3375 0.6020833333333333 0.340625 0.59375 0.378125 0.59375 0.378125 0.5729166666666666 0.3875 0.5520833333333334 0.3875 0.5354166666666667 0.38125 0.5229166666666667 0.3796875 0.4895833333333333 0.365625 0.49166666666666664 0.3609375 0.48541666666666666 0.35625 0.49166666666666664 0.3375 0.4895833333333333 0.3359375 0.4979166666666667
2 0.15170945972222222 0.5551480041666667 0.15420904444444444 0.5624835847222223 0.15933320138888887 0.5671516583333334 0.1723310361111111 0.5666515208333334 0.18770348611111112 0.5666515208333334 0.18782846388888888 0.5316408499999999 0.17395576944444444 0.5313074125 0.15987499722222223 0.5310833333333334 0.1557088013888889 0.534308325 0.15158448055555557 0.5431443541666667 0.15170945972222222 0.5551480041666667