0 0.125 0.6027777777777777 0.02638888888888889 0.03125
3 0.08819444444444445 0.5729166666666666 0.02638888888888889 0.03125
0 0.15625 0.3541666666666667 0.025 0.03333333333333333
3 0.18263888888888888 0.12291666666666666 0.02638888888888889 0.0375
3 0.08472222222222223 0.4513888888888889 0.025 0.03333333333333333
0 0.42291666666666666 0.7819444444444444 0.03125 0.03958333333333333
3 0.15833333333333333 0.27291666666666664 0.029861111111111113 0.035416666666666666
3 0.09027777777777778 0.3729166666666667 0.025 0.029166666666666667
3 0.6118055555555556 0.5888888888888889 0.02638888888888889 0.035416666666666666
3 0.6006944444444444 0.3729166666666667 0.02361111111111111 0.029166666666666667
1 0.7078125 0.3104166666666667 0.6609375 0.3020833333333333 0.6546875 0.33541666666666664 0.70625 0.35 0.728125 0.38958333333333334 0.78125 0.4041666666666667 0.7796875 0.42916666666666664 0.790625 0.4375 0.8109375 0.4375 0.8171875 0.4166666666666667 0.840625 0.42083333333333334 0.8453125 0.4166666666666667 0.85 0.39791666666666664 0.8265625 0.3875 0.825 0.375 0.8734375 0.3770833333333333 0.8734375 0.3645833333333333 0.859375 0.3416666666666667 0.859375 0.32708333333333334 0.8484375 0.3125 0.74375 0.2916666666666667 0.73125 0.3020833333333333 0.715625 0.3 0.7078125 0.3104166666666667
2 0.6561438916666666 0.3349409388888889 0.6635176680555556 0.3374417 0.6743908611111111 0.3399424611111111 0.6870137625 0.3426099444444444 0.6978869625 0.34444383333333334 0.7036360152777777 0.3112670708333333 0.6896383347222222 0.3074325652777778 0.6762655486111111 0.30409821666666664 0.6647674625 0.3014307402777778 0.6601874972222223 0.3037916666666666 0.6566438111111111 0.31476813333333337 0.6558939375 0.3242710277777778 0.6561438916666666 0.3349409388888889