0 0.8965277777777778 0.65 0.02847222222222222 0.03194444444444444
3 0.9680555555555556 0.8972222222222223 0.021527777777777778 0.029861111111111113
3 0.5416666666666666 0.9388888888888889 0.021527777777777778 0.029166666666666667
0 0.28541666666666665 0.6638888888888889 0.025 0.029166666666666667
3 0.3993055555555556 0.14583333333333334 0.01875 0.029166666666666667
3 0.27291666666666664 0.5333333333333333 0.022222222222222223 0.029166666666666667
3 0.3763888888888889 0.3736111111111111 0.01875 0.027083333333333334
3 0.7798611111111111 0.99375 0.03125 0.0125
3 0.30416666666666664 0.42777777777777776 0.02013888888888889 0.029166666666666667
3 0.3645833333333333 0.3993055555555556 0.018055555555555554 0.02361111111111111
1 0.3625 0.48333333333333334 0.390625 0.525 0.4359375 0.55 0.446875 0.56875 0.4703125 0.58125 0.478125 0.56875 0.509375 0.5666666666666667 0.5359375 0.5833333333333334 0.54375 0.5583333333333333 0.55625 0.5458333333333333 0.5609375 0.53125 0.5609375 0.4791666666666667 0.553125 0.4791666666666667 0.55 0.4708333333333333 0.5375 0.47291666666666665 0.5234375 0.46458333333333335 0.521875 0.475 0.515625 0.47708333333333336 0.4890625 0.45625 0.446875 0.44375 0.415625 0.4395833333333333 0.39375 0.44583333333333336 0.3796875 0.4395833333333333 0.3671875 0.44583333333333336 0.3375 0.4354166666666667 0.3296875 0.4479166666666667 0.33125 0.46875 0.3625 0.48333333333333334
2 0.3307388277777778 0.45105721388888886 0.3303638875 0.46106025833333336 0.33286347222222223 0.465561625 0.34311176666666665 0.4692294083333333 0.3516103597222222 0.47323062916666664 0.3619836402777778 0.47706514166666664 0.3691074541666666 0.4458889708333333 0.3512354166666667 0.43888684027777775 0.3419062472222222 0.4350416666666667 0.3374877 0.4368862375 0.33298844861111115 0.4428880583333334 0.3307388277777778 0.45105721388888886