0 0.8270833333333333 0.4201388888888889 0.020833333333333332 0.025694444444444443
0 0.7895833333333333 0.8680555555555556 0.022916666666666665 0.02847222222222222
3 0.5111111111111111 0.8125 0.02013888888888889 0.027777777777777776
3 0.9243055555555556 0.6479166666666667 0.021527777777777778 0.027777777777777776
3 0.7590277777777777 0.8069444444444445 0.021527777777777778 0.027083333333333334
0 0.2048611111111111 0.6222222222222222 0.022222222222222223 0.027083333333333334
0 0.7673611111111112 0.8652777777777778 0.020833333333333332 0.029861111111111113
3 0.16527777777777777 0.49444444444444446 0.021527777777777778 0.027083333333333334
3 0.17708333333333334 0.37569444444444444 0.020833333333333332 0.027083333333333334
3 0.23472222222222222 0.32430555555555557 0.02013888888888889 0.024305555555555556
3 0.2423611111111111 0.2951388888888889 0.019444444444444445 0.02638888888888889
3 0.22152777777777777 0.04027777777777778 0.020833333333333332 0.027083333333333334
1 0.321875 0.34791666666666665 0.2890625 0.35208333333333336 0.278125 0.3645833333333333 0.253125 0.3645833333333333 0.2484375 0.3729166666666667 0.215625 0.36875 0.2078125 0.3770833333333333 0.20625 0.39375 0.2125 0.4083333333333333 0.2640625 0.42083333333333334 0.284375 0.4479166666666667 0.34375 0.45416666666666666 0.35 0.47708333333333336 0.38125 0.48125 0.3828125 0.4666666666666667 0.3984375 0.45625 0.4390625 0.4625 0.4421875 0.43125 0.4515625 0.4166666666666667 0.4453125 0.35208333333333336 0.4328125 0.35208333333333336 0.4296875 0.34375 0.409375 0.35 0.4015625 0.34375 0.4 0.35625 0.3796875 0.34791666666666665 0.321875 0.34791666666666665
2 0.20780383055555557 0.390936425 0.20880366805555556 0.39910557500000005 0.21217810416666666 0.4054408416666667 0.2269256611111111 0.4069412958333333 0.24367288194444445 0.4094420555555555 0.24542259305555553 0.3735978111111111 0.2296752 0.37126377083333334 0.21503124722222222 0.36941666666666667 0.21142823055555557 0.3737645333333333 0.20855371388888888 0.3805999430555555 0.20780383055555557 0.390936425