3 0.975 0.9875 0.02361111111111111 0.025
3 0.5402777777777777 0.9645833333333333 0.025 0.0375
0 0.2972222222222222 0.6430555555555556 0.027777777777777776 0.03333333333333333
0 0.94375 0.73125 0.03125 0.0375
3 0.33125 0.3861111111111111 0.02013888888888889 0.03125
3 0.46041666666666664 0.06666666666666667 0.022222222222222223 0.035416666666666666
3 0.28958333333333336 0.4986111111111111 0.022222222222222223 0.03125
3 0.4152777777777778 0.3388888888888889 0.022222222222222223 0.03125
3 0.4 0.3638888888888889 0.021527777777777778 0.02847222222222222
1 0.3921875 0.4625 0.4234375 0.5166666666666667 0.4671875 0.5520833333333334 0.4765625 0.5708333333333333 0.5 0.5854166666666667 0.5109375 0.5791666666666667 0.540625 0.5895833333333333 0.540625 0.6041666666666666 0.5546875 0.6083333333333333 0.5671875 0.625 0.575 0.625 0.5828125 0.6041666666666666 0.6046875 0.5833333333333334 0.609375 0.5625 0.6046875 0.54375 0.6125 0.51875 0.584375 0.50625 0.578125 0.49583333333333335 0.5671875 0.5 0.5453125 0.475 0.546875 0.4666666666666667 0.521875 0.45 0.503125 0.45416666666666666 0.4875 0.4479166666666667 0.4640625 0.42916666666666664 0.4078125 0.425 0.36875 0.4041666666666667 0.3578125 0.42291666666666666 0.359375 0.4375 0.3921875 0.4625
2 0.35952092222222226 0.42101280416666664 0.3590210125 0.43101585 0.3630203430555555 0.43718439583333335 0.3736435805555555 0.44451995833333335 0.3826420833333333 0.44985491666666666 0.3928903875 0.4568570625 0.4047634152777778 0.4245138666666667 0.39501502916666664 0.41751174305555555 0.3826420833333333 0.40867571666666663 0.37315624722222224 0.40399999999999997 0.36764457361111114 0.40700854166666667 0.36214549305555555 0.41251022083333333 0.35952092222222226 0.42101280416666664