0 0.17430555555555555 0.6013888888888889 0.02638888888888889 0.03333333333333333
3 0.16180555555555556 0.31875 0.022222222222222223 0.027083333333333334
3 0.16111111111111112 0.28125 0.022222222222222223 0.029166666666666667
0 0.1375 0.6340277777777777 0.021527777777777778 0.02638888888888889
3 0.11875 0.30833333333333335 0.02013888888888889 0.029166666666666667
3 0.10138888888888889 0.28541666666666665 0.01875 0.03125
0 0.12430555555555556 0.28402777777777777 0.027083333333333334 0.022916666666666665
0 0.1625 0.6277777777777778 0.02361111111111111 0.029861111111111113
3 0.11666666666666667 0.2611111111111111 0.022222222222222223 0.022916666666666665
1 0.8765625 0.37395833333333334 0.8796875 0.35104166666666664 0.86328125 0.325 0.84296875 0.3333333333333333 0.77265625 0.21041666666666667 0.76171875 0.20416666666666666 0.74921875 0.21041666666666667 0.74296875 0.18125 0.73046875 0.18125 0.70859375 0.14375 0.69296875 0.14583333333333334 0.684375 0.16770833333333332 0.7078125 0.209375 0.709375 0.23645833333333333 0.703125 0.26145833333333335 0.728125 0.328125 0.7171875 0.34270833333333334 0.7171875 0.3614583333333333 0.72890625 0.3770833333333333 0.74921875 0.3645833333333333 0.76015625 0.37916666666666665 0.78984375 0.38125 0.8 0.421875 0.809375 0.42604166666666665 0.83203125 0.41041666666666665 0.84609375 0.41458333333333336 0.85546875 0.4083333333333333 0.8765625 0.37395833333333334
2 0.6947767263888889 0.18809071388888887 0.7013302402777778 0.20128961944444446 0.7236893 0.1759202875 0.7137947680555555 0.157921775 0.7077552583333333 0.1462655972222222 0.7015872375 0.143008725 0.6952907208333333 0.14575135694444444 0.6898937097222222 0.15192227361111113 0.6848919347222222 0.15855289166666667 0.6847536972222222 0.17060644305555556 0.6900222083333334 0.1800342361111111 0.6947767263888889 0.18809071388888887