0 0.16111111111111112 0.5784722222222223 0.022916666666666665 0.027777777777777776
3 0.08472222222222223 0.4513888888888889 0.02638888888888889 0.03125
3 0.09236111111111112 0.37222222222222223 0.029861111111111113 0.03333333333333333
0 0.17430555555555555 0.6006944444444444 0.02361111111111111 0.027777777777777776
3 0.18333333333333332 0.12291666666666666 0.02638888888888889 0.0375
0 0.16180555555555556 0.6284722222222222 0.022916666666666665 0.02847222222222222
3 0.15833333333333333 0.27291666666666664 0.029861111111111113 0.035416666666666666
3 0.09791666666666667 0.16944444444444445 0.02638888888888889 0.035416666666666666
3 0.14652777777777778 0.6111111111111112 0.022222222222222223 0.02638888888888889
0 0.125 0.6305555555555555 0.022222222222222223 0.024305555555555556
3 0.5847222222222223 0.3645833333333333 0.025 0.03333333333333333
1 0.6765625 0.25833333333333336 0.68125 0.30416666666666664 0.7203125 0.33541666666666664 0.7265625 0.35833333333333334 0.7203125 0.375 0.7328125 0.39166666666666666 0.746875 0.3958333333333333 0.75625 0.3770833333333333 0.7703125 0.3875 0.8140625 0.38125 0.8140625 0.4 0.8421875 0.41875 0.853125 0.39791666666666664 0.8671875 0.39166666666666666 0.8796875 0.3729166666666667 0.8859375 0.3145833333333333 0.8625 0.29791666666666666 0.8546875 0.3125 0.840625 0.30625 0.825 0.3104166666666667 0.8234375 0.29583333333333334 0.7453125 0.22916666666666666 0.728125 0.22291666666666668 0.7078125 0.23125 0.7078125 0.21875 0.7 0.2125 0.6875 0.22083333333333333 0.6484375 0.19166666666666668 0.6390625 0.20208333333333334 0.634375 0.225 0.6765625 0.25833333333333336
2 0.6360571972222222 0.22168899861111113 0.6423115638888889 0.22743645277777777 0.650094775 0.234667125 0.6584339333333333 0.24152699444444445 0.6698307763888889 0.25042627916666665 0.6834514138888889 0.2166831472222222 0.6721935444444445 0.209267075 0.6614916194444445 0.20073859583333334 0.6542643541666666 0.19406412916666665 0.6455082347222223 0.19387872777777776 0.6415614222222222 0.19998765833333335 0.6389758986111111 0.2057444472222222 0.6361961791666666 0.21241890833333332 0.6360571972222222 0.22168899861111113