3 0.18263888888888888 0.12291666666666666 0.02638888888888889 0.0375
3 0.08472222222222223 0.4513888888888889 0.02638888888888889 0.035416666666666666
3 0.09166666666666666 0.37222222222222223 0.027777777777777776 0.03333333333333333
0 0.15694444444444444 0.3541666666666667 0.027777777777777776 0.0375
0 0.14375 0.675 0.03263888888888889 0.03958333333333333
3 0.08888888888888889 0.5736111111111111 0.029861111111111113 0.035416666666666666
3 0.1597222222222222 0.27291666666666664 0.027777777777777776 0.0375
0 0.7451388888888889 0.40208333333333335 0.01875 0.027083333333333334
3 0.6777777777777778 0.35694444444444445 0.015277777777777777 0.027083333333333334
1 0.709375 0.3145833333333333 0.659375 0.30625 0.6546875 0.3416666666666667 0.66875 0.34791666666666665 0.6879506055555555 0.35087517777777777 0.7077139430555556 0.3588203541666667 0.7171895222222222 0.37723870694444445 0.7247699916666667 0.38879532777777775 0.7374943333333333 0.3931290611111111 0.756445488888889 0.4025188347222222 0.7827063888888889 0.41046398472222223 0.7799990819444445 0.4328549194444445 0.8149233388888889 0.4368275291666667 0.8187135958333334 0.4144365666666666 0.843350073611111 0.42057605 0.8828125 0.42291666666666666 0.8875 0.4375 0.89375 0.4166666666666667 0.909375 0.4125 0.9203125 0.37083333333333335 0.909375 0.33958333333333335 0.859375 0.3229166666666667 0.853125 0.3125 0.7421875 0.29375 0.7328125 0.30416666666666664 0.7140625 0.30416666666666664 0.709375 0.3145833333333333
2 0.6592662208333333 0.3406838611111111 0.6700436611111111 0.34254436944444444 0.6855124652777778 0.3449122958333333 0.7011080527777778 0.3472802222222222 0.7033903375 0.3132835875 0.6894430611111111 0.31142307916666667 0.6739742652777777 0.30787119166666665 0.6635771986111111 0.30617981666666666 0.6585159138888889 0.30883554166666666 0.6560963847222222 0.3220787375 0.6562231847222222 0.3335800847222222 0.6592662208333333 0.3406838611111111