0 0.26319444444444445 0.61875 0.02638888888888889 0.03125
3 0.9652777777777778 0.9208333333333333 0.02361111111111111 0.03333333333333333
3 0.5277777777777778 0.9215277777777777 0.020833333333333332 0.03194444444444444
3 0.2847222222222222 0.3527777777777778 0.022222222222222223 0.029166666666666667
3 0.7652777777777777 0.9951388888888889 0.019444444444444445 0.009027777777777777
0 0.9284722222222223 0.6625 0.022916666666666665 0.03125
3 0.24930555555555556 0.4722222222222222 0.022222222222222223 0.029166666666666667
3 0.40347222222222223 0.008333333333333333 0.024305555555555556 0.016666666666666666
3 0.37083333333333335 0.29444444444444445 0.021527777777777778 0.029166666666666667
3 0.35694444444444445 0.3236111111111111 0.022916666666666665 0.029166666666666667
1 0.353125 0.425 0.3578125 0.4375 0.38125 0.45625 0.3890625 0.48333333333333334 0.4421875 0.5166666666666667 0.44375 0.53125 0.46875 0.5479166666666667 0.4828125 0.5416666666666666 0.5109375 0.5479166666666667 0.5109375 0.56875 0.5421875 0.5854166666666667 0.5484375 0.5854166666666667 0.5546875 0.5645833333333333 0.5734375 0.5479166666666667 0.5796875 0.5208333333333334 0.5734375 0.50625 0.5828125 0.47291666666666665 0.546875 0.45625 0.534375 0.4583333333333333 0.525 0.4395833333333333 0.5125 0.43333333333333335 0.5140625 0.42083333333333334 0.4859375 0.4041666666666667 0.475 0.4125 0.4203125 0.38125 0.3671875 0.3875 0.328125 0.36666666666666664 0.3171875 0.37916666666666665 0.315625 0.4 0.353125 0.425
2 0.31720844444444446 0.38130639861111115 0.31558372083333336 0.39414364166666666 0.3179583166666667 0.4009790513888889 0.3298313472222222 0.40764775 0.3418293625 0.4149833319444445 0.3527025527777778 0.42198545277777777 0.36320081111111113 0.38697479444444444 0.34120446527777776 0.3729705277777777 0.3303437472222222 0.3667083333333333 0.3254570736111111 0.3696361791666667 0.3210827986111111 0.37430426944444445 0.31720844444444446 0.38130639861111115