3 0.5048611111111111 0.9638888888888889 0.020833333333333332 0.029861111111111113
0 0.8402777777777778 0.6263888888888889 0.02013888888888889 0.027083333333333334
3 0.7472222222222222 0.9895833333333334 0.022222222222222223 0.020833333333333332
3 0.9229166666666667 0.8652777777777778 0.022222222222222223 0.027083333333333334
0 0.22083333333333333 0.7222222222222222 0.02638888888888889 0.03125
3 0.29583333333333334 0.40694444444444444 0.022222222222222223 0.03125
3 0.19791666666666666 0.5875 0.021527777777777778 0.027083333333333334
3 0.2222222222222222 0.47291666666666665 0.021527777777777778 0.02638888888888889
3 0.28541666666666665 0.43333333333333335 0.021527777777777778 0.027777777777777776
3 0.30277777777777776 0.16111111111111112 0.019444444444444445 0.027083333333333334
1 0.2625 0.475 0.2515625 0.4895833333333333 0.2515625 0.50625 0.2953125 0.5291666666666667 0.321875 0.5645833333333333 0.35 0.5791666666666667 0.3765625 0.5833333333333334 0.3828125 0.6020833333333333 0.4125 0.6104166666666667 0.4140625 0.6 0.44375 0.6 0.465625 0.6145833333333334 0.4765625 0.6104166666666667 0.4796875 0.5895833333333333 0.4953125 0.5645833333333333 0.490625 0.5395833333333333 0.4921875 0.5041666666666667 0.4609375 0.5 0.4578125 0.49375 0.4484375 0.5020833333333333 0.4328125 0.48541666666666666 0.4109375 0.47708333333333336 0.3953125 0.48333333333333334 0.3421875 0.46875 0.328125 0.48125 0.2890625 0.48333333333333334 0.2625 0.475
2 0.25289578333333335 0.4953938944444444 0.25352067777777776 0.505230225 0.2592697222222222 0.5102317472222222 0.26889312083333333 0.5125657875 0.27689179305555556 0.5155667 0.2887648236111111 0.5190677680555555 0.29401395694444443 0.4857242861111111 0.2816410097222222 0.48155635 0.27151769166666667 0.47855543749999996 0.26284374722222226 0.47504166666666664 0.25914474305555557 0.4783887166666667 0.25514540277777775 0.4843905472222222 0.25289578333333335 0.4953938944444444