0 0.28680555555555554 0.6694444444444444 0.022916666666666665 0.029861111111111113
3 0.9666666666666667 0.9847222222222223 0.021527777777777778 0.029166666666666667
0 0.9229166666666667 0.7270833333333333 0.022222222222222223 0.027777777777777776
3 0.5347222222222222 0.9791666666666666 0.021527777777777778 0.030555555555555555
3 0.43680555555555556 0.1111111111111111 0.01875 0.027083333333333334
3 0.31666666666666665 0.41875 0.02013888888888889 0.027083333333333334
3 0.27847222222222223 0.5291666666666667 0.020833333333333332 0.029166666666666667
3 0.39861111111111114 0.3680555555555556 0.02013888888888889 0.027777777777777776
3 0.3840277777777778 0.39305555555555555 0.020833333333333332 0.025694444444444443
1 0.378125 0.4875 0.409375 0.5395833333333333 0.4546875 0.5708333333333333 0.4625 0.5895833333333333 0.484375 0.6041666666666666 0.490625 0.5958333333333333 0.521875 0.6020833333333333 0.5234375 0.6166666666666667 0.53125 0.6145833333333334 0.5546875 0.6333333333333333 0.5859375 0.59375 0.5890625 0.56875 0.584375 0.5583333333333333 0.5921875 0.5270833333333333 0.571875 0.5229166666666667 0.5578125 0.5083333333333333 0.546875 0.5145833333333333 0.528125 0.48541666666666666 0.5046875 0.4708333333333333 0.4890625 0.47708333333333336 0.440625 0.4479166666666667 0.3890625 0.45 0.35625 0.43125 0.3453125 0.44583333333333336 0.3453125 0.46458333333333335 0.378125 0.4875
2 0.344553025 0.45247468888888887 0.34542788472222224 0.4611439986111111 0.34980215833333334 0.4656453694444444 0.3598004986111111 0.47098032083333335 0.36842405972222225 0.47631528055555555 0.37729759444444444 0.4816502513888889 0.3894205763888889 0.4499739291666666 0.3779224888888889 0.44330523055555554 0.3675492083333333 0.4376368388888889 0.35955053472222226 0.4319684458333334 0.3545624972222222 0.43295833333333333 0.35042705416666664 0.43797027222222223 0.3464277125 0.44413881805555555 0.344553025 0.45247468888888887