3 0.18263888888888888 0.12291666666666666 0.027777777777777776 0.0375
0 0.15694444444444444 0.3541666666666667 0.027777777777777776 0.0375
3 0.09236111111111112 0.37222222222222223 0.029861111111111113 0.03333333333333333
3 0.08333333333333333 0.4513888888888889 0.02638888888888889 0.03333333333333333
0 0.14375 0.675 0.03263888888888889 0.03958333333333333
3 0.08819444444444445 0.5736111111111111 0.029861111111111113 0.035416666666666666
3 0.15833333333333333 0.2722222222222222 0.029861111111111113 0.0375
3 0.6791666666666667 0.3590277777777778 0.017361111111111112 0.02361111111111111
0 0.7444444444444445 0.40555555555555556 0.01875 0.02638888888888889
0 0.6993055555555555 0.35833333333333334 0.018055555555555554 0.021527777777777778
3 0.7673611111111112 0.41597222222222224 0.018055555555555554 0.024305555555555556
1 0.709375 0.3145833333333333 0.659375 0.30625 0.6546875 0.33958333333333335 0.6707956444444445 0.3473183736111111 0.7070460375000001 0.34945804583333334 0.7112164486111111 0.3682871652777778 0.7253316569444445 0.38968389999999997 0.7429756611111112 0.3884001 0.7830756694444444 0.40209404583333336 0.7814716694444444 0.42990980416666663 0.7984740833333334 0.4337611722222222 0.8125 0.4354166666666667 0.8171875 0.41875 0.84375 0.42083333333333334 0.85 0.41041666666666665 0.8703125 0.41041666666666665 0.8828445111111112 0.40166608611111115 0.8876565125000001 0.4166438 0.9234375 0.425 0.9296875 0.39375 0.9421875 0.3875 0.946875 0.34791666666666665 0.9359375 0.3458333333333333 0.9375 0.30833333333333335 0.9046875 0.30833333333333335 0.896875 0.3333333333333333 0.8578125 0.3229166666666667 0.8515625 0.3125 0.74375 0.29375 0.73125 0.30625 0.7140625 0.30416666666666664 0.709375 0.3145833333333333
2 0.6564889097222222 0.3393974 0.6652374569444445 0.3420648875 0.6771104861111111 0.3440654847222222 0.68873355 0.345899375 0.6991068402777778 0.34756655000000003 0.7038560375 0.31438978472222223 0.6903582847222223 0.312389175 0.6751108194444444 0.30888810555555557 0.6647375375 0.30622062916666665 0.6597187472222222 0.3087916666666667 0.6564889097222222 0.32272565555555555 0.6549891527777778 0.3327287013888889 0.6564889097222222 0.3393974