0 0.7527777777777778 0.7875 0.027777777777777776 0.03333333333333333
3 0.08541666666666667 0.11458333333333333 0.02361111111111111 0.029861111111111113
0 0.14375 0.69375 0.030555555555555555 0.03333333333333333
0 0.7298611111111111 0.3423611111111111 0.025694444444444443 0.029861111111111113
3 0.475 0.8041666666666667 0.020833333333333332 0.03194444444444444
3 0.08819444444444445 0.5770833333333333 0.029861111111111113 0.03125
0 0.7423611111111111 0.8083333333333333 0.02361111111111111 0.03125
3 0.8652777777777778 0.5395833333333333 0.022222222222222223 0.029861111111111113
3 0.7159722222222222 0.7347222222222223 0.020833333333333332 0.030555555555555555
3 0.08263888888888889 0.45625 0.02638888888888889 0.03333333333333333
3 0.1375 0.3597222222222222 0.02361111111111111 0.03125
3 0.13333333333333333 0.39166666666666666 0.025 0.03125
1 0.2921875 0.38125 0.265625 0.38125 0.190625 0.40208333333333335 0.175 0.42083333333333334 0.1546875 0.425 0.1515625 0.4354166666666667 0.115625 0.44375 0.1140625 0.4708333333333333 0.1203125 0.4791666666666667 0.18125 0.48333333333333334 0.1984375 0.5020833333333333 0.2578125 0.5 0.265625 0.5125 0.3015625 0.5104166666666666 0.3015625 0.49583333333333335 0.3109375 0.49166666666666664 0.3125 0.48125 0.35 0.48125 0.346875 0.45208333333333334 0.3546875 0.42083333333333334 0.34375 0.3958333333333333 0.340625 0.36666666666666664 0.3234375 0.36875 0.31875 0.3625 0.3046875 0.3729166666666667 0.29375 0.36875 0.2921875 0.38125
2 0.11396054166666668 0.4621031958333333 0.11646012638888889 0.47010562916666665 0.12045945972222223 0.4759407402777777 0.12808320138888887 0.476274175 0.13945631111111112 0.47527386666666666 0.15170427222222221 0.47394014166666665 0.1477049388888889 0.4372622958333333 0.1334573027777778 0.43992977361111113 0.12159374722222223 0.44045833333333334 0.11658510416666668 0.4457648833333333 0.1138355638888889 0.45210015000000003 0.11396054166666668 0.4621031958333333