0 0.6930555555555555 0.8694444444444445 0.017361111111111112 0.024305555555555556
3 0.06875 0.6298611111111111 0.024305555555555556 0.02847222222222222
0 0.6861111111111111 0.8902777777777777 0.02013888888888889 0.02361111111111111
0 0.125 0.8493055555555555 0.030555555555555555 0.034027777777777775
3 0.7569444444444444 0.6444444444444445 0.017361111111111112 0.025
3 0.4465277777777778 0.91875 0.019444444444444445 0.027777777777777776
3 0.12361111111111112 0.5402777777777777 0.02361111111111111 0.029166666666666667
3 0.07013888888888889 0.7409722222222223 0.02361111111111111 0.029166666666666667
3 0.6569444444444444 0.8263888888888888 0.020833333333333332 0.029166666666666667
3 0.11875 0.56875 0.02361111111111111 0.029166666666666667
3 0.07916666666666666 0.3402777777777778 0.02361111111111111 0.030555555555555555
0 0.6333333333333333 0.4951388888888889 0.01875 0.022222222222222223
1 0.28125 0.5416666666666666 0.1859375 0.5645833333333333 0.175 0.5708333333333333 0.165625 0.5895833333333333 0.146875 0.5875 0.140625 0.6041666666666666 0.1078125 0.6104166666666667 0.1 0.61875 0.1 0.6333333333333333 0.1078125 0.6479166666666667 0.1671875 0.6479166666666667 0.178125 0.6583333333333333 0.2453125 0.6479166666666667 0.2484375 0.66875 0.2734375 0.6666666666666666 0.278125 0.6625 0.278125 0.65 0.2734375 0.6416666666666667 0.2890625 0.6354166666666666 0.29375 0.6145833333333334 0.3296875 0.6104166666666667 0.3328125 0.5520833333333334 0.3234375 0.5395833333333333 0.321875 0.5166666666666667 0.303125 0.5104166666666666 0.296875 0.51875 0.28125 0.5208333333333334 0.28125 0.5416666666666666
2 0.10402194583333334 0.6381425777777777 0.10839622083333332 0.6443111166666666 0.11452019583333334 0.6438109666666667 0.1282679125 0.6408100541666667 0.14139073472222222 0.6356418166666666 0.13714144722222224 0.6051325277777778 0.11876949166666666 0.6096338958333333 0.10652153055555556 0.6114677944444444 0.10189729305555556 0.6199703763888889 0.10127239722222223 0.6286396833333333 0.10402194583333334 0.6381425777777777