0 0.1625 0.6277777777777778 0.022916666666666665 0.02847222222222222
3 0.18333333333333332 0.12291666666666666 0.02638888888888889 0.03958333333333333
3 0.09236111111111112 0.37222222222222223 0.027777777777777776 0.03333333333333333
0 0.17430555555555555 0.6013888888888889 0.022222222222222223 0.027083333333333334
0 0.13680555555555557 0.6291666666666667 0.022222222222222223 0.029166666666666667
3 0.1597222222222222 0.27361111111111114 0.029861111111111113 0.035416666666666666
3 0.15 0.6055555555555555 0.021527777777777778 0.024305555555555556
3 0.08541666666666667 0.4479166666666667 0.01875 0.022222222222222223
3 0.09583333333333334 0.17291666666666666 0.019444444444444445 0.025
3 0.5847222222222223 0.3625 0.017361111111111112 0.025694444444444443
1 0.6796875 0.3 0.6859375 0.3104166666666667 0.73125 0.33958333333333335 0.7203125 0.3770833333333333 0.734375 0.39375 0.7484375 0.39375 0.75625 0.3770833333333333 0.7734375 0.38958333333333334 0.8125 0.38125 0.815625 0.4 0.840625 0.41875 0.853125 0.39791666666666664 0.871875 0.39166666666666666 0.88125 0.3729166666666667 0.8859375 0.3145833333333333 0.8640625 0.3 0.853125 0.3145833333333333 0.8390625 0.30625 0.8265625 0.3104166666666667 0.8234375 0.29583333333333334 0.740625 0.22708333333333333 0.7234375 0.225 0.709375 0.23333333333333334 0.7046875 0.21458333333333332 0.6953125 0.2125 0.6875 0.22083333333333333 0.646875 0.19166666666666668 0.634375 0.225 0.675 0.25625 0.6796875 0.3
2 0.6392056208333333 0.2257697041666667 0.646704375 0.23177153611111112 0.6529533375 0.23743992361111113 0.6607020555555556 0.24377519166666667 0.6689506958333333 0.25111075416666667 0.6826984125000001 0.2177672694444444 0.6710753375 0.20793094583333335 0.659077323611111 0.19859476666666667 0.6497038791666666 0.19209279444444446 0.6442047902777778 0.19626072916666668 0.6403437472222222 0.20274999999999999 0.6368310222222222 0.2107651361111111 0.6354562416666667 0.22010131666666666 0.6392056208333333 0.2257697041666667