0 0.16111111111111112 0.5791666666666667 0.022916666666666665 0.027777777777777776
3 0.08472222222222223 0.4513888888888889 0.02638888888888889 0.03125
3 0.09236111111111112 0.37083333333333335 0.027777777777777776 0.03333333333333333
0 0.175 0.6013888888888889 0.022222222222222223 0.027777777777777776
3 0.18333333333333332 0.12291666666666666 0.02638888888888889 0.0375
0 0.16180555555555556 0.6284722222222222 0.022222222222222223 0.02638888888888889
3 0.1597222222222222 0.27291666666666664 0.029861111111111113 0.035416666666666666
0 0.13680555555555557 0.6347222222222222 0.022222222222222223 0.02847222222222222
3 0.09791666666666667 0.16944444444444445 0.02638888888888889 0.035416666666666666
3 0.5847222222222223 0.3645833333333333 0.025 0.03333333333333333
3 0.14791666666666667 0.6104166666666667 0.020833333333333332 0.02638888888888889
1 0.684375 0.30833333333333335 0.7375 0.34791666666666665 0.7203125 0.3645833333333333 0.7203125 0.3770833333333333 0.7296875 0.38958333333333334 0.746875 0.3958333333333333 0.7578125 0.3770833333333333 0.778125 0.3875 0.784375 0.37083333333333335 0.7921875 0.37083333333333335 0.8140625 0.38125 0.815625 0.4 0.8421875 0.41875 0.853125 0.39791666666666664 0.8703125 0.3854166666666667 0.8875 0.3333333333333333 0.8859375 0.3145833333333333 0.86875 0.30833333333333335 0.8625 0.29583333333333334 0.853125 0.3125 0.834375 0.30416666666666664 0.8265625 0.3125 0.8234375 0.29583333333333334 0.7421875 0.22708333333333333 0.7296875 0.22291666666666668 0.709375 0.23333333333333334 0.703125 0.21458333333333332 0.6890625 0.22083333333333333 0.6546875 0.19166666666666668 0.6453125 0.19166666666666668 0.634375 0.225 0.675 0.25625 0.684375 0.30833333333333335
2 0.64070185 0.22693799583333332 0.6482006041666667 0.23377341527777776 0.6550744625 0.239608525 0.6690721347222223 0.25094530833333334 0.6833197819444444 0.2182686902777778 0.6724465708333334 0.20909923055555554 0.6595737236111111 0.19842932083333334 0.6502002791666667 0.19242749166666667 0.6435763652777777 0.1962619986111111 0.6398749972222222 0.204 0.6359526347222222 0.21210015 0.6359526347222222 0.22160303750000002 0.64070185 0.22693799583333332