0 0.775 0.8701388888888889 0.022222222222222223 0.029166666666666667
0 0.8368055555555556 0.38958333333333334 0.024305555555555556 0.029166666666666667
3 0.5069444444444444 0.8145833333333333 0.020833333333333332 0.029861111111111113
0 0.17847222222222223 0.6416666666666667 0.025 0.030555555555555555
3 0.12638888888888888 0.5076388888888889 0.025 0.029166666666666667
0 0.7909722222222222 0.8527777777777777 0.021527777777777778 0.02847222222222222
3 0.12916666666666668 0.3784722222222222 0.024305555555555556 0.02847222222222222
3 0.7604166666666666 0.7951388888888888 0.021527777777777778 0.029166666666666667
3 0.19444444444444445 0.28402777777777777 0.024305555555555556 0.029861111111111113
3 0.18888888888888888 0.31805555555555554 0.022916666666666665 0.030555555555555555
3 0.9430555555555555 0.6270833333333333 0.022916666666666665 0.027777777777777776
1 0.24375 0.36041666666666666 0.20625 0.375 0.171875 0.37083333333333335 0.1625 0.3854166666666667 0.1625 0.40208333333333335 0.16875 0.4125 0.19375 0.41458333333333336 0.23125 0.43125 0.25 0.45625 0.2609375 0.46041666666666664 0.3140625 0.46875 0.325 0.48125 0.415625 0.48541666666666666 0.4203125 0.47708333333333336 0.41875 0.45416666666666666 0.43125 0.4270833333333333 0.4234375 0.39791666666666664 0.421875 0.35833333333333334 0.378125 0.35833333333333334 0.3625 0.3416666666666667 0.3296875 0.33958333333333335 0.3265625 0.3458333333333333 0.25625 0.3458333333333333 0.24375 0.36041666666666666
2 0.16280518194444443 0.39806010277777776 0.16542975277777777 0.40606254305555556 0.17055389999999998 0.41023047916666666 0.18542643333333333 0.4117309305555556 0.20279854027777777 0.4137315541666667 0.20317348055555556 0.3743862375 0.18542643333333333 0.372885775 0.1714374972222222 0.37150000000000005 0.16755439583333334 0.3760534111111111 0.1634300763888889 0.3860564513888889 0.16280518194444443 0.39806010277777776