0 0.8 0.8430555555555556 0.022222222222222223 0.030555555555555555
0 0.8270833333333333 0.3861111111111111 0.022916666666666665 0.02847222222222222
3 0.5159722222222223 0.7993055555555556 0.021527777777777778 0.029861111111111113
3 0.94375 0.6145833333333334 0.022916666666666665 0.027083333333333334
0 0.7854166666666667 0.8604166666666667 0.021527777777777778 0.029861111111111113
3 0.7673611111111112 0.7826388888888889 0.022916666666666665 0.02847222222222222
3 0.20069444444444445 0.03888888888888889 0.02013888888888889 0.029861111111111113
3 0.16041666666666668 0.49930555555555556 0.022222222222222223 0.027083333333333334
3 0.1673611111111111 0.38125 0.022222222222222223 0.029166666666666667
0 0.20416666666666666 0.6256944444444444 0.024305555555555556 0.029166666666666667
3 0.22361111111111112 0.32569444444444445 0.022222222222222223 0.025694444444444443
3 0.2298611111111111 0.29444444444444445 0.021527777777777778 0.027083333333333334
1 0.3109375 0.34375 0.278125 0.35 0.2671875 0.3625 0.2421875 0.3645833333333333 0.2390625 0.3729166666666667 0.203125 0.3729166666666667 0.196875 0.39791666666666664 0.2078125 0.4125 0.23125 0.4125 0.2640625 0.4270833333333333 0.2796875 0.4479166666666667 0.3359375 0.45416666666666666 0.3453125 0.47291666666666665 0.375 0.475 0.3765625 0.46041666666666664 0.390625 0.4479166666666667 0.428125 0.45416666666666666 0.43125 0.42291666666666666 0.440625 0.4041666666666667 0.4328125 0.3729166666666667 0.4328125 0.33958333333333335 0.4109375 0.33541666666666664 0.39375 0.3416666666666667 0.3875 0.33541666666666664 0.3859375 0.3458333333333333 0.359375 0.33958333333333335 0.3109375 0.34375
2 0.1984895097222222 0.39876960833333336 0.20273880694444443 0.4069387583333333 0.2156116625 0.4099396708333333 0.23535838750000002 0.4107732569444445 0.23473349166666668 0.37292841111111114 0.2193610402777778 0.37326184027777776 0.20534374722222223 0.37274999999999997 0.2013640361111111 0.3767629069444445 0.19836453333333331 0.38459862638888886 0.1984895097222222 0.39876960833333336