0 0.7229166666666667 0.9055555555555556 0.02013888888888889 0.027777777777777776
0 0.6888888888888889 0.5013888888888889 0.01875 0.02361111111111111
0 0.7125 0.9263888888888889 0.020833333333333332 0.027083333333333334
0 0.14583333333333334 0.8152777777777778 0.02361111111111111 0.029861111111111113
3 0.4618055555555556 0.9236111111111112 0.02013888888888889 0.029861111111111113
3 0.8104166666666667 0.675 0.01875 0.025
3 0.10208333333333333 0.5861111111111111 0.021527777777777778 0.02638888888888889
3 0.09861111111111111 0.6993055555555555 0.021527777777777778 0.02638888888888889
3 0.12569444444444444 0.2875 0.02013888888888889 0.024305555555555556
3 0.16041666666666668 0.5006944444444444 0.020833333333333332 0.02361111111111111
3 0.15486111111111112 0.5284722222222222 0.021527777777777778 0.024305555555555556
3 0.6875 0.8548611111111111 0.02013888888888889 0.02847222222222222
1 0.3125 0.5208333333333334 0.2421875 0.5270833333333333 0.178125 0.5541666666666667 0.171875 0.56875 0.1375 0.5729166666666666 0.1328125 0.5958333333333333 0.1375 0.6041666666666666 0.18125 0.6041666666666666 0.1984375 0.6145833333333334 0.20625 0.6270833333333333 0.2734375 0.625 0.2734375 0.6375 0.2796875 0.6458333333333334 0.3015625 0.64375 0.3078125 0.6375 0.3078125 0.6208333333333333 0.3203125 0.6145833333333334 0.321875 0.6020833333333333 0.359375 0.6 0.359375 0.56875 0.365625 0.5604166666666667 0.365625 0.5416666666666666 0.3578125 0.5291666666666667 0.35625 0.5041666666666667 0.3375 0.49583333333333335 0.3328125 0.5020833333333333 0.315625 0.5020833333333333 0.3125 0.5208333333333334
2 0.13589362638888888 0.6003132013888889 0.14114275 0.6053147249999999 0.15314075694444446 0.6046478527777778 0.1717626763888889 0.6018136541666667 0.1698879875 0.5689703305555556 0.14676681666666666 0.5711376541666666 0.13815624722222222 0.5735833333333333 0.13414391388888888 0.5813074125 0.13326905416666668 0.5919773319444445 0.13589362638888888 0.6003132013888889