0 0.16180555555555556 0.5784722222222223 0.024305555555555556 0.027777777777777776
3 0.08472222222222223 0.4513888888888889 0.02638888888888889 0.03333333333333333
3 0.09236111111111112 0.37083333333333335 0.029861111111111113 0.03333333333333333
0 0.175 0.6006944444444444 0.022222222222222223 0.02638888888888889
3 0.18333333333333332 0.12291666666666666 0.02638888888888889 0.03958333333333333
0 0.1625 0.6284722222222222 0.02361111111111111 0.02847222222222222
3 0.15833333333333333 0.27291666666666664 0.029861111111111113 0.035416666666666666
0 0.13680555555555557 0.6347222222222222 0.022916666666666665 0.027083333333333334
3 0.09791666666666667 0.16944444444444445 0.02638888888888889 0.035416666666666666
3 0.5847222222222223 0.3645833333333333 0.025 0.03333333333333333
3 0.14791666666666667 0.6118055555555556 0.022916666666666665 0.02847222222222222
1 0.86328125 0.29791666666666666 0.85234375 0.3145833333333333 0.83984375 0.30416666666666664 0.83046875 0.3104166666666667 0.82109375 0.2916666666666667 0.74296875 0.22708333333333333 0.72578125 0.225 0.71328125 0.23333333333333334 0.70234375 0.2125 0.68671875 0.21875 0.65546875 0.19166666666666668 0.6421875 0.19895833333333332 0.6375 0.22395833333333334 0.67265625 0.25 0.684375 0.30104166666666665 0.7265625 0.34270833333333334 0.721875 0.36354166666666665 0.72578125 0.38333333333333336 0.74765625 0.39375 0.75859375 0.375 0.77578125 0.3854166666666667 0.81484375 0.3770833333333333 0.81640625 0.3958333333333333 0.8453125 0.41354166666666664 0.884375 0.3614583333333333 0.8890625 0.32395833333333335 0.88203125 0.30833333333333335 0.86328125 0.29791666666666666
2 0.6355170236111111 0.2193930861111111 0.6406411722222222 0.22739552083333334 0.6496396833333333 0.23456438055555556 0.6576383472222223 0.24173321666666664 0.6676366972222222 0.2500690875 0.6831341152777778 0.21655888750000002 0.6708861458333334 0.20738942916666667 0.6600129541666666 0.1975531 0.6500312472222222 0.19170833333333334 0.6435156986111111 0.1968862375 0.6390164472222222 0.20572225555555557 0.6355170236111111 0.2193930861111111