0 0.44930555555555557 0.6354166666666666 0.03263888888888889 0.03958333333333333
3 0.18263888888888888 0.12291666666666666 0.02638888888888889 0.0375
3 0.08472222222222223 0.4513888888888889 0.02638888888888889 0.035416666666666666
0 0.15694444444444444 0.3541666666666667 0.029861111111111113 0.0375
3 0.09236111111111112 0.37222222222222223 0.027777777777777776 0.03333333333333333
0 0.14375 0.675 0.03263888888888889 0.03958333333333333
3 0.08888888888888889 0.5729166666666666 0.029861111111111113 0.035416666666666666
3 0.1597222222222222 0.27291666666666664 0.029861111111111113 0.0375
3 0.7680555555555556 0.41458333333333336 0.02013888888888889 0.027083333333333334
3 0.6777777777777778 0.35694444444444445 0.015277777777777777 0.027083333333333334
1 0.709375 0.3145833333333333 0.6609375 0.30625 0.6546875 0.3229166666666667 0.6546875 0.33958333333333335 0.66875 0.34791666666666665 0.7060685625 0.3493854 0.7100762986111111 0.3615357875 0.7140625 0.36875 0.725 0.38958333333333334 0.7546875 0.39791666666666664 0.7818513263888889 0.40430514861111116 0.780029625 0.43298010694444444 0.8140625 0.4354166666666667 0.8171875 0.41875 0.8359375 0.42291666666666666 0.846875 0.41458333333333336 0.8515625 0.39791666666666664 0.8359375 0.37916666666666665 0.8546875 0.3729166666666667 0.846875 0.3416666666666667 0.8453125 0.3125 0.7890625 0.29791666666666666 0.74375 0.29375 0.7296875 0.30625 0.7140625 0.30416666666666664 0.709375 0.3145833333333333
2 0.6555343902777777 0.33271491249999996 0.6579598638888889 0.34011029583333335 0.6678349902777777 0.34242135416666664 0.6865457722222222 0.34588794444444443 0.6995393666666666 0.3479679 0.7005788513888889 0.313995325 0.6792693513888889 0.30960432083333334 0.6661025125000001 0.3068310388888889 0.6589279375 0.30849027083333336 0.6572668708333333 0.31561306805555556 0.6560541263888889 0.3230084597222222 0.6555343902777777 0.33271491249999996