0 0.9201388888888888 0.5354166666666667 0.025694444444444443 0.03194444444444444
3 0.55625 0.8520833333333333 0.025 0.03333333333333333
0 0.8291666666666667 0.9791666666666666 0.021527777777777778 0.030555555555555555
3 0.80625 0.9097222222222222 0.02638888888888889 0.0375
3 0.36944444444444446 0.03333333333333333 0.017361111111111112 0.03333333333333333
3 0.9923611111111111 0.79375 0.013888888888888888 0.0375
0 0.8090277777777778 0.9875 0.02361111111111111 0.025
3 0.2875 0.34791666666666665 0.02013888888888889 0.029166666666666667
0 0.2833333333333333 0.5916666666666667 0.022222222222222223 0.03125
3 0.2625 0.46041666666666664 0.02361111111111111 0.03125
3 0.3597222222222222 0.28541666666666665 0.021527777777777778 0.025
3 0.34930555555555554 0.3125 0.020833333333333332 0.02638888888888889
1 0.35 0.40208333333333335 0.3859375 0.44375 0.4375 0.4666666666666667 0.44375 0.4875 0.471875 0.49375 0.475 0.4791666666666667 0.50625 0.4791666666666667 0.534375 0.49166666666666664 0.5421875 0.46458333333333335 0.5546875 0.4479166666666667 0.5546875 0.38333333333333336 0.54375 0.3770833333333333 0.521875 0.3770833333333333 0.515625 0.36875 0.5125 0.38125 0.50625 0.38125 0.48125 0.3645833333333333 0.4359375 0.3541666666666667 0.3515625 0.36041666666666666 0.3265625 0.35208333333333336 0.3140625 0.36875 0.31875 0.38958333333333334 0.35 0.40208333333333335
2 0.31630294444444446 0.3743499430555555 0.3175527361111111 0.3818522277777778 0.3223019513888889 0.3863536 0.33167539583333333 0.38935451249999997 0.33967405972222225 0.39218871111111114 0.3476727333333333 0.39435604722222223 0.3541716597222222 0.3620128513888889 0.34129879305555555 0.35734476666666665 0.3298007055555556 0.3526766791666667 0.32346874722222224 0.353375 0.31967737916666666 0.35717804722222224 0.31717779305555555 0.3638467472222222 0.31630294444444446 0.3743499430555555