0 0.16111111111111112 0.5791666666666667 0.022916666666666665 0.027777777777777776
3 0.08472222222222223 0.4513888888888889 0.02638888888888889 0.03125
3 0.09236111111111112 0.37222222222222223 0.029861111111111113 0.03333333333333333
0 0.17430555555555555 0.6013888888888889 0.022222222222222223 0.027777777777777776
3 0.18333333333333332 0.12291666666666666 0.02638888888888889 0.03958333333333333
0 0.16180555555555556 0.6277777777777778 0.022222222222222223 0.02638888888888889
3 0.15833333333333333 0.27291666666666664 0.029861111111111113 0.035416666666666666
0 0.1375 0.6354166666666666 0.021527777777777778 0.027777777777777776
3 0.09791666666666667 0.16944444444444445 0.02638888888888889 0.035416666666666666
3 0.5847222222222223 0.3645833333333333 0.025 0.03333333333333333
3 0.14722222222222223 0.6104166666666667 0.020833333333333332 0.025694444444444443
1 0.6765625 0.25833333333333336 0.684375 0.30833333333333335 0.7359375 0.34791666666666665 0.734375 0.3645833333333333 0.721875 0.36875 0.728125 0.3875 0.746875 0.3958333333333333 0.75625 0.3770833333333333 0.771875 0.3875 0.8125 0.38125 0.815625 0.4 0.84375 0.41875 0.8578125 0.39375 0.86875 0.39166666666666666 0.8765625 0.37916666666666665 0.8890625 0.32708333333333334 0.8859375 0.3145833333333333 0.8640625 0.3 0.853125 0.3145833333333333 0.840625 0.30625 0.8265625 0.3125 0.821875 0.29375 0.7515625 0.23333333333333334 0.728125 0.22291666666666668 0.7109375 0.23333333333333334 0.709375 0.22083333333333333 0.7 0.2125 0.6875 0.22083333333333333 0.6484375 0.19166666666666668 0.6375 0.20625 0.6359375 0.22708333333333333 0.6765625 0.25833333333333336
2 0.6398332138888889 0.22585091111111108 0.6489567027777778 0.2331864736111111 0.6575802736111112 0.24135562916666664 0.6685784402777778 0.2496915 0.6823261597222222 0.21751503888888887 0.6623294777777778 0.20117673055555557 0.652456126388889 0.19267414166666666 0.645207325 0.19450803333333333 0.6411249972222223 0.19983333333333334 0.6378335486111111 0.20734527222222224 0.6357089041666667 0.21951564444444444 0.6398332138888889 0.22585091111111108