0 0.16180555555555556 0.5791666666666667 0.025 0.035416666666666666
3 0.08472222222222223 0.45 0.025 0.03125
3 0.18263888888888888 0.12291666666666666 0.02638888888888889 0.03958333333333333
3 0.09236111111111112 0.37222222222222223 0.029861111111111113 0.03333333333333333
0 0.17430555555555555 0.5986111111111111 0.027777777777777776 0.0375
0 0.16111111111111112 0.6277777777777778 0.029861111111111113 0.03958333333333333
3 0.15833333333333333 0.27291666666666664 0.03125 0.0375
3 0.09791666666666667 0.16944444444444445 0.02638888888888889 0.035416666666666666
0 0.12777777777777777 0.6305555555555555 0.02638888888888889 0.035416666666666666
3 0.14930555555555555 0.6097222222222223 0.02638888888888889 0.0375
3 0.5847222222222223 0.3638888888888889 0.018055555555555554 0.025694444444444443
1 0.6765625 0.25833333333333336 0.68125 0.30416666666666664 0.7265625 0.35 0.7203125 0.3770833333333333 0.7296875 0.38958333333333334 0.7453125 0.3958333333333333 0.75625 0.3770833333333333 0.7765625 0.3875 0.7890625 0.37083333333333335 0.8125 0.38125 0.815625 0.4 0.8421875 0.41875 0.853125 0.39791666666666664 0.86875 0.38958333333333334 0.8828125 0.35625 0.8890625 0.325 0.8859375 0.3145833333333333 0.8640625 0.3 0.8546875 0.3145833333333333 0.840625 0.30625 0.825 0.3104166666666667 0.8234375 0.29583333333333334 0.753125 0.23541666666666666 0.73125 0.22291666666666668 0.709375 0.23333333333333334 0.703125 0.21458333333333332 0.6875 0.22083333333333333 0.6484375 0.19166666666666668 0.6390625 0.20208333333333334 0.634375 0.225 0.6765625 0.25833333333333336
2 0.6364576375000001 0.21380614444444446 0.6377074291666667 0.22347575416666668 0.6455811263888889 0.23047788749999998 0.6532048583333333 0.23664643333333335 0.6610785458333334 0.24414872916666666 0.6680773902777778 0.249483675 0.6825749805555555 0.21780736527777778 0.6622033611111111 0.20146906250000002 0.6527049388888889 0.19296646666666667 0.6462812472222222 0.19316666666666668 0.6420817027777778 0.19796799027777778 0.6384573027777778 0.20446996944444445 0.6364576375000001 0.21380614444444446