3 0.14930555555555555 0.07777777777777778 0.02013888888888889 0.03125
0 0.7743055555555556 0.8229166666666666 0.025 0.03333333333333333
0 0.17430555555555555 0.6611111111111111 0.029166666666666667 0.03263888888888889
3 0.9013888888888889 0.5888888888888889 0.02638888888888889 0.03333333333333333
3 0.7402777777777778 0.7652777777777777 0.025 0.03333333333333333
3 0.4951388888888889 0.80625 0.022222222222222223 0.029861111111111113
0 0.7618055555555555 0.8395833333333333 0.027777777777777776 0.035416666666666666
0 0.7791666666666667 0.375 0.024305555555555556 0.029861111111111113
3 0.12708333333333333 0.4166666666666667 0.020833333333333332 0.029166666666666667
3 0.12569444444444444 0.5368055555555555 0.022916666666666665 0.029861111111111113
3 0.18680555555555556 0.3277777777777778 0.022916666666666665 0.03194444444444444
3 0.18333333333333332 0.3590277777777778 0.024305555555555556 0.027777777777777776
1 0.34375 0.36666666666666664 0.3171875 0.3625 0.24375 0.375 0.225 0.39166666666666666 0.2015625 0.3958333333333333 0.2 0.4041666666666667 0.16875 0.4041666666666667 0.159375 0.4125 0.1578125 0.43125 0.165625 0.44375 0.1953125 0.44375 0.2265625 0.45416666666666666 0.240625 0.47291666666666665 0.296875 0.4708333333333333 0.3109375 0.49583333333333335 0.340625 0.49583333333333335 0.34375 0.47708333333333336 0.3515625 0.475 0.353125 0.4666666666666667 0.3921875 0.46875 0.4015625 0.4041666666666667 0.39375 0.38958333333333334 0.3921875 0.35833333333333334 0.3765625 0.35833333333333334 0.371875 0.35208333333333336 0.35625 0.36041666666666666 0.346875 0.35625 0.34375 0.36666666666666664
2 0.15933620972222223 0.4309382027777778 0.1622107263888889 0.43760689861111113 0.1674598611111111 0.44194155 0.18208242916666664 0.44177483333333334 0.19770483611111114 0.44194155 0.19745488055555557 0.4057638666666667 0.18020774027777778 0.40559715138888885 0.1675312472222222 0.4044166666666667 0.1628356236111111 0.4097650875 0.15908624583333333 0.41960141944444446 0.15933620972222223 0.4309382027777778