0 0.16111111111111112 0.5791666666666667 0.022222222222222223 0.029166666666666667
0 0.12291666666666666 0.6368055555555555 0.022916666666666665 0.029166666666666667
3 0.08472222222222223 0.4513888888888889 0.025 0.03125
3 0.09236111111111112 0.37222222222222223 0.029861111111111113 0.03333333333333333
0 0.17430555555555555 0.6013888888888889 0.02361111111111111 0.027777777777777776
3 0.18333333333333332 0.12291666666666666 0.027777777777777776 0.0375
0 0.1625 0.6284722222222222 0.022916666666666665 0.027083333333333334
3 0.15833333333333333 0.27361111111111114 0.03125 0.035416666666666666
3 0.09791666666666667 0.16944444444444445 0.02638888888888889 0.035416666666666666
3 0.14722222222222223 0.6104166666666667 0.021527777777777778 0.02638888888888889
1 0.675 0.25833333333333336 0.684375 0.30833333333333335 0.7359375 0.3458333333333333 0.7375 0.35625 0.721875 0.36875 0.7296875 0.38958333333333334 0.7453125 0.3958333333333333 0.7578125 0.3770833333333333 0.7703125 0.3875 0.8140625 0.38125 0.8140625 0.4 0.8421875 0.4166666666666667 0.853125 0.39791666666666664 0.86875 0.38958333333333334 0.8875 0.3333333333333333 0.884375 0.3125 0.871875 0.3104166666666667 0.8640625 0.3 0.853125 0.3145833333333333 0.840625 0.30625 0.8234375 0.3104166666666667 0.8234375 0.29583333333333334 0.75 0.23333333333333334 0.7359375 0.225 0.7078125 0.23125 0.70625 0.21666666666666667 0.7 0.2125 0.6875 0.22083333333333333 0.6484375 0.19166666666666668 0.6390625 0.20208333333333334 0.634375 0.225 0.675 0.25833333333333336
3 0.5840277777777778 0.3638888888888889 0.019444444444444445 0.025
2 0.6349868708333333 0.22201818194444445 0.6399860402777777 0.2275198625 0.6474847958333333 0.23285481527777777 0.6562333416666667 0.24069053333333332 0.6672315291666666 0.24969327638888889 0.6829789027777777 0.21684994305555555 0.6657317638888889 0.2040127013888889 0.6562333416666667 0.19467652500000002 0.6481096902777778 0.19234248194444442 0.6429999972222222 0.19649999999999998 0.6393611430555555 0.20251225277777776 0.6364866263888889 0.21151498472222222 0.6349868708333333 0.22201818194444445