0 0.16527777777777777 0.3458333333333333 0.02361111111111111 0.035416666666666666
0 0.1736111111111111 0.6 0.021527777777777778 0.029166666666666667
0 0.1625 0.6277777777777778 0.022916666666666665 0.02638888888888889
0 0.1375 0.6354166666666666 0.022222222222222223 0.02847222222222222
3 0.15 0.325 0.02013888888888889 0.03333333333333333
3 0.5847222222222223 0.3645833333333333 0.025 0.03333333333333333
3 0.14583333333333334 0.35694444444444445 0.022222222222222223 0.03333333333333333
3 0.09236111111111112 0.37222222222222223 0.027777777777777776 0.03333333333333333
3 0.14791666666666667 0.6104166666666667 0.022222222222222223 0.03125
1 0.86640625 0.29583333333333334 0.85234375 0.3125 0.82734375 0.30416666666666664 0.82421875 0.29375 0.74765625 0.22916666666666666 0.73046875 0.22291666666666668 0.71015625 0.23125 0.70234375 0.2125 0.68671875 0.21875 0.65546875 0.19166666666666668 0.6421875 0.19895833333333332 0.6359375 0.21979166666666666 0.675 0.253125 0.6828125 0.2989583333333333 0.73125 0.3489583333333333 0.721875 0.365625 0.72890625 0.3854166666666667 0.74765625 0.39375 0.75859375 0.375 0.77578125 0.3854166666666667 0.81015625 0.3770833333333333 0.81796875 0.39791666666666664 0.840625 0.415625 0.8828125 0.36770833333333336 0.8890625 0.334375 0.88359375 0.30833333333333335 0.86640625 0.29583333333333334
2 0.6357367527777777 0.21173321666666667 0.6356117666666666 0.2222364125 0.6443603138888889 0.2295719875 0.6546086194444444 0.2382412875 0.6672315291666666 0.24907792083333335 0.6819790652777777 0.21623459999999997 0.6694811402777778 0.20673169305555558 0.6576081222222222 0.19656193333333336 0.6503437472222222 0.1915 0.6448602333333333 0.19522819583333334 0.6396111083333333 0.20289719444444446 0.6357367527777777 0.21173321666666667