3 0.12986111111111112 0.2625 0.02013888888888889 0.029166666666666667
0 0.17430555555555555 0.6013888888888889 0.02638888888888889 0.03333333333333333
3 0.14305555555555555 0.3111111111111111 0.017361111111111112 0.029166666666666667
3 0.10486111111111111 0.27361111111111114 0.02361111111111111 0.029166666666666667
0 0.13680555555555557 0.6347222222222222 0.022916666666666665 0.029861111111111113
3 0.12013888888888889 0.3173611111111111 0.021527777777777778 0.02638888888888889
3 0.15208333333333332 0.2861111111111111 0.022222222222222223 0.03125
0 0.12777777777777777 0.2916666666666667 0.02361111111111111 0.03125
0 0.16180555555555556 0.6284722222222222 0.022222222222222223 0.027083333333333334
1 0.70625 0.2125 0.7 0.26458333333333334 0.7265625 0.32916666666666666 0.7140625 0.34375 0.7203125 0.3729166666666667 0.734375 0.37916666666666665 0.7484375 0.36875 0.7578125 0.38333333333333336 0.78125 0.3854166666666667 0.8015625 0.4270833333333333 0.853125 0.41041666666666665 0.8734375 0.3770833333333333 0.878125 0.35 0.8625 0.33541666666666664 0.8609375 0.3229166666666667 0.8421875 0.3333333333333333 0.821875 0.30833333333333335 0.7734375 0.2125 0.7625 0.20416666666666666 0.7484375 0.21041666666666667 0.740625 0.18125 0.728125 0.18333333333333332 0.70625 0.14375 0.696875 0.14375 0.684375 0.15625 0.6828125 0.17291666666666666 0.70625 0.2125
2 0.6840195597222222 0.1659283027777778 0.6866441222222222 0.1729304375 0.6918932472222222 0.18293348333333334 0.6967674388888889 0.19160278333333333 0.7026414597222223 0.20343972500000002 0.7237629541666667 0.1777652388888889 0.7140145791666667 0.16042663333333335 0.7072656986111111 0.14658908333333334 0.7017666097222222 0.14342145 0.6948749972222222 0.14608333333333334 0.6906434541666666 0.1512571763888889 0.6851443652777778 0.15675884583333335 0.6840195597222222 0.1659283027777778