3 0.1798611111111111 0.28194444444444444 0.1486111111111111 0.1423611111111111
3 0.15625 0.4048611111111111 0.15625 0.15486111111111112
3 0.2798611111111111 0.525 0.15763888888888888 0.16111111111111112
3 0.3138888888888889 0.4 0.14722222222222223 0.1486111111111111
3 0.3368055555555556 0.2722222222222222 0.1451388888888889 0.14722222222222223
3 0.4888888888888889 0.2722222222222222 0.1451388888888889 0.1388888888888889
3 0.6416666666666667 0.28055555555555556 0.1451388888888889 0.13472222222222222
3 0.48333333333333334 0.3958333333333333 0.15 0.15138888888888888
3 0.45416666666666666 0.5229166666666667 0.15763888888888888 0.15763888888888888
3 0.6326388888888889 0.5375 0.1625 0.1597222222222222
3 0.6361111111111111 0.40625 0.15486111111111112 0.1388888888888889
3 0.7916666666666666 0.3923611111111111 0.15138888888888888 0.1597222222222222
3 0.81875 0.525 0.15625 0.15625