3 0.8979166666666667 0.07916666666666666 0.14027777777777778 0.14027777777777778
3 0.6104166666666667 0.09583333333333334 0.1388888888888889 0.1423611111111111
3 0.4722222222222222 0.10416666666666667 0.1326388888888889 0.14027777777777778
3 0.19305555555555556 0.11180555555555556 0.14027777777777778 0.1423611111111111
3 0.06875 0.25555555555555554 0.1375 0.12986111111111112
3 0.075 0.3923611111111111 0.1361111111111111 0.1326388888888889
3 0.34305555555555556 0.3854166666666667 0.1326388888888889 0.13472222222222222
3 0.0763888888888889 0.5243055555555556 0.13472222222222222 0.12986111111111112
3 0.6194444444444445 0.5138888888888888 0.13472222222222222 0.1361111111111111
3 0.3486111111111111 0.6513888888888889 0.12986111111111112 0.12986111111111112
3 0.48541666666666666 0.6520833333333333 0.13125 0.13125
3 0.7604166666666666 0.6506944444444445 0.1361111111111111 0.12986111111111112
3 0.8993055555555556 0.6479166666666667 0.1375 0.1326388888888889
3 0.9048611111111111 0.7819444444444444 0.1326388888888889 0.13472222222222222
3 0.6263888888888889 0.7826388888888889 0.12986111111111112 0.13472222222222222
3 0.21805555555555556 0.9236111111111112 0.13472222222222222 0.1361111111111111