3 0.36180555555555555 0.8944444444444445 0.0875 0.0875
3 0.9715277777777778 0.7118055555555556 0.05694444444444444 0.0875
3 0.7555555555555555 0.6395833333333333 0.0875 0.08611111111111111
3 0.9 0.6048611111111111 0.09027777777777778 0.0875
3 0.5375 0.6333333333333333 0.08472222222222223 0.08125
3 0.4527777777777778 0.61875 0.08472222222222223 0.07777777777777778
3 0.17430555555555555 0.5597222222222222 0.09027777777777778 0.08125
3 0.06041666666666667 0.18888888888888888 0.08611111111111111 0.0798611111111111
3 0.1798611111111111 0.16527777777777777 0.0875 0.08263888888888889
3 0.39305555555555555 0.15208333333333332 0.08263888888888889 0.08472222222222223
3 0.5798611111111112 0.0798611111111111 0.08263888888888889 0.08611111111111111
3 0.6604166666666667 0.1638888888888889 0.08472222222222223 0.08263888888888889
3 0.7013888888888888 0.23055555555555557 0.08611111111111111 0.08125
3 0.8541666666666666 0.2569444444444444 0.08611111111111111 0.08472222222222223
3 0.6868055555555556 0.33819444444444446 0.08263888888888889 0.08472222222222223
3 0.4826388888888889 0.2986111111111111 0.08263888888888889 0.07777777777777778
3 0.38472222222222224 0.37569444444444444 0.08472222222222223 0.0798611111111111
3 0.5395833333333333 0.3854166666666667 0.08611111111111111 0.0798611111111111
3 0.5951388888888889 0.44513888888888886 0.08125 0.0798611111111111
3 0.8194444444444444 0.43819444444444444 0.09027777777777778 0.08611111111111111
3 0.8881944444444444 0.38125 0.08888888888888889 0.08611111111111111
3 0.9020833333333333 0.49722222222222223 0.09027777777777778 0.08611111111111111
3 0.9611111111111111 0.44375 0.07777777777777778 0.08611111111111111