0 0.22083333333333333 0.16666666666666666 0.0763888888888889 0.07777777777777778
0 0.5444444444444444 0.2125 0.06736111111111111 0.06875
0 0.7993055555555556 0.2791666666666667 0.0625 0.06388888888888888
0 0.7763888888888889 0.4479166666666667 0.059722222222222225 0.05763888888888889
0 0.39375 0.5013888888888889 0.06736111111111111 0.06736111111111111
0 0.18958333333333333 0.42291666666666666 0.07777777777777778 0.07361111111111111
0 0.1986111111111111 0.6444444444444445 0.07013888888888889 0.07013888888888889
0 0.19375 0.8777777777777778 0.06736111111111111 0.07222222222222222
0 0.39305555555555555 0.8618055555555556 0.07013888888888889 0.07013888888888889
0 0.5520833333333334 0.80625 0.0625 0.059722222222222225
0 0.6993055555555555 0.7611111111111111 0.05763888888888889 0.059722222222222225
0 0.7506944444444444 0.6104166666666667 0.05763888888888889 0.059722222222222225