3 0.6166666666666667 0.1701388888888889 0.09513888888888888 0.09722222222222222
3 0.6923611111111111 0.26180555555555557 0.09861111111111111 0.09861111111111111
3 0.7875 0.2902777777777778 0.09722222222222222 0.09861111111111111
3 0.725 0.39791666666666664 0.10138888888888889 0.10138888888888889
3 0.2916666666666667 0.6451388888888889 0.10486111111111111 0.10138888888888889
3 0.4173611111111111 0.5319444444444444 0.09861111111111111 0.10138888888888889
3 0.5944444444444444 0.7270833333333333 0.10625 0.10972222222222222
3 0.7256944444444444 0.6986111111111111 0.1076388888888889 0.10972222222222222
3 0.8055555555555556 0.5083333333333333 0.10486111111111111 0.10486111111111111
3 0.9701388888888889 0.7361111111111112 0.059722222222222225 0.1111111111111111
3 0.49375 0.6048611111111111 0.09861111111111111 0.10486111111111111
3 0.6902777777777778 0.5868055555555556 0.10138888888888889 0.10625
3 0.6402777777777777 0.4951388888888889 0.1 0.10277777777777777
3 0.54375 0.51875 0.09861111111111111 0.09861111111111111
3 0.59375 0.6118055555555556 0.1 0.09861111111111111