0 0.2708333333333333 0.20208333333333334 0.06527777777777778 0.07013888888888889
0 0.45625 0.20625 0.07013888888888889 0.07013888888888889
0 0.6652777777777777 0.2048611111111111 0.07013888888888889 0.07013888888888889
0 0.8631944444444445 0.19027777777777777 0.06875 0.07013888888888889
0 0.875 0.31875 0.07222222222222222 0.07013888888888889
0 0.6708333333333333 0.33611111111111114 0.075 0.07013888888888889
0 0.44583333333333336 0.3375 0.075 0.07361111111111111
0 0.2263888888888889 0.4791666666666667 0.0763888888888889 0.075
0 0.4388888888888889 0.4826388888888889 0.0798611111111111 0.07777777777777778
0 0.6826388888888889 0.48125 0.07777777777777778 0.0763888888888889
0 0.9104166666666667 0.45694444444444443 0.07777777777777778 0.075
0 0.9256944444444445 0.5930555555555556 0.08472222222222223 0.08263888888888889
0 0.6923611111111111 0.6138888888888889 0.08263888888888889 0.08263888888888889
0 0.4270833333333333 0.6097222222222223 0.08263888888888889 0.07777777777777778
0 0.21041666666666667 0.5805555555555556 0.08125 0.07777777777777778
0 0.18819444444444444 0.7986111111111112 0.08472222222222223 0.08263888888888889
0 0.4548611111111111 0.8097222222222222 0.09236111111111112 0.0875
0 0.70625 0.8097222222222222 0.0875 0.0875
0 0.9569444444444445 0.7875 0.08611111111111111 0.08611111111111111