0 0.08958333333333333 0.34305555555555556 0.1451388888888889 0.13125
0 0.3763888888888889 0.20069444444444445 0.12777777777777777 0.125
0 0.6444444444444445 0.20694444444444443 0.1326388888888889 0.13472222222222222
0 0.3326388888888889 0.6708333333333333 0.16111111111111112 0.1527777777777778
0 0.6986111111111111 0.4826388888888889 0.14027777777777778 0.1423611111111111
3 0.24930555555555556 0.19930555555555557 0.125 0.12638888888888888
3 0.50625 0.2111111111111111 0.12777777777777777 0.1388888888888889
3 0.7770833333333333 0.2 0.12986111111111112 0.13125
3 0.18888888888888888 0.51875 0.15625 0.1451388888888889
3 0.36527777777777776 0.3625 0.13125 0.1361111111111111
3 0.5097222222222222 0.35 0.1326388888888889 0.13472222222222222
3 0.5326388888888889 0.49722222222222223 0.1451388888888889 0.1423611111111111
3 0.525 0.6645833333333333 0.15763888888888888 0.16111111111111112
3 0.5597222222222222 0.8652777777777778 0.1701388888888889 0.1798611111111111
3 0.7402777777777778 0.6493055555555556 0.1597222222222222 0.1673611111111111
3 0.8819444444444444 0.4930555555555556 0.1527777777777778 0.14722222222222223
3 0.9458333333333333 0.34930555555555554 0.1076388888888889 0.1326388888888889
3 0.9236111111111112 0.2013888888888889 0.12638888888888888 0.1326388888888889