3 0.19305555555555556 0.6597222222222222 0.18888888888888888 0.19027777777777777
3 0.7 0.50625 0.15625 0.1527777777777778
3 0.5256944444444445 0.3972222222222222 0.13472222222222222 0.1326388888888889
3 0.32708333333333334 0.32430555555555557 0.12361111111111112 0.12222222222222222
3 0.7458333333333333 0.2881944444444444 0.12222222222222222 0.11388888888888889
3 0.8972222222222223 0.125 0.09513888888888888 0.09375
3 0.6986111111111111 0.1673611111111111 0.1 0.09375
3 0.375 0.21041666666666667 0.09861111111111111 0.09861111111111111
3 0.425 0.16875 0.09027777777777778 0.08888888888888889
3 0.18472222222222223 0.2152777777777778 0.11527777777777778 0.10277777777777777
3 0.03958333333333333 0.18958333333333333 0.07777777777777778 0.10138888888888889