3 0.9173611111111111 0.45208333333333334 0.16527777777777777 0.15625
3 0.6055555555555555 0.5875 0.2 0.19722222222222222
3 0.4326388888888889 0.4263888888888889 0.16875 0.16875
3 0.1527777777777778 0.475 0.1986111111111111 0.18472222222222223
3 0.022222222222222223 0.29375 0.04375 0.1486111111111111
3 0.04375 0.15486111111111112 0.08611111111111111 0.15
3 0.17777777777777778 0.2701388888888889 0.15625 0.15
3 0.32222222222222224 0.26180555555555557 0.14375 0.1451388888888889
3 0.5798611111111112 0.28958333333333336 0.14027777777777778 0.14027777777777778
3 0.8298611111111112 0.3 0.1423611111111111 0.1361111111111111
3 0.36527777777777776 0.14166666666666666 0.12638888888888888 0.12361111111111112
3 0.2652777777777778 0.06875 0.12361111111111112 0.11527777777777778