3 0.24027777777777778 0.27361111111111114 0.16527777777777777 0.1625
3 0.23055555555555557 0.4666666666666667 0.16527777777777777 0.15625
3 0.3798611111111111 0.5305555555555556 0.1527777777777778 0.15
3 0.4048611111111111 0.3402777777777778 0.1527777777777778 0.15486111111111112
3 0.4576388888888889 0.1875 0.15138888888888888 0.15625
3 0.6305555555555555 0.1326388888888889 0.15 0.15486111111111112
3 0.5847222222222223 0.28958333333333336 0.1486111111111111 0.1486111111111111
3 0.5513888888888889 0.45 0.1486111111111111 0.1486111111111111
3 0.6354166666666666 0.5729166666666666 0.1486111111111111 0.15
3 0.7819444444444444 0.5013888888888889 0.15 0.14375
3 0.75625 0.3298611111111111 0.15 0.1451388888888889