1 0.38246405 0.5881454222222222 0.3917804708333333 0.5907057513888888 0.4007269111111111 0.6028843625 0.4037163402777778 0.6053741291666667 0.4124858125 0.6034671027777777 0.4316401944444444 0.600165876388889 0.44833056388888887 0.5990821791666667 0.45538911388888886 0.5929307083333333 0.46574323749999996 0.5916576083333334 0.4684958486111111 0.5925357555555556 0.48102721527777775 0.6067414472222222 0.48926836249999994 0.6129342527777778 0.5044499694444444 0.6113759194444444 0.5137584222222222 0.5955389916666667 0.5153713861111111 0.5840567944444445 0.5171626125 0.5648550208333333 0.5211367874999999 0.5589484972222223 0.5254432638888888 0.5413149875 0.5246832847222223 0.5157869527777778 0.5109163597222223 0.48483801111111113 0.5272606472222222 0.4446595208333333 0.5561454541666667 0.4079903097222222 0.5702357486111111 0.3721857625 0.6042714055555555 0.29284651805555556 0.6099008499999999 0.27428827777777776 0.6174247513888889 0.2526764236111111 0.6216020527777778 0.23863910416666667 0.6280156972222223 0.21860532361111112 0.6319045083333333 0.20112650138888888 0.6348184791666667 0.1804371986111111 0.6453335347222222 0.15473179027777778 0.6376245888888888 0.1495949486111111 0.6108679388888889 0.1375111986111111 0.6019972805555556 0.14549969861111112 0.5608072708333333 0.2830088777777778 0.5273892847222222 0.3669892166666667 0.47680093611111113 0.44232218055555556 0.4523538263888889 0.47051703333333333 0.42199567083333334 0.5014329527777778 0.3845286972222222 0.5234724583333333 0.33881062083333335 0.5382524125 0.33665054583333337 0.5700289611111111 0.3398514472222222 0.5831591083333333 0.3463786569444444 0.5859210305555556 0.3488012777777778 0.5869129333333334 0.35715071527777775 0.5871070166666666 0.3627759611111111 0.5872074513888889 0.38246405 0.5881454222222222
3 0.18611111111111112 0.12361111111111112 0.022222222222222223 0.02638888888888889
3 0.4083333333333333 0.17083333333333334 0.022222222222222223 0.029861111111111113
3 0.5520833333333334 0.27569444444444446 0.02013888888888889 0.03611111111111111
3 0.6402777777777777 0.5069444444444444 0.02638888888888889 0.0375
3 0.6277777777777778 0.675 0.02638888888888889 0.03611111111111111
3 0.7777777777777778 0.7548611111111111 0.027777777777777776 0.04027777777777778
3 0.5638888888888889 0.7743055555555556 0.029861111111111113 0.03888888888888889
3 0.4701388888888889 0.7902777777777777 0.027777777777777776 0.03888888888888889
3 0.3236111111111111 0.78125 0.029861111111111113 0.03611111111111111
3 0.28125 0.5125 0.027777777777777776 0.03611111111111111