3 0.7881944444444444 0.08819444444444445 0.02638888888888889 0.034722222222222224
3 0.5333333333333333 0.125 0.02361111111111111 0.03263888888888889
3 0.4125 0.17222222222222222 0.025 0.029861111111111113
3 0.18611111111111112 0.12291666666666666 0.025 0.03263888888888889
3 0.5298611111111111 0.2763888888888889 0.02361111111111111 0.034722222222222224
3 0.48055555555555557 0.3645833333333333 0.025 0.034722222222222224
3 0.33194444444444443 0.51875 0.02638888888888889 0.03611111111111111
3 0.05694444444444444 0.7847222222222222 0.02638888888888889 0.03888888888888889
3 0.32222222222222224 0.7805555555555556 0.02638888888888889 0.03888888888888889
3 0.4701388888888889 0.7895833333333333 0.027777777777777776 0.03611111111111111
3 0.8930555555555556 0.7472222222222222 0.02638888888888889 0.04236111111111111