1 0.5797801625 0.2869991333333333 0.5808529597222223 0.3034495611111111 0.5973948861111111 0.3186785986111111 0.6108769819444445 0.3335271763888889 0.6249091472222222 0.33528952638888887 0.6272198708333333 0.35111297222222226 0.6269821888888889 0.3683310222222222 0.6298323263888889 0.38563020972222223 0.6458505569444445 0.3924371625 0.6563113583333333 0.38359489722222223 0.6621214319444445 0.37311711388888885 0.6642656277777778 0.3603828055555555 0.6763478972222222 0.36840352083333333 0.6836314263888889 0.36242336666666664 0.6948745972222222 0.34762363333333335 0.6970650805555556 0.32095074583333333 0.705067576388889 0.31989159166666664 0.710659236111111 0.3096267861111111 0.7107889486111111 0.2844349680555555 0.7012544388888888 0.2781035402777778 0.6915233680555555 0.2671787333333333 0.7209863402777779 0.25133954444444445 0.7550025138888888 0.23757159583333332 0.7786350680555556 0.21949106111111114 0.8028339472222222 0.19454689722222224 0.8294845652777778 0.17930280138888888 0.8480116972222222 0.1564722625 0.8734121166666666 0.1251251777777778 0.8989248125 0.099110275 0.9102899472222222 0.08226271527777777 0.9152762069444444 0.06541798055555556 0.9117351986111111 0.054456841666666665 0.8982649430555556 0.036931033333333335 0.8883333291666667 0.025959518055555558 0.8793612680555556 0.034925268055555556 0.8090895666666666 0.12503116388888888 0.7487933986111112 0.18291788333333334 0.6733178847222222 0.22524976111111109 0.6751039416666667 0.21297539722222222 0.662590875 0.21435106944444446 0.6501620944444445 0.23217111388888892 0.6379924138888888 0.23622535000000003 0.626361073611111 0.22331920000000002 0.61347695 0.23412084861111113 0.6011046833333333 0.23428812916666666 0.5911795263888888 0.21617614861111112 0.5850711666666667 0.22412747222222223 0.5758133055555555 0.2246402152777778 0.5574625 0.21367245555555556 0.5509365833333333 0.23031503194444444 0.55140355 0.23516401666666667 0.5505166569444444 0.24869597777777777 0.5564541833333334 0.2553401722222222 0.5654142930555556 0.2606635513888889 0.5757253611111112 0.26793836249999997 0.5849027013888889 0.2763368305555555 0.5797801625 0.2869991333333333
3 0.18611111111111112 0.12013888888888889 0.017361111111111112 0.029861111111111113
3 0.4097222222222222 0.17222222222222222 0.022222222222222223 0.03263888888888889
3 0.2826388888888889 0.5118055555555555 0.025 0.0375
3 0.5430555555555555 0.2569444444444444 0.022222222222222223 0.03125
3 0.5666666666666667 0.32916666666666666 0.02013888888888889 0.04236111111111111
3 0.6402777777777777 0.5083333333333333 0.02361111111111111 0.03611111111111111
3 0.63125 0.6756944444444445 0.02638888888888889 0.04236111111111111
3 0.7770833333333333 0.7527777777777778 0.029861111111111113 0.04236111111111111
3 0.5638888888888889 0.7722222222222223 0.027777777777777776 0.03888888888888889
3 0.4708333333333333 0.7930555555555555 0.027777777777777776 0.04375
3 0.32222222222222224 0.7805555555555556 0.025 0.0375