3 0.18472222222222223 0.12291666666666666 0.01875 0.027777777777777776
3 0.41041666666666665 0.17916666666666667 0.02361111111111111 0.03263888888888889
3 0.44513888888888886 0.15625 0.025 0.03125
3 0.5277777777777778 0.12777777777777777 0.02361111111111111 0.034722222222222224
3 0.7847222222222222 0.1125 0.02013888888888889 0.03125
3 0.5291666666666667 0.2763888888888889 0.01875 0.03125
3 0.48541666666666666 0.36041666666666666 0.022222222222222223 0.03125
3 0.28125 0.5118055555555555 0.022222222222222223 0.03888888888888889
3 0.33194444444444443 0.5430555555555555 0.02013888888888889 0.034722222222222224
3 0.32083333333333336 0.7826388888888889 0.02638888888888889 0.04236111111111111
1 0.3549053333333333 0.5937013986111112 0.3793190722222222 0.5965937861111111 0.39263722361111114 0.5976194361111111 0.42725287500000003 0.5981301611111111 0.43739257083333327 0.5950224527777778 0.4537552652777778 0.5971104861111112 0.47462756666666667 0.6036339819444444 0.49380929027777776 0.6057101458333334 0.5061207388888889 0.6035417833333334 0.5208280597222222 0.5964692125 0.5256112986111111 0.5888199583333333 0.5270437402777778 0.5754815972222223 0.5267424402777777 0.5605272555555556 0.5253446611111111 0.5392585236111112 0.5239270736111111 0.5295633777777778 0.5222284236111111 0.5133828472222223 0.5196474 0.4978317986111111 0.518156075 0.48807287499999996 0.5201425708333334 0.47339529166666666 0.5285688666666667 0.46518234999999997 0.5514969875 0.4452445222222222 0.5669989472222222 0.4185434986111111 0.5816969027777777 0.3807567625 0.5960288611111111 0.3447488458333333 0.6148304875 0.3059700458333333 0.6265328763888889 0.2794714625 0.6360496236111112 0.24834510833333334 0.6414234097222222 0.21855292777777777 0.6417337513888889 0.18235665833333334 0.6391266777777778 0.16045629861111113 0.6203307569444445 0.1475301263888889 0.6093953458333333 0.1632300486111111 0.5657799666666666 0.2621875736111111 0.5482250930555556 0.3108332388888889 0.5438920277777778 0.3229860986111111 0.5238022027777778 0.3484765111111111 0.5107788930555556 0.37793671111111116 0.48548827361111113 0.42190656666666665 0.4690431208333333 0.43956938333333334 0.45509104166666664 0.4614149625 0.4475067513888889 0.4732872680555556 0.4441624125 0.4780332375 0.4231063597222222 0.4973706430555555 0.4124137972222222 0.5074883513888889 0.3937033472222222 0.51828455 0.38021802222222223 0.5214628180555556 0.36541952638888886 0.5244243972222222 0.35308816388888886 0.5302233833333333 0.353703575 0.5281872625 0.33412786666666666 0.5547591916666667 0.33282745138888886 0.5617080763888889 0.33193049444444445 0.5751974916666667 0.3319293625 0.5856618736111111 0.3469713527777778 0.5921228805555556 0.3549053333333333 0.5937013986111112
3 0.4722222222222222 0.7944444444444444 0.029861111111111113 0.04375