3 0.8916666666666667 0.7493055555555556 0.03125 0.04513888888888889
3 0.4708333333333333 0.7923611111111111 0.029861111111111113 0.03888888888888889
3 0.3229166666666667 0.7819444444444444 0.03125 0.04027777777777778
3 0.05486111111111111 0.7854166666666667 0.03263888888888889 0.03611111111111111
3 0.3326388888888889 0.5180555555555556 0.025 0.034722222222222224
3 0.4798611111111111 0.3645833333333333 0.02013888888888889 0.03263888888888889
3 0.5291666666666667 0.27569444444444446 0.022222222222222223 0.03263888888888889
3 0.5333333333333333 0.12291666666666666 0.02013888888888889 0.03263888888888889
3 0.7881944444444444 0.08680555555555555 0.02013888888888889 0.03263888888888889
3 0.4125 0.16875 0.02361111111111111 0.03263888888888889
3 0.18472222222222223 0.12430555555555556 0.02361111111111111 0.03263888888888889
1 0.5705892583333334 0.2836840597222222 0.5655113902777777 0.2973542388888889 0.5597102513888889 0.30790290555555555 0.5464978097222223 0.32421269583333334 0.5294296027777778 0.34382488055555555 0.5282745625 0.34627504722222224 0.4967739638888889 0.4058447944444445 0.4528218708333333 0.4398668888888889 0.41377648611111106 0.47556300972222226 0.35532138333333335 0.5115148138888889 0.33442287083333333 0.5490279416666667 0.3416550513888889 0.5766122 0.3600267958333333 0.5792690069444445 0.3847893055555555 0.5829428222222223 0.3952571069444445 0.5890634527777777 0.40347435277777777 0.5960564180555555 0.4134661416666667 0.6003704583333334 0.4233071194444444 0.6035070666666666 0.4294785597222222 0.6021879486111111 0.4393194291666666 0.5984992777777778 0.44569130555555553 0.5962400888888889 0.4519932125 0.5943349208333333 0.4612846583333333 0.5940851277777778 0.46828378611111116 0.5948374111111111 0.4854665277777778 0.5999181027777778 0.4880504583333333 0.6003703763888889 0.4923083861111111 0.6021567861111111 0.4952036263888889 0.6035396027777777 0.5009908791666666 0.60263005 0.5058219138888889 0.6019729527777777 0.5190900097222222 0.5934498291666667 0.5257420875000001 0.5797594666666667 0.5267058402777778 0.5681264555555555 0.5268985263888889 0.5528375527777778 0.5291087097222222 0.5384702333333333 0.5309683986111111 0.5072591472222222 0.5310661402777778 0.47931231111111117 0.5309680763888889 0.47001809305555553 0.5342190861111111 0.45612734861111115 0.5535685222222223 0.4369036972222223 0.5712585986111112 0.41850426111111105 0.578744825 0.4037167986111111 0.6134595111111112 0.2916750625 0.6276562666666666 0.22574482222222222 0.6430020347222222 0.16713549027777777 0.616365625 0.14880298472222223 0.6090112638888889 0.16236231527777778 0.6074300569444445 0.16383684722222222 0.6052085708333333 0.17709463611111112 0.6026735125 0.19027810833333333 0.5995825708333333 0.20156775555555556 0.5932301777777778 0.21801394583333333 0.5902101763888888 0.2320923986111111 0.5858120916666667 0.2473434375 0.5810695416666667 0.25869791388888885 0.5705892583333334 0.2836840597222222