3 0.6798611111111111 0.9631944444444445 0.04236111111111111 0.06388888888888888
3 0.88125 0.9347222222222222 0.04236111111111111 0.05763888888888889
3 0.6798611111111111 0.8145833333333333 0.04027777777777778 0.06111111111111111
3 0.6798611111111111 0.9631944444444445 0.04236111111111111 0.06388888888888888
3 0.88125 0.9347222222222222 0.04236111111111111 0.05763888888888889
3 0.6798611111111111 0.8145833333333333 0.04027777777777778 0.06111111111111111
0 0.5625 0.7673611111111112 0.03888888888888889 0.059722222222222225
3 0.6881944444444444 0.2076388888888889 0.05486111111111111 0.06388888888888888
3 0.6472222222222223 0.10625 0.03611111111111111 0.05486111111111111
3 0.6798611111111111 0.9631944444444445 0.04236111111111111 0.06388888888888888
3 0.88125 0.9347222222222222 0.04236111111111111 0.05763888888888889
3 0.6798611111111111 0.8145833333333333 0.04027777777777778 0.06111111111111111
0 0.5625 0.7673611111111112 0.03888888888888889 0.059722222222222225
3 0.6881944444444444 0.2076388888888889 0.05486111111111111 0.06388888888888888
3 0.6472222222222223 0.10625 0.03611111111111111 0.05486111111111111
3 0.8756944444444444 0.2513888888888889 0.04027777777777778 0.05625