3 0.7770833333333333 0.7569444444444444 0.03125 0.04375
3 0.5631944444444444 0.7743055555555556 0.029861111111111113 0.03888888888888889
3 0.6423611111111112 0.5083333333333333 0.025 0.0375
3 0.32430555555555557 0.7826388888888889 0.029861111111111113 0.04375
3 0.47291666666666665 0.7930555555555555 0.03263888888888889 0.03888888888888889
3 0.18541666666666667 0.12430555555555556 0.027777777777777776 0.03263888888888889
3 0.5527777777777778 0.27708333333333335 0.022222222222222223 0.034722222222222224
3 0.6291666666666667 0.675 0.02638888888888889 0.03888888888888889
3 0.2847222222222222 0.51875 0.03125 0.04375
3 0.4131944444444444 0.1736111111111111 0.027777777777777776 0.03611111111111111
1 0.4567901236111111 0.45462962916666666 0.4543209875 0.46944444305555555 0.4444444430555556 0.4787037027777778 0.4320987652777778 0.4879629625 0.42777777777777776 0.4796296291666666 0.4129629625 0.4842592597222222 0.4012345666666667 0.49722222222222223 0.3987654333333333 0.5175925916666667 0.3888888888888889 0.5212962972222221 0.3814814819444445 0.514814813888889 0.3759259263888889 0.514814813888889 0.37222222222222223 0.5175925916666667 0.3697530861111111 0.5324074083333333 0.34012345694444446 0.5416666666666666 0.3358024680555555 0.5509259263888889 0.33518518611111114 0.5648148138888889 0.34197530972222223 0.5824074083333333 0.3567901236111111 0.5842592597222223 0.3771604930555556 0.5777777777777777 0.3993827152777778 0.5907407402777778 0.40493827222222223 0.6037037027777779 0.41728394999999996 0.6055555569444444 0.43518518611111107 0.5981481486111111 0.44012345694444444 0.5740740736111111 0.4561728388888889 0.5694444430555555 0.4580246902777778 0.5731481486111112 0.45308642083333334 0.5898148138888889 0.4666666666666667 0.5888888888888889 0.4759259263888889 0.5833333333333334 0.47839506249999997 0.585185186111111 0.48148148194444446 0.6037037027777779 0.48703703750000005 0.610185186111111 0.4975308638888889 0.6111111111111112 0.5135802472222223 0.6027777777777777 0.5160493833333334 0.5953703708333333 0.5154320986111111 0.5768518513888888 0.5055555569444444 0.5611111111111111 0.5222222222222223 0.5481481486111112 0.5228395055555555 0.5351851861111111 0.519753086111111 0.5064814819444444 0.5111111111111111 0.49444444305555557 0.5154320986111111 0.4777777777777778 0.508641975 0.46944444305555555 0.5407407402777777 0.42129629722222217 0.5870370375 0.3287037027777778 0.6129629624999999 0.25555555555555554 0.6339506166666666 0.16851851805555554 0.6339506166666666 0.15740740833333333 0.6234567902777778 0.14722222222222223 0.6024691361111111 0.14166666666666666 0.58271605 0.22592592638888886 0.5611111111111111 0.2925925916666667 0.5141975305555555 0.38796296249999995 0.4777777777777778 0.44166666666666665 0.47283950555555554 0.4444444430555556 0.4648148138888889 0.4379629625 0.4567901236111111 0.45462962916666666