3 0.45 0.30486111111111114 0.03611111111111111 0.05763888888888889
3 0.6798611111111111 0.9625 0.04236111111111111 0.06388888888888888
0 0.5583333333333333 0.7138888888888889 0.04027777777777778 0.059722222222222225
3 0.6791666666666667 0.8145833333333333 0.04027777777777778 0.06111111111111111
3 0.45 0.30486111111111114 0.03611111111111111 0.05763888888888889
3 0.6798611111111111 0.9625 0.04236111111111111 0.06388888888888888
0 0.5583333333333333 0.7138888888888889 0.04027777777777778 0.059722222222222225
3 0.6791666666666667 0.8145833333333333 0.04027777777777778 0.06111111111111111
3 0.8666666666666667 0.9305555555555556 0.04375 0.06111111111111111
3 0.45 0.30486111111111114 0.03611111111111111 0.05763888888888889
3 0.6798611111111111 0.9625 0.04236111111111111 0.06388888888888888
0 0.5583333333333333 0.7138888888888889 0.04027777777777778 0.059722222222222225
3 0.6791666666666667 0.8145833333333333 0.04027777777777778 0.06111111111111111
3 0.8666666666666667 0.9305555555555556 0.04375 0.06111111111111111
3 0.8756944444444444 0.25069444444444444 0.04027777777777778 0.05625
3 0.6472222222222223 0.10555555555555556 0.03611111111111111 0.05486111111111111