3 0.18611111111111112 0.12291666666666666 0.02638888888888889 0.03263888888888889
3 0.18611111111111112 0.12291666666666666 0.02638888888888889 0.03263888888888889
3 0.4152777777777778 0.17291666666666666 0.02638888888888889 0.03263888888888889
3 0.05625 0.7826388888888889 0.03263888888888889 0.03611111111111111
3 0.7881944444444444 0.08958333333333333 0.02638888888888889 0.034722222222222224
3 0.5326388888888889 0.2763888888888889 0.025 0.034722222222222224
3 0.5368055555555555 0.12291666666666666 0.02638888888888889 0.034722222222222224
3 0.3236111111111111 0.7826388888888889 0.029861111111111113 0.04236111111111111
3 0.48194444444444445 0.36944444444444446 0.02361111111111111 0.034722222222222224
3 0.4736111111111111 0.7895833333333333 0.03125 0.03263888888888889
3 0.8729166666666667 0.6694444444444444 0.03611111111111111 0.04375
3 0.18611111111111112 0.12291666666666666 0.02638888888888889 0.03263888888888889
3 0.4152777777777778 0.17291666666666666 0.02638888888888889 0.03263888888888889
3 0.05625 0.7826388888888889 0.03263888888888889 0.03611111111111111
3 0.7881944444444444 0.08958333333333333 0.02638888888888889 0.034722222222222224
3 0.5326388888888889 0.2763888888888889 0.025 0.034722222222222224
3 0.5368055555555555 0.12291666666666666 0.02638888888888889 0.034722222222222224
3 0.3236111111111111 0.7826388888888889 0.029861111111111113 0.04236111111111111
3 0.48194444444444445 0.36944444444444446 0.02361111111111111 0.034722222222222224
3 0.4736111111111111 0.7895833333333333 0.03125 0.03263888888888889
3 0.8729166666666667 0.6694444444444444 0.03611111111111111 0.04375
3 0.18611111111111112 0.12291666666666666 0.02638888888888889 0.03263888888888889
3 0.4152777777777778 0.17291666666666666 0.02638888888888889 0.03263888888888889
3 0.05625 0.7826388888888889 0.03263888888888889 0.03611111111111111
3 0.7881944444444444 0.08958333333333333 0.02638888888888889 0.034722222222222224
3 0.5326388888888889 0.2763888888888889 0.025 0.034722222222222224
3 0.5368055555555555 0.12291666666666666 0.02638888888888889 0.034722222222222224
3 0.3236111111111111 0.7826388888888889 0.029861111111111113 0.04236111111111111
3 0.48194444444444445 0.36944444444444446 0.02361111111111111 0.034722222222222224
3 0.4736111111111111 0.7895833333333333 0.03125 0.03263888888888889
3 0.8729166666666667 0.6694444444444444 0.03611111111111111 0.04375
3 0.18611111111111112 0.12291666666666666 0.02638888888888889 0.03263888888888889
3 0.4152777777777778 0.17291666666666666 0.02638888888888889 0.03263888888888889
3 0.18541666666666667 0.12430555555555556 0.027777777777777776 0.03263888888888889
3 0.05625 0.7826388888888889 0.03263888888888889 0.03611111111111111
3 0.7881944444444444 0.08958333333333333 0.02638888888888889 0.034722222222222224
3 0.5326388888888889 0.2763888888888889 0.025 0.034722222222222224
3 0.5368055555555555 0.12291666666666666 0.02638888888888889 0.034722222222222224
3 0.05694444444444444 0.7847222222222222 0.03125 0.03611111111111111
3 0.5368055555555555 0.12430555555555556 0.025 0.03611111111111111
3 0.3236111111111111 0.7826388888888889 0.029861111111111113 0.04236111111111111
3 0.4131944444444444 0.17291666666666666 0.02638888888888889 0.03263888888888889
3 0.7875 0.08680555555555555 0.02638888888888889 0.034722222222222224
3 0.48194444444444445 0.36944444444444446 0.02361111111111111 0.034722222222222224
3 0.4736111111111111 0.7895833333333333 0.03125 0.03263888888888889
3 0.4701388888888889 0.7895833333333333 0.03125 0.03263888888888889
3 0.8729166666666667 0.6694444444444444 0.03611111111111111 0.04375
3 0.8722222222222222 0.66875 0.0375 0.04513888888888889
3 0.5333333333333333 0.27569444444444446 0.027777777777777776 0.034722222222222224
1 0.4654320986111111 0.43981481388888893 0.4604938263888889 0.45 0.458641975 0.46574074027777773 0.44074074027777776 0.48148148194444446 0.43148148194444447 0.48518518611111106 0.4240740736111111 0.4796296291666666 0.4080246902777778 0.48518518611111106 0.4012345666666667 0.49444444305555557 0.4006172847222222 0.5101851861111111 0.39814814861111114 0.514814813888889 0.38950617361111106 0.5175925916666667 0.3765432097222222 0.5138888888888888 0.37222222222222223 0.5185185180555555 0.3728395069444444 0.5277777777777778 0.3697530861111111 0.5305555569444445 0.34259259166666667 0.5388888888888889 0.3382716041666667 0.5481481486111112 0.3376543208333333 0.5620370375 0.34444444444444444 0.5805555569444445 0.35308642083333336 0.5814814819444445 0.37777777777777777 0.575 0.4006172847222222 0.5879629625 0.408641975 0.5981481486111111 0.4283950625 0.5962962972222222 0.44506172777777775 0.5842592597222223 0.4666666666666667 0.5861111111111111 0.4777777777777778 0.5824074083333333 0.48271605 0.6027777777777777 0.4901234569444445 0.6092592597222223 0.5043209875 0.6083333333333333 0.5154320986111111 0.5990740736111111 0.5160493833333334 0.575 0.5061728388888889 0.5574074083333334 0.5222222222222223 0.55 0.5246913583333334 0.5388888888888889 0.5203703708333334 0.5083333333333333 0.5123456791666666 0.49722222222222223 0.5166666666666667 0.4796296291666666 0.510493826388889 0.4722222222222222 0.5469135791666667 0.4175925916666667 0.5845679013888889 0.34907407361111115 0.6049382722222223 0.30277777777777776 0.6216049375 0.25555555555555554 0.6364197527777777 0.20277777777777778 0.6407407402777777 0.17222222222222222 0.6302469138888889 0.15925925972222224 0.6148148138888889 0.15462962916666667 0.608641975 0.15925925972222224 0.5938271611111111 0.2222222222222222 0.5679012347222222 0.29351851944444446 0.5370370375 0.35555555555555557 0.5135802472222223 0.39444444444444443 0.47839506249999997 0.4425925916666667 0.4654320986111111 0.43981481388888893
3 0.33641975277777775 0.5046296291666666 0.32901234583333333 0.5037037027777778 0.32222222222222224 0.5129629625 0.32222222222222224 0.5240740736111111 0.32716049305555556 0.5324074083333333 0.33703703749999997 0.5314814819444444 0.341358025 0.525 0.34259259166666667 0.514814813888889 0.33641975277777775 0.5046296291666666