3 0.225 0.13541666666666666 0.017361111111111112 0.0375
3 0.3104166666666667 0.5145833333333333 0.02361111111111111 0.03263888888888889
3 0.20208333333333334 0.7347222222222223 0.02361111111111111 0.03125
3 0.2076388888888889 0.8076388888888889 0.022222222222222223 0.03263888888888889
3 0.5256944444444445 0.7083333333333334 0.02361111111111111 0.029861111111111113
3 0.5138888888888888 0.49444444444444446 0.02013888888888889 0.03125
3 0.5520833333333334 0.6145833333333334 0.02638888888888889 0.03888888888888889
3 0.5708333333333333 0.49166666666666664 0.02013888888888889 0.03263888888888889
3 0.7520833333333333 0.13819444444444445 0.02013888888888889 0.0375
3 0.8048611111111111 0.3854166666666667 0.025 0.03611111111111111
3 0.7125 0.58125 0.02361111111111111 0.034722222222222224