3 0.6451388888888889 0.5076388888888889 0.025 0.03611111111111111
3 0.63125 0.6763888888888889 0.029861111111111113 0.03888888888888889
3 0.7777777777777778 0.7513888888888889 0.027777777777777776 0.04375
3 0.5638888888888889 0.7736111111111111 0.022222222222222223 0.03611111111111111
3 0.4722222222222222 0.7923611111111111 0.02638888888888889 0.0375
3 0.32430555555555557 0.78125 0.02638888888888889 0.029861111111111113
3 0.2826388888888889 0.5131944444444444 0.022222222222222223 0.029861111111111113
3 0.4097222222222222 0.17222222222222222 0.02013888888888889 0.034722222222222224
3 0.18680555555555556 0.125 0.022222222222222223 0.029861111111111113
1 0.6224092027777778 0.3393176222222222 0.6328698625 0.3393176222222222 0.6296009055555556 0.36677685138888894 0.6367926097222222 0.3844292138888889 0.6498684333333333 0.3912940208333333 0.6537911791666666 0.38737127361111107 0.6577139263888889 0.37952577916666663 0.6629442569444445 0.37069959861111107 0.6668670027777778 0.35696998472222224 0.6792890361111111 0.36285410416666664 0.6936724416666666 0.34324037083333336 0.6975951888888888 0.3314721277777778 0.6943262333333333 0.31381976666666667 0.7015179361111111 0.3040128986111111 0.7047868916666666 0.2951867166666667 0.7021717263888889 0.2785150416666667 0.696941398611111 0.2706695486111111 0.6923648597222223 0.26772748888888886 0.6805966180555555 0.268708175 0.7466295263888889 0.23732619861111112 0.8061245250000001 0.19221460833333334 0.8355451277777778 0.16279400416666664 0.8715036416666666 0.1176824125 0.9120386958333333 0.06766738750000001 0.8924249611111111 0.027459229166666665 0.8178927652777778 0.12258584583333333 0.7590515597222222 0.17652361805555555 0.6930186500000001 0.22065452361111113 0.6387539833333333 0.2334034513888889 0.5929886 0.23144207777777778 0.5635679972222222 0.2137897152777778 0.5524535472222222 0.2216352111111111 0.550492173611111 0.24321031944444446 0.5759900291666666 0.26772748888888886 0.5844893138888889 0.2883219111111111 0.579258986111111 0.29714809166666667 0.5988727208333333 0.3167618263888889 0.6119485444444445 0.31283907916666664 0.6224092027777778 0.3393176222222222
3 0.5666666666666667 0.33125 0.01875 0.029861111111111113
3 0.5430555555555555 0.25625 0.01875 0.03125