1 0.6527777777777778 0.3928571416666667 0.6666666666666666 0.3586309513888889 0.6765873013888889 0.3616071416666667 0.7073412708333333 0.2991071416666667 0.6855158736111111 0.2678571416666667 0.7113095236111112 0.2559523819444445 0.8184523819444445 0.18154761944444442 0.9126984125000001 0.06398809583333334 0.885912698611111 0.028273809722222223 0.7678571444444444 0.16666666666666666 0.6795634916666666 0.2232142861111111 0.6130952375 0.2366071416666667 0.5585317458333333 0.2142857138888889 0.549603175 0.2425595236111111 0.58829365 0.2797619041666667 0.5803571430555555 0.3065476180555555 0.6190476180555555 0.3154761902777778 0.6210317458333333 0.3392857138888889 0.6359126986111111 0.3511904763888889 0.6319444430555555 0.3779761902777778 0.6527777777777778 0.3928571416666667
3 0.28888888888888886 0.5 0.2763888888888889 0.4979166666666667 0.26805555555555555 0.5052083333333334 0.2673611111111111 0.5239583333333333 0.27708333333333335 0.5375 0.2916666666666667 0.534375 0.2972222222222222 0.5208333333333334 0.29583333333333334 0.5072916666666667 0.28888888888888886 0.5
3 0.4125 0.16041666666666668 0.4027777777777778 0.159375 0.3951388888888889 0.171875 0.3958333333333333 0.18958333333333333 0.40208333333333335 0.19479166666666667 0.4173611111111111 0.190625 0.4215277777777778 0.18229166666666666 0.41875 0.165625 0.4125 0.16041666666666668
3 0.5430555555555555 0.2569444444444444 0.01875 0.029861111111111113
3 0.5666666666666667 0.33125 0.02013888888888889 0.027777777777777776
3 0.64375 0.5097222222222222 0.025 0.029861111111111113
3 0.6298611111111111 0.675 0.02638888888888889 0.034722222222222224
3 0.7798611111111111 0.7555555555555555 0.02638888888888889 0.034722222222222224
3 0.5645833333333333 0.7743055555555556 0.02638888888888889 0.0375
3 0.46944444444444444 0.7930555555555555 0.022222222222222223 0.034722222222222224
3 0.32430555555555557 0.7826388888888889 0.025 0.03611111111111111
3 0.18611111111111112 0.12361111111111112 0.017361111111111112 0.029861111111111113