3 0.4673611111111111 0.11458333333333333 0.022222222222222223 0.0375
3 0.31875 0.09930555555555555 0.02013888888888889 0.029861111111111113
3 0.21875 0.10277777777777777 0.022222222222222223 0.0375
3 0.27291666666666664 0.5347222222222222 0.02361111111111111 0.03263888888888889
3 0.20277777777777778 0.7347222222222223 0.022222222222222223 0.03263888888888889
3 0.20833333333333334 0.8069444444444445 0.02013888888888889 0.03125
3 0.5451388888888888 0.44722222222222224 0.01875 0.027777777777777776
3 0.5756944444444444 0.5770833333333333 0.02013888888888889 0.03611111111111111
3 0.7076388888888889 0.5791666666666667 0.01875 0.03611111111111111
3 0.7229166666666667 0.6763888888888889 0.02638888888888889 0.03125
3 0.7833333333333333 0.7743055555555556 0.025 0.03611111111111111