1 0.4808766208333334 0.36750884166666664 0.4802706277777778 0.3598480236111111 0.4767773347222222 0.3515535083333333 0.47130778472222223 0.34701574444444444 0.44748082222222224 0.3307057333333333 0.44432394861111113 0.32701328888888886 0.4437995791666667 0.31962830833333333 0.44040583055555554 0.30826495972222223 0.4343086125 0.3006701708333333 0.42237284861111113 0.29338600416666666 0.40131717361111113 0.2838021680555555 0.3884316097222222 0.27146793611111114 0.37780895000000003 0.2584237138888889 0.3624055652777778 0.24306433611111114 0.3493938138888889 0.23925517777777777 0.3280358097222222 0.2357699527777778 0.30091331111111114 0.23235361805555554 0.28536490833333333 0.23004659027777777 0.25836647777777777 0.2259438375 0.21614086805555555 0.2227780486111111 0.20132851944444446 0.2235469833333333 0.18279145277777778 0.22657090138888888 0.16488968472222224 0.23233813333333334 0.1419479125 0.24091448194444445 0.12441308055555554 0.24741436111111112 0.10890330972222222 0.25773620694444443 0.10046295972222222 0.2702265236111111 0.10192483611111111 0.28536333333333336 0.10886461805555556 0.29361384166666665 0.12289574027777778 0.2995145444444445 0.1420667125 0.3026671180555555 0.17607413472222222 0.3002170388888889 0.20683125 0.29282288333333334 0.2300851 0.2825548986111111 0.24876312916666668 0.2754922597222222 0.26980736111111114 0.2736461277777778 0.29883472499999997 0.27300317083333336 0.31162806944444443 0.27426574444444446 0.3147040472222222 0.2794324777777778 0.3149150055555555 0.2894618625 0.3154296875 0.30169596111111113 0.3150517291666667 0.31310290416666664 0.3148034722222222 0.32948412222222223 0.31515950972222223 0.3403288513888889 0.31821471944444446 0.3551888236111111 0.32869865833333334 0.37360636388888885 0.3400746902777778 0.3841965986111111 0.3498802791666667 0.38734799444444445 0.3866787875 0.38364519305555556 0.39745524583333336 0.37613650833333334 0.4079170833333334 0.3722958333333333 0.43007115 0.3832553666666667 0.4371130805555556 0.38467171111111115 0.4440902222222222 0.3850363777777778 0.4303030597222222 0.36682419583333337 0.43035392222222224 0.36682419583333337 0.4297931 0.36595062916666665 0.4315454388888889 0.3639846986111111 0.43784635 0.36721801666666665 0.4536509444444444 0.37793804305555556 0.4611046208333333 0.3834607263888889 0.46441408055555555 0.3851243888888889 0.4669658125 0.3850086763888889 0.4706827791666666 0.38060724166666665 0.47702789305555554 0.3760882777777778 0.4808766208333334 0.36750884166666664
3 0.18263888888888888 0.12222222222222222 0.025 0.03263888888888889
3 0.4111111111111111 0.16805555555555557 0.022222222222222223 0.029861111111111113
3 0.5326388888888889 0.12361111111111112 0.025 0.029861111111111113
3 0.7881944444444444 0.0875 0.02361111111111111 0.04236111111111111
3 0.5305555555555556 0.27569444444444446 0.025 0.03263888888888889
3 0.5104166666666666 0.3277777777777778 0.02013888888888889 0.03125
3 0.8944444444444445 0.7486111111111111 0.029861111111111113 0.04236111111111111
3 0.4875 0.7680555555555556 0.022222222222222223 0.03263888888888889
3 0.4708333333333333 0.7881944444444444 0.02638888888888889 0.0375
3 0.31875 0.7833333333333333 0.02638888888888889 0.04375
3 0.05416666666666667 0.7819444444444444 0.034722222222222224 0.0375