3 0.6 0.5048611111111111 0.28055555555555556 0.24930555555555556
0 0.19652777777777777 0.40555555555555556 0.24305555555555555 0.2361111111111111
0 0.27152777777777776 0.18333333333333332 0.24861111111111112 0.24930555555555556
0 0.6645833333333333 0.28125 0.24305555555555555 0.22847222222222222
0 0.4986111111111111 0.11805555555555555 0.24305555555555555 0.22083333333333333
0 0.4305555555555556 0.34305555555555556 0.24583333333333332 0.24375
3 0.8847222222222222 0.21805555555555556 0.2298611111111111 0.24166666666666667
0 0.1284722222222222 0.6305555555555555 0.2513888888888889 0.24930555555555556
0 0.3638888888888889 0.56875 0.23541666666666666 0.2388888888888889
3 0.5319444444444444 0.7375 0.2513888888888889 0.2465277777777778
3 0.7805555555555556 0.6770833333333334 0.26180555555555557 0.25416666666666665
3 0.7118055555555556 0.8875 0.2763888888888889 0.225