3 0.26458333333333334 0.21180555555555555 0.21041666666666667 0.3277777777777778
3 0.14444444444444443 0.3527777777777778 0.18958333333333333 0.2826388888888889
3 0.09722222222222222 0.5881944444444445 0.19375 0.30833333333333335
3 0.28888888888888886 0.5048611111111111 0.19652777777777777 0.2611111111111111
3 0.21388888888888888 0.7965277777777777 0.20277777777777778 0.26458333333333334
3 0.3020833333333333 0.7826388888888889 0.2222222222222222 0.3277777777777778
3 0.5090277777777777 0.8375 0.1951388888888889 0.28680555555555554
3 0.48819444444444443 0.41597222222222224 0.2013888888888889 0.29444444444444445
3 0.38263888888888886 0.21944444444444444 0.1638888888888889 0.2826388888888889
3 0.5736111111111111 0.19791666666666666 0.20416666666666666 0.28680555555555554
3 0.8055555555555556 0.2798611111111111 0.2013888888888889 0.29305555555555557
3 0.6979166666666666 0.50625 0.19652777777777777 0.30972222222222223
3 0.8993055555555556 0.5819444444444445 0.20069444444444445 0.30486111111111114
3 0.7194444444444444 0.8013888888888889 0.2076388888888889 0.30486111111111114