3 0.49713541666666666 0.09722222222222222 0.49114583333333334 0.10324074027777777 0.4895833333333333 0.11898148194444445 0.49296875 0.12685185138888888 0.4984375 0.12916666666666668 0.5052083333333334 0.11898148194444445 0.5052083333333334 0.10972222222222222 0.5018229166666667 0.1 0.49713541666666666 0.09722222222222222
3 0.6596354166666667 0.1388888888888889 0.6557291666666667 0.1486111111111111 0.65625 0.16064814861111112 0.6611979166666667 0.16666666666666666 0.6666666666666666 0.16620370416666666 0.6708333333333333 0.16064814861111112 0.6713541666666667 0.14212962916666666 0.6669270833333333 0.13703703750000001 0.6596354166666667 0.1388888888888889
3 0.80703125 0.13240740694444444 0.8026041666666667 0.1393518513888889 0.8015625 0.1504629625 0.8044270833333333 0.15833333333333333 0.8119791666666667 0.1597222222222222 0.8171875 0.15138888888888888 0.8182291666666667 0.14027777777777778 0.8153645833333333 0.13333333333333333 0.80703125 0.13240740694444444
3 0.78828125 0.1620370375 0.7828125 0.16990740694444445 0.7817708333333333 0.18101851805555558 0.78515625 0.18888888888888888 0.7927083333333333 0.1893518513888889 0.7979166666666667 0.18009259305555553 0.7979166666666667 0.16805555555555557 0.7950520833333333 0.1629629625 0.78828125 0.1620370375
3 0.8049479166666667 0.22037037083333333 0.79921875 0.22037037083333333 0.7932291666666667 0.23009259305555554 0.7942708333333334 0.24305555555555555 0.8015625 0.24768518472222223 0.80703125 0.24444444444444444 0.8098958333333334 0.23472222222222222 0.8083333333333333 0.22361111111111112 0.8049479166666667 0.22037037083333333
3 0.81171875 0.3768518513888889 0.8057291666666667 0.38472222222222224 0.8052083333333333 0.3958333333333333 0.8091145833333333 0.4027777777777778 0.8161458333333333 0.4041666666666667 0.8203125 0.39861111111111114 0.821875 0.38657407361111107 0.81796875 0.37777777777777777 0.81171875 0.3768518513888889
3 0.7169270833333333 0.43148148194444447 0.7109375 0.4384259263888889 0.7098958333333333 0.4476851847222222 0.7138020833333333 0.45740740694444443 0.71875 0.4587962958333333 0.7260416666666667 0.4513888888888889 0.7265625 0.44305555555555554 0.7221354166666667 0.4324074069444444 0.7169270833333333 0.43148148194444447
3 0.52578125 0.6 0.5213541666666667 0.6069444444444444 0.5208333333333334 0.6208333333333333 0.5252604166666667 0.6277777777777778 0.5307291666666667 0.6273148152777778 0.5354166666666667 0.6189814819444445 0.5354166666666667 0.6078703708333334 0.5315104166666667 0.6009259263888889 0.52578125 0.6
3 0.50234375 0.8944444444444445 0.49635416666666665 0.9032407402777778 0.49583333333333335 0.914351851388889 0.49921875 0.9240740736111112 0.50625 0.9263888888888889 0.5109375 0.9199074069444445 0.5125 0.9060185180555556 0.50859375 0.8962962958333334 0.50234375 0.8944444444444445
3 0.7846354166666667 0.748148148611111 0.7802083333333333 0.7597222222222222 0.78125 0.7680555555555556 0.7856770833333333 0.775 0.7921875 0.7754629625 0.7973958333333333 0.7689814819444444 0.7973958333333333 0.7569444444444444 0.7924479166666667 0.748148148611111 0.7846354166666667 0.748148148611111
3 0.8044270833333333 0.7962962958333334 0.8005208333333333 0.8023148152777777 0.8005208333333333 0.8152777777777778 0.8059895833333334 0.8240740736111112 0.8119791666666667 0.8245370375 0.8166666666666667 0.8180555555555555 0.8161458333333333 0.8023148152777777 0.8111979166666666 0.7962962958333334 0.8044270833333333 0.7962962958333334
0 0.8080729166666667 0.8972222222222223 0.8036458333333333 0.9069444444444444 0.8046875 0.9189814819444444 0.80859375 0.925 0.8166666666666667 0.9263888888888889 0.8213541666666667 0.9199074069444445 0.8203125 0.9023148152777777 0.8158854166666667 0.8962962958333334 0.8080729166666667 0.8972222222222223
1 0.7807291666666667 0.7939814819444444 0.7776041666666667 0.7773148152777777 0.7791666666666667 0.7662037041666666 0.7755208333333333 0.7523148152777778 0.78125 0.7328703708333333 0.7807291666666667 0.7273148152777777 0.77734375 0.7231481486111111 0.7684895833333333 0.725 0.7661458333333333 0.7208333333333333 0.7520833333333333 0.6875 0.7473958333333334 0.6634259263888889 0.7369791666666666 0.6458333333333334 0.7364583333333333 0.6412037041666667 0.7416666666666667 0.6375 0.7489583333333333 0.6152777777777778 0.7442708333333333 0.6078703708333334 0.7390625 0.5865740736111111 0.72265625 0.5722222222222222 0.7143229166666667 0.575 0.7096354166666666 0.5851851847222223 0.70078125 0.5898148152777778 0.6932291666666667 0.5995370375 0.6890625 0.6199074069444445 0.6744791666666666 0.6486111111111111 0.6770833333333334 0.6578703708333333 0.6744791666666666 0.6717592597222223 0.6830729166666667 0.6722222222222223 0.6901041666666666 0.6837962958333333 0.6859375 0.7041666666666667 0.690625 0.7115740736111111 0.6807291666666667 0.7189814819444444 0.6760416666666667 0.7319444444444444 0.6770833333333334 0.7393518513888889 0.6807291666666667 0.7495370374999999 0.6903645833333333 0.7638888888888888 0.6966145833333334 0.7629629625000001 0.70234375 0.7546296291666668 0.7041666666666667 0.7569444444444444 0.7072916666666667 0.7736111111111111 0.7203125 0.7949074069444445 0.7130208333333333 0.8087962958333333 0.7239583333333334 0.8263888888888888 0.72421875 0.8305555555555556 0.7276041666666667 0.8300925930555555 0.725 0.8226851847222223 0.7299479166666667 0.8101851847222222 0.7388020833333333 0.8351851847222223 0.74765625 0.8333333333333334 0.7533854166666667 0.8259259263888888 0.7690104166666667 0.8638888888888889 0.7791666666666667 0.8662037041666666 0.7875 0.8523148152777777 0.7869791666666667 0.8439814819444444 0.7765625 0.8097222222222222 0.7807291666666667 0.7939814819444444