3 0.32421875 0.8574074069444445 0.3171875 0.8662037041666666 0.31614583333333335 0.8800925930555555 0.31953125 0.8879629625000001 0.3265625 0.889351851388889 0.33177083333333335 0.8828703708333333 0.3338541666666667 0.8699074069444445 0.3299479166666667 0.8592592597222222 0.32421875 0.8574074069444445
3 0.38255208333333335 0.8824074069444445 0.3763020833333333 0.8851851847222223 0.371875 0.8995370374999999 0.3723958333333333 0.9078703708333333 0.37526041666666665 0.9138888888888889 0.38125 0.9152777777777777 0.38567708333333334 0.9138888888888889 0.39010416666666664 0.9023148152777777 0.3885416666666667 0.8884259263888888 0.38255208333333335 0.8824074069444445
3 0.4783854166666667 0.8759259263888889 0.47291666666666665 0.8847222222222222 0.47239583333333335 0.8958333333333334 0.4747395833333333 0.9037037041666666 0.4828125 0.9060185180555556 0.48802083333333335 0.8995370374999999 0.48854166666666665 0.8856481486111111 0.48463541666666665 0.876851851388889 0.4783854166666667 0.8759259263888889
3 0.6861979166666666 0.7953703708333333 0.6817708333333333 0.8023148152777777 0.6822916666666666 0.8162037041666667 0.68671875 0.8231481486111111 0.6927083333333334 0.8236111111111111 0.6973958333333333 0.8171296291666668 0.6973958333333333 0.8041666666666667 0.6908854166666667 0.7944444444444444 0.6861979166666666 0.7953703708333333
3 0.5481770833333334 0.5379629625 0.5432291666666667 0.5458333333333333 0.5432291666666667 0.5587962958333333 0.5481770833333334 0.5657407402777778 0.5541666666666667 0.5652777777777778 0.5578125 0.5587962958333333 0.5578125 0.5467592597222223 0.55390625 0.5388888888888889 0.5481770833333334 0.5379629625
3 0.43984375 0.4787037041666667 0.43645833333333334 0.4865740736111111 0.4359375 0.49583333333333335 0.4388020833333333 0.5027777777777778 0.44635416666666666 0.5050925930555555 0.4515625 0.4976851847222222 0.4515625 0.4865740736111111 0.44817708333333334 0.4787037041666667 0.43984375 0.4787037041666667
3 0.6158854166666666 0.5138888888888888 0.6114583333333333 0.5189814819444445 0.6104166666666667 0.5319444444444444 0.61328125 0.5398148152777777 0.6203125 0.5421296291666666 0.625 0.5365740736111111 0.6260416666666667 0.5236111111111111 0.6200520833333333 0.5138888888888888 0.6158854166666666 0.5138888888888888
3 0.69140625 0.5157407402777777 0.6911458333333333 0.5310185180555556 0.69453125 0.5361111111111111 0.7005208333333334 0.5365740736111111 0.7057291666666666 0.5300925930555556 0.7057291666666666 0.5171296291666666 0.70234375 0.5138888888888888 0.69140625 0.5157407402777777
3 0.7684895833333333 0.22592592638888886 0.7625 0.23379629583333333 0.7619791666666667 0.24583333333333332 0.7674479166666667 0.2546296291666667 0.7729166666666667 0.25416666666666665 0.7770833333333333 0.24953703749999998 0.7791666666666667 0.2375 0.77578125 0.22777777777777777 0.7684895833333333 0.22592592638888886
3 0.7325520833333333 0.22962962916666668 0.7252604166666666 0.23240740694444445 0.721875 0.2421296291666667 0.7229166666666667 0.25324074027777776 0.7302083333333333 0.25879629583333336 0.7346354166666667 0.2564814819444444 0.7385416666666667 0.2467592597222222 0.7380208333333333 0.23657407361111113 0.7325520833333333 0.22962962916666668
3 0.6591145833333333 0.13425925972222222 0.6520833333333333 0.14027777777777778 0.6505208333333333 0.15509259305555556 0.6549479166666666 0.1638888888888889 0.6609375 0.1634259263888889 0.665625 0.15694444444444444 0.6666666666666666 0.14490740694444443 0.66328125 0.1361111111111111 0.6591145833333333 0.13425925972222222
0 0.6861979166666666 0.5453703708333334 0.68125 0.5523148152777778 0.6807291666666667 0.5634259263888889 0.6841145833333333 0.5722222222222222 0.6911458333333333 0.5736111111111111 0.6963541666666667 0.5671296291666666 0.6973958333333333 0.5578703708333334 0.6934895833333333 0.5481481486111112 0.6861979166666666 0.5453703708333334
1 0.70234375 0.5101851847222222 0.7059895833333333 0.5148148152777778 0.71796875 0.5111111111111111 0.7221354166666667 0.5157407402777777 0.72578125 0.5055555555555555 0.7283854166666667 0.5083333333333333 0.7377604166666667 0.5055555555555555 0.74921875 0.4824074069444444 0.7731770833333333 0.48055555555555557 0.7786458333333334 0.4736111111111111 0.7807291666666667 0.4662037041666667 0.7802083333333333 0.4532407402777778 0.77421875 0.4444444444444444 0.7528645833333333 0.44074074027777776 0.7388020833333333 0.42685185138888887 0.7372395833333333 0.41574074027777774 0.7291666666666666 0.4134259263888889 0.7260416666666667 0.3884259263888889 0.72265625 0.3814814819444445 0.7208333333333333 0.38287037083333336 0.7203125 0.39490740694444443 0.7229166666666667 0.40509259305555556 0.71796875 0.4129629625 0.71484375 0.4083333333333333 0.6877604166666667 0.4129629625 0.6799479166666667 0.3972222222222222 0.6606770833333333 0.39814814861111114 0.6549479166666666 0.40185185138888885 0.6518229166666667 0.3962962958333333 0.64765625 0.3990740736111111 0.6315104166666666 0.3962962958333333 0.6114583333333333 0.40509259305555556 0.6145833333333334 0.43287037083333335 0.6104166666666667 0.4495370375 0.6104166666666667 0.4634259263888889 0.6166666666666667 0.4847222222222222 0.61953125 0.5138888888888888 0.6299479166666667 0.5157407402777777 0.6315104166666666 0.5240740736111111 0.6330729166666667 0.5157407402777777 0.63984375 0.5166666666666667 0.6455729166666667 0.5111111111111111 0.6559895833333333 0.5092592597222223 0.6588541666666666 0.5236111111111111 0.6627604166666666 0.5305555555555556 0.66953125 0.5305555555555556 0.6705729166666666 0.5277777777777778 0.6752604166666667 0.5305555555555556 0.6778645833333333 0.5240740736111111 0.6828125 0.5300925930555556 0.68671875 0.5055555555555555 0.6903645833333333 0.5120370375000001 0.69765625 0.5148148152777778 0.70234375 0.5101851847222222