0 0.6430555555555556 0.8173611111111111 0.01597222222222222 0.029166666666666667
3 0.6020833333333333 0.6833333333333333 0.014583333333333334 0.02847222222222222
3 0.5381944444444444 0.4513888888888889 0.022222222222222223 0.0375
3 0.45208333333333334 0.3888888888888889 0.01597222222222222 0.030555555555555555
3 0.4534722222222222 0.15347222222222223 0.013888888888888888 0.029861111111111113
3 0.5486111111111112 0.14652777777777778 0.015277777777777777 0.02847222222222222
3 0.7388888888888889 0.13125 0.01597222222222222 0.02847222222222222
3 0.24097222222222223 0.28541666666666665 0.017361111111111112 0.029166666666666667
3 0.3729166666666667 0.6083333333333333 0.01597222222222222 0.03125
3 0.34930555555555554 0.7083333333333334 0.016666666666666666 0.03333333333333333
3 0.2111111111111111 0.6923611111111111 0.018055555555555554 0.030555555555555555
3 0.16666666666666666 0.5194444444444445 0.018055555555555554 0.03125