0 0.6528645833333333 0.6638888888888889 0.6489583333333333 0.6717592597222223 0.6494791666666667 0.6837962958333333 0.65390625 0.6916666666666667 0.6598958333333333 0.6921296291666666 0.6651041666666667 0.6828703708333334 0.6645833333333333 0.6717592597222223 0.6591145833333333 0.6629629625 0.6528645833333333 0.6638888888888889
1 0.32265625 0.5268518513888889 0.325 0.5236111111111111 0.32578125 0.5120370375000001 0.3294270833333333 0.5379629625 0.33359375 0.5305555555555556 0.3372395833333333 0.5342592597222222 0.365625 0.5365740736111111 0.3671875 0.5310185180555556 0.3671875 0.5023148152777778 0.3729166666666667 0.4949074069444444 0.37447916666666664 0.47453703750000004 0.3729166666666667 0.4597222222222222 0.3671875 0.44675925972222225 0.36484375 0.41574074027777774 0.35546875 0.41759259305555557 0.34921875 0.4111111111111111 0.34765625 0.41574074027777774 0.34296875 0.41759259305555557 0.33203125 0.4185185180555555 0.3294270833333333 0.41574074027777774 0.32760416666666664 0.41898148194444446 0.32578125 0.4444444444444444 0.32265625 0.43148148194444447 0.31015625 0.4398148152777778 0.3104166666666667 0.41898148194444446 0.3059895833333333 0.41203703750000004 0.2825520833333333 0.4101851847222222 0.2794270833333333 0.43425925972222224 0.26796875 0.42592592638888893 0.24713541666666666 0.42685185138888887 0.24348958333333334 0.41944444444444445 0.24036458333333333 0.4287037041666667 0.23463541666666668 0.42685185138888887 0.23151041666666666 0.43148148194444447 0.22005208333333334 0.4305555555555556 0.2109375 0.4449074069444444 0.20807291666666666 0.4583333333333333 0.17317708333333334 0.45925925972222226 0.1671875 0.4662037041666667 0.16458333333333333 0.47638888888888886 0.16666666666666666 0.49398148194444447 0.17473958333333334 0.5018518513888889 0.19296875 0.5027777777777778 0.20078125 0.5 0.20390625 0.49166666666666664 0.2046875 0.5023148152777778 0.20885416666666667 0.5087962958333333 0.2109375 0.5226851847222223 0.21953125 0.5314814819444444 0.22942708333333334 0.5259259263888889 0.23411458333333332 0.5277777777777778 0.23567708333333334 0.5342592597222222 0.23984375 0.5287037041666667 0.24505208333333334 0.5333333333333333 0.2591145833333333 0.5351851847222222 0.27578125 0.5333333333333333 0.27890625 0.525 0.28046875 0.5518518513888888 0.2825520833333333 0.5546296291666667 0.2984375 0.5541666666666667 0.3078125 0.5513888888888889 0.3072916666666667 0.5300925930555556 0.30963541666666666 0.525 0.32265625 0.5268518513888889
3 0.4747395833333333 0.07592592638888888 0.46979166666666666 0.08194444444444444 0.46875 0.09675925972222223 0.47265625 0.10648148194444446 0.4796875 0.10694444444444444 0.48333333333333334 0.10231481527777778 0.48489583333333336 0.08935185138888889 0.48098958333333336 0.07777777777777778 0.4747395833333333 0.07592592638888888
3 0.4903645833333333 0.06296296250000001 0.48333333333333334 0.06990740694444444 0.4822916666666667 0.07916666666666666 0.4856770833333333 0.09259259305555556 0.49166666666666664 0.09490740694444444 0.496875 0.08842592638888888 0.4979166666666667 0.0763888888888889 0.496875 0.06990740694444444 0.4903645833333333 0.06296296250000001
3 0.5315104166666667 0.28518518472222226 0.5265625 0.2921296291666667 0.5255208333333333 0.3013888888888889 0.5294270833333333 0.3120370375 0.5348958333333333 0.3134259263888889 0.540625 0.30694444444444446 0.5416666666666666 0.2976851847222222 0.5372395833333333 0.2861111111111111 0.5315104166666667 0.28518518472222226
3 0.44296875 0.47685185138888886 0.43697916666666664 0.48287037083333334 0.4354166666666667 0.49583333333333335 0.4388020833333333 0.5027777777777778 0.44427083333333334 0.5050925930555555 0.4505208333333333 0.4986111111111111 0.4515625 0.49027777777777776 0.44817708333333334 0.4787037041666667 0.44296875 0.47685185138888886
3 0.6591145833333333 0.13425925972222222 0.6520833333333333 0.14027777777777778 0.6505208333333333 0.15509259305555556 0.65546875 0.1638888888888889 0.6609375 0.1634259263888889 0.665625 0.15694444444444444 0.6666666666666666 0.14490740694444443 0.66328125 0.1361111111111111 0.6591145833333333 0.13425925972222222
3 0.72890625 0.22962962916666668 0.7229166666666667 0.2375 0.721875 0.24768518472222223 0.72578125 0.25833333333333336 0.73125 0.25879629583333336 0.7375 0.2513888888888889 0.7385416666666667 0.24027777777777778 0.73515625 0.23148148194444443 0.72890625 0.22962962916666668
3 0.7736979166666667 0.22592592638888886 0.7684895833333333 0.22592592638888886 0.7619791666666667 0.2356481486111111 0.7625 0.24861111111111112 0.7697916666666667 0.25509259305555554 0.77578125 0.2518518513888889 0.7786458333333334 0.24398148194444444 0.778125 0.23194444444444445 0.7736979166666667 0.22592592638888886
3 0.6752604166666667 0.5092592597222223 0.6713541666666667 0.5143518513888888 0.6697916666666667 0.5245370375 0.67421875 0.5351851847222222 0.6802083333333333 0.5356481486111111 0.6854166666666667 0.5291666666666667 0.6859375 0.5189814819444445 0.68203125 0.5101851847222222 0.6752604166666667 0.5092592597222223
3 0.6940104166666666 0.5611111111111111 0.6869791666666667 0.5689814819444444 0.6864583333333333 0.5791666666666667 0.68984375 0.5870370375 0.6953125 0.5893518513888889 0.7015625 0.5837962958333333 0.7026041666666667 0.5708333333333333 0.7002604166666667 0.5648148152777778 0.6940104166666666 0.5611111111111111
3 0.6309895833333333 0.700925926388889 0.6260416666666667 0.7106481486111111 0.6270833333333333 0.7217592597222222 0.6315104166666666 0.7287037041666666 0.6369791666666667 0.7282407402777779 0.640625 0.7245370375 0.6421875 0.7115740736111111 0.6377604166666667 0.7018518513888888 0.6309895833333333 0.700925926388889
3 0.3841145833333333 0.8824074069444445 0.3763020833333333 0.8851851847222223 0.3723958333333333 0.8949074069444445 0.3729166666666667 0.9097222222222222 0.37526041666666665 0.9138888888888889 0.38177083333333334 0.9152777777777777 0.38567708333333334 0.9138888888888889 0.39010416666666664 0.9041666666666667 0.38958333333333334 0.8921296291666667 0.3841145833333333 0.8824074069444445