3 0.16692708333333334 0.04722222222222222 0.16197916666666667 0.05601851805555556 0.1625 0.06805555555555555 0.16692708333333334 0.07685185138888889 0.17395833333333333 0.07824074027777778 0.1796875 0.07175925972222222 0.1796875 0.05787037083333333 0.17473958333333334 0.04814814861111111 0.16692708333333334 0.04722222222222222
3 0.23619791666666667 0.049074073611111116 0.2328125 0.05601851805555556 0.23333333333333334 0.06990740694444444 0.23880208333333333 0.07870370416666667 0.24479166666666666 0.07916666666666666 0.25 0.07083333333333333 0.24895833333333334 0.05601851805555556 0.24296875 0.04814814861111111 0.23619791666666667 0.049074073611111116
3 0.26640625 0.10555555555555556 0.26197916666666665 0.1125 0.2625 0.12824074027777776 0.2669270833333333 0.1351851847222222 0.27239583333333334 0.1365740736111111 0.2786458333333333 0.13009259305555557 0.2791666666666667 0.11712962916666667 0.2747395833333333 0.10740740694444444 0.26640625 0.10555555555555556
3 0.30859375 0.05648148194444444 0.30625 0.0625 0.3067708333333333 0.0763888888888889 0.31223958333333335 0.08518518472222222 0.3182291666666667 0.08564814861111111 0.3234375 0.07731481527777777 0.3223958333333333 0.06157407361111111 0.31744791666666666 0.05462962916666667 0.30859375 0.05648148194444444
3 0.21536458333333333 0.7564814819444444 0.209375 0.7652777777777777 0.20833333333333334 0.7754629625 0.21171875 0.7851851847222223 0.2203125 0.7865740736111112 0.22604166666666667 0.7791666666666667 0.22708333333333333 0.7652777777777777 0.22213541666666667 0.7564814819444444 0.21536458333333333 0.7564814819444444
3 0.17630208333333333 0.8361111111111111 0.16796875 0.8398148152777777 0.16354166666666667 0.8532407402777779 0.16588541666666667 0.8657407402777778 0.1734375 0.8689814819444444 0.17890625 0.8657407402777778 0.18333333333333332 0.8513888888888889 0.18229166666666666 0.8430555555555556 0.17630208333333333 0.8361111111111111
3 0.16536458333333334 0.8953703708333333 0.15703125 0.898148148611111 0.15260416666666668 0.9097222222222222 0.15364583333333334 0.9226851847222223 0.15755208333333334 0.9277777777777778 0.1625 0.9282407402777778 0.16796875 0.9240740736111112 0.17135416666666667 0.9152777777777777 0.1703125 0.9013888888888889 0.16536458333333334 0.8953703708333333
3 0.44765625 0.3527777777777778 0.4432291666666667 0.35879629583333333 0.4432291666666667 0.37175925972222224 0.4471354166666667 0.37962962916666665 0.45260416666666664 0.3800925930555556 0.4578125 0.3726851847222222 0.4583333333333333 0.36342592638888893 0.4549479166666667 0.3546296291666667 0.44765625 0.3527777777777778
3 0.50390625 0.3481481486111111 0.49895833333333334 0.3532407402777778 0.4973958333333333 0.3662037041666667 0.5013020833333334 0.3759259263888889 0.50625 0.3773148152777778 0.5125 0.37083333333333335 0.5135416666666667 0.36064814861111116 0.5096354166666667 0.35 0.50390625 0.3481481486111111
3 0.5950520833333334 0.42619662777777784 0.5901041666666667 0.4340669986111111 0.5901041666666667 0.4451781097222222 0.5924479166666666 0.4511966277777778 0.5989583333333334 0.4535114430555555 0.6041666666666666 0.4479558875 0.6052083333333333 0.43684477638888886 0.6002604166666666 0.42619662777777784 0.5950520833333334 0.42619662777777784
3 0.55703125 0.5259259263888889 0.55 0.5328703708333333 0.5489583333333333 0.5458333333333333 0.5533854166666666 0.5546296291666667 0.5583333333333333 0.5550925930555556 0.5640625 0.5476851847222222 0.5645833333333333 0.5365740736111111 0.5611979166666666 0.5287037041666667 0.55703125 0.5259259263888889
1 0.2234375 0.4615740736111111 0.22630208333333332 0.45370370416666667 0.24348958333333334 0.4620370375 0.26328125 0.45740740694444443 0.26848958333333334 0.45370370416666667 0.2671875 0.44675925972222225 0.2825520833333333 0.4240740736111111 0.28854166666666664 0.43194444444444446 0.2859375 0.4393518513888889 0.2859375 0.4476851847222222 0.2908854166666667 0.4601851847222222 0.30546875 0.45462962916666666 0.3104166666666667 0.44675925972222225 0.3109375 0.43194444444444446 0.30416666666666664 0.41898148194444446 0.3184895833333333 0.4083333333333333 0.3260416666666667 0.3902777777777778 0.33177083333333335 0.38287037083333336 0.33229166666666665 0.3773148152777778 0.32760416666666664 0.37083333333333335 0.3294270833333333 0.3611111111111111 0.33255208333333336 0.3638888888888889 0.3419270833333333 0.3611111111111111 0.34713541666666664 0.3518518513888889 0.3541666666666667 0.3467592597222222 0.35572916666666665 0.34212962916666667 0.35208333333333336 0.32083333333333336 0.3684895833333333 0.30277777777777776 0.3731770833333333 0.3055555555555556 0.3765625 0.2995370375 0.37864583333333335 0.28657407361111115 0.3776041666666667 0.2699074069444445 0.37109375 0.2574074069444445 0.36640625 0.25555555555555554 0.34348958333333335 0.2768518513888889 0.3372395833333333 0.2787037041666667 0.33359375 0.2861111111111111 0.32838541666666665 0.2833333333333333 0.32005208333333335 0.2907407402777778 0.30807291666666664 0.2907407402777778 0.3059895833333333 0.2861111111111111 0.2986979166666667 0.3018518513888889 0.2903645833333333 0.29351851805555557 0.28671875 0.29444444444444445 0.27369791666666665 0.3120370375 0.25338541666666664 0.3277777777777778 0.25234375 0.3342592597222222 0.24609375 0.33518518472222225 0.24114583333333334 0.3467592597222222 0.240625 0.3615740736111111 0.23359375 0.37222222222222223 0.22317708333333333 0.3787037041666667 0.21536458333333333 0.3768518513888889 0.20807291666666666 0.38333333333333336 0.20520833333333333 0.3902777777777778 0.20572916666666666 0.3976851847222222 0.20026041666666666 0.4046296291666666 0.19661458333333334 0.40555555555555556 0.18359375 0.3814814819444445 0.17734375 0.375 0.17265625 0.3861111111111111 0.15755208333333334 0.3972222222222222 0.15520833333333334 0.40324074027777773 0.15520833333333334 0.4115740736111111 0.15989583333333332 0.43287037083333335 0.159375 0.4523148152777778 0.16354166666666667 0.4634259263888889 0.17369791666666667 0.4842592597222222 0.18723958333333332 0.4879629625 0.19869791666666667 0.5101851847222222 0.2046875 0.5143518513888888 0.21588541666666666 0.4981481486111111 0.22760416666666666 0.5023148152777778 0.22604166666666667 0.4726851847222222 0.2234375 0.4615740736111111
0 0.77421875 0.7509259263888889 0.7708333333333334 0.7587962958333334 0.771875 0.7708333333333334 0.77734375 0.7787037041666666 0.7822916666666667 0.7791666666666667 0.7875 0.7708333333333334 0.7869791666666667 0.7578703708333333 0.7809895833333333 0.75 0.77421875 0.7509259263888889