3 0.18828125 0.2046296291666667 0.18489583333333334 0.2152777777777778 0.1859375 0.22361111111111112 0.19140625 0.23240740694444445 0.1984375 0.2328703708333333 0.20416666666666666 0.22453703749999998 0.20364583333333333 0.21064814861111109 0.19713541666666667 0.2018518513888889 0.18828125 0.2046296291666667
3 0.40130208333333334 0.1731481486111111 0.3953125 0.18194444444444444 0.39479166666666665 0.19120370416666665 0.3997395833333333 0.20370370416666667 0.4046875 0.20509259305555555 0.4109375 0.1986111111111111 0.4119791666666667 0.18472222222222223 0.4080729166666667 0.175 0.40130208333333334 0.1731481486111111
3 0.6299479166666667 0.12777777777777777 0.6234375 0.13564814861111113 0.6223958333333334 0.14768518472222222 0.6268229166666667 0.15740740694444444 0.6317708333333333 0.15787037083333333 0.6380208333333334 0.1486111111111111 0.6385416666666667 0.1375 0.63515625 0.12962962916666665 0.6299479166666667 0.12777777777777777
3 0.69921875 0.30740740694444446 0.69375 0.3134259263888889 0.6912626388888888 0.32391767361111107 0.6944075180555556 0.3352516291666667 0.7026041666666667 0.3356481486111111 0.7078125 0.3282407402777778 0.7088541666666667 0.3171296291666667 0.70546875 0.30925925972222224 0.69921875 0.30740740694444446
3 0.7450520833333333 0.3907407402777778 0.7395833333333334 0.3995370375 0.7395833333333334 0.41064814861111115 0.7434895833333334 0.4185185180555555 0.7494791666666667 0.41898148194444446 0.7552083333333334 0.41064814861111115 0.7557291666666667 0.3995370375 0.7513020833333334 0.39166666666666666 0.7450520833333333 0.3907407402777778
3 0.5263020833333333 0.5814814819444445 0.5213541666666667 0.5893518513888889 0.5213541666666667 0.6004629625 0.5247395833333334 0.6083333333333333 0.5307291666666667 0.6097222222222223 0.5354166666666667 0.6041666666666666 0.5369791666666667 0.5921296291666667 0.53359375 0.5833333333333334 0.5263020833333333 0.5814814819444445
3 0.49244791666666665 0.9027777777777778 0.48854166666666665 0.9069444444444444 0.4864583333333333 0.9208333333333333 0.4903645833333333 0.9314814819444444 0.4953125 0.9328703708333332 0.5020833333333333 0.9263888888888889 0.5026041666666666 0.9115740736111112 0.4981770833333333 0.9037037041666666 0.49244791666666665 0.9027777777777778
3 0.4627604166666667 0.9027777777777778 0.45598958333333334 0.9055555555555556 0.45208333333333334 0.9162037041666666 0.45364583333333336 0.9291666666666667 0.46041666666666664 0.9347222222222222 0.46588541666666666 0.9314814819444444 0.46875 0.9236111111111112 0.4671875 0.9078703708333333 0.4627604166666667 0.9027777777777778
3 0.18828125 0.8898148152777777 0.18020833333333333 0.8986111111111111 0.17864583333333334 0.9134259263888889 0.18203125 0.9212962958333334 0.1890625 0.9236111111111112 0.19791666666666666 0.9134259263888889 0.1984375 0.9013888888888889 0.19505208333333332 0.8925925930555555 0.18828125 0.8898148152777777
3 0.20338541666666668 0.9120370375 0.19557291666666668 0.9148148152777777 0.19010416666666666 0.9273148152777777 0.19296875 0.9416666666666667 0.20104166666666667 0.9430555555555555 0.20755208333333333 0.9379629625000001 0.20989583333333334 0.9282407402777778 0.20833333333333334 0.9180555555555555 0.20338541666666668 0.9120370375
1 0.4244791666666667 0.5171296291666666 0.425 0.5097222222222222 0.41822916666666665 0.5041666666666667 0.41770833333333335 0.4865740736111111 0.4205729166666667 0.48333333333333334 0.4231770833333333 0.49074074027777775 0.42604166666666665 0.48842592638888893 0.4192708333333333 0.4736111111111111 0.4278645833333333 0.4620370375 0.4356770833333333 0.4601851847222222 0.4393229166666667 0.4638888888888889 0.4401041666666667 0.44675925972222225 0.42994791666666665 0.4379629625 0.42916666666666664 0.44027777777777777 0.4328125 0.44583333333333336 0.4328125 0.4532407402777778 0.4234375 0.4550925930555556 0.42083333333333334 0.4384259263888889 0.4244791666666667 0.43287037083333335 0.4192708333333333 0.4273148152777778 0.4161458333333333 0.4125 0.4270833333333333 0.39861111111111114 0.42135416666666664 0.36342592638888893 0.4200520833333333 0.3592592597222222 0.4075520833333333 0.3611111111111111 0.40572916666666664 0.35787037083333334 0.3963541666666667 0.3032407402777778 0.38828125 0.2916666666666667 0.3846354166666667 0.28888888888888886 0.38046875 0.2907407402777778 0.3770833333333333 0.2791666666666667 0.37604166666666666 0.2717592597222222 0.37838541666666664 0.2648148152777778 0.3924479166666667 0.2574074069444445 0.3958333333333333 0.2513888888888889 0.39166666666666666 0.2421296291666667 0.3880208333333333 0.22361111111111112 0.3890625 0.20972222222222223 0.38046875 0.2046296291666667 0.3684895833333333 0.2111111111111111 0.3606770833333333 0.1981481486111111 0.34453125 0.20370370416666667 0.3380208333333333 0.20972222222222223 0.33619791666666665 0.22685185138888891 0.31744791666666666 0.2370370375 0.31666666666666665 0.24490740694444446 0.32083333333333336 0.2513888888888889 0.32395833333333335 0.2634259263888889 0.321875 0.2791666666666667 0.32421875 0.2870370375 0.3294270833333333 0.28888888888888886 0.34401041666666665 0.28148148194444444 0.3494791666666667 0.2847222222222222 0.35052083333333334 0.30046296250000004 0.3458333333333333 0.30694444444444446 0.34322916666666664 0.3199074069444445 0.34322916666666664 0.32916666666666666 0.35260416666666666 0.3699074069444444 0.35208333333333336 0.38101851805555553 0.34322916666666664 0.39120370416666667 0.346875 0.4254629625 0.34921875 0.43333333333333335 0.3572916666666667 0.43194444444444446 0.35833333333333334 0.44675925972222225 0.35520833333333335 0.4550925930555556 0.3614583333333333 0.4625 0.36770833333333336 0.4875 0.3731770833333333 0.48703703750000005 0.37447916666666664 0.49027777777777776 0.3731770833333333 0.5018518513888889 0.36666666666666664 0.5023148152777778 0.3807291666666667 0.5097222222222222 0.38177083333333334 0.5162037041666667 0.37916666666666665 0.5300925930555556 0.3841145833333333 0.5379629625 0.38828125 0.5342592597222222 0.3927083333333333 0.5412037041666667 0.4 0.5884259263888889 0.40390625 0.5944444444444444 0.4140625 0.5949074069444444 0.4239583333333333 0.5856481486111111 0.41770833333333335 0.5254629625 0.4200520833333333 0.5175925930555556 0.4244791666666667 0.5171296291666666
0 0.8059895833333334 0.13240740694444444 0.8026041666666667 0.14398148194444446 0.8059895833333334 0.15648148194444444 0.8119791666666667 0.15879629583333332 0.8197916666666667 0.14675925972222223 0.8197916666666667 0.13379629583333333 0.81484375 0.12870370416666668 0.8059895833333334 0.13240740694444444