3 0.18359375 0.049074073611111116 0.18020833333333333 0.05601851805555556 0.18125 0.06990740694444444 0.18671875 0.07777777777777778 0.19270833333333334 0.07824074027777778 0.19791666666666666 0.06990740694444444 0.19739583333333333 0.05694444444444444 0.19088541666666667 0.04814814861111111 0.18359375 0.049074073611111116
3 0.18359375 0.12777777777777777 0.17916666666666667 0.1384259263888889 0.18072916666666666 0.1495370375 0.18567708333333333 0.15648148194444444 0.19270833333333334 0.15694444444444444 0.19791666666666666 0.14768518472222222 0.19583333333333333 0.13287037083333333 0.18880208333333334 0.1259259263888889 0.18359375 0.12777777777777777
3 0.23411458333333332 0.27129629583333337 0.23125 0.2782407402777778 0.23177083333333334 0.2893518513888889 0.23723958333333334 0.2981481486111111 0.24427083333333333 0.2986111111111111 0.24947916666666667 0.2893518513888889 0.2484375 0.2763888888888889 0.24140625 0.26851851805555554 0.23411458333333332 0.27129629583333337
3 0.45859375 0.09814814861111111 0.45416666666666666 0.10509259305555556 0.45416666666666666 0.11898148194444445 0.4591145833333333 0.12777777777777777 0.46458333333333335 0.12731481527777777 0.46822916666666664 0.12268518472222222 0.46979166666666666 0.10972222222222222 0.46536458333333336 0.0990740736111111 0.45859375 0.09814814861111111
3 0.3966145833333333 0.4740740736111111 0.39010416666666664 0.4810185180555555 0.3890625 0.48842592638888893 0.3924479166666667 0.5009259263888889 0.3984375 0.5032407402777778 0.40520833333333334 0.49675925972222224 0.40625 0.48842592638888893 0.40338541666666666 0.4777777777777778 0.3966145833333333 0.4740740736111111
3 0.4205729166666667 0.5157407402777777 0.4171875 0.5226851847222223 0.4171875 0.5337962958333333 0.42265625 0.5425925930555556 0.4276041666666667 0.5421296291666666 0.4317708333333333 0.5365740736111111 0.4328125 0.5236111111111111 0.4283854166666667 0.5148148152777778 0.4205729166666667 0.5157407402777777
3 0.51328125 0.37037037083333335 0.5088541666666667 0.37824074027777776 0.5088541666666667 0.3884259263888889 0.5127604166666667 0.3962962958333333 0.51875 0.3976851847222222 0.5234375 0.3902777777777778 0.5234375 0.3773148152777778 0.5190104166666667 0.37037037083333335 0.51328125 0.37037037083333335
3 0.6388020833333333 0.10648148194444446 0.6338541666666667 0.11620370416666667 0.634375 0.12824074027777776 0.63828125 0.13425925972222222 0.6442708333333333 0.13379629583333333 0.6489583333333333 0.1254629625 0.6489583333333333 0.11342592638888889 0.6466145833333333 0.10740740694444444 0.6388020833333333 0.10648148194444446
3 0.64296875 0.3009259263888889 0.6385416666666667 0.30972222222222223 0.6385416666666667 0.3199074069444445 0.64296875 0.32870370416666667 0.6494791666666667 0.3282407402777778 0.6541666666666667 0.3189814819444444 0.6541666666666667 0.30879629583333335 0.6502604166666667 0.3009259263888889 0.64296875 0.3009259263888889
3 0.5299479166666666 0.8157407402777779 0.5244791666666667 0.8254629625000001 0.5244791666666667 0.8365740736111111 0.5278645833333333 0.8444444444444444 0.534375 0.8458333333333333 0.5390625 0.8402777777777778 0.540625 0.8300925930555555 0.53671875 0.8185185180555556 0.5299479166666666 0.8157407402777779
3 0.7372395833333333 0.7564814819444444 0.7317708333333334 0.764351851388889 0.7317708333333334 0.7745370374999999 0.73671875 0.7842592597222222 0.7427083333333333 0.7847222222222222 0.7473958333333334 0.7773148152777777 0.7473958333333334 0.7662037041666666 0.7440104166666667 0.7592592597222222 0.7372395833333333 0.7564814819444444
0 0.49244791666666665 0.15185185138888888 0.4869791666666667 0.15787037083333333 0.48541666666666666 0.16805555555555557 0.48984375 0.18055555555555555 0.4953125 0.18194444444444444 0.5005208333333333 0.17546296249999999 0.5015625 0.1634259263888889 0.49765625 0.15370370416666668 0.49244791666666665 0.15185185138888888