0 0.8096354166666667 0.13240740694444444 0.8036458333333333 0.14120370416666667 0.8036458333333333 0.15416666666666667 0.8080729166666667 0.16111111111111112 0.8140625 0.16064814861111112 0.8192708333333333 0.15324074027777776 0.8203125 0.1393518513888889 0.81640625 0.13240740694444444 0.8096354166666667 0.13240740694444444
3 0.50859375 0.09722222222222222 0.5041666666666667 0.10231481527777778 0.5020833333333333 0.11342592638888889 0.5036458333333333 0.12175925972222222 0.5104166666666666 0.12824074027777776 0.5171875 0.12083333333333333 0.5182291666666666 0.10879629583333333 0.5153645833333333 0.1 0.50859375 0.09722222222222222
3 0.4981770833333333 0.16111111111111112 0.49375 0.16990740694444445 0.49375 0.18101851805555558 0.49713541666666666 0.18888888888888888 0.5036458333333333 0.19027777777777777 0.509375 0.18194444444444444 0.509375 0.17083333333333334 0.5044270833333333 0.16111111111111112 0.4981770833333333 0.16111111111111112
3 0.18671875 0.3120370375 0.18125 0.3189814819444444 0.18072916666666666 0.33009259305555555 0.18463541666666666 0.33981481527777774 0.18958333333333333 0.34212962916666667 0.19609375 0.3388888888888889 0.19947916666666668 0.3273148152777778 0.19453125 0.3138888888888889 0.18671875 0.3120370375
3 0.5216145833333333 0.5472222222222223 0.5177083333333333 0.5541666666666667 0.5177083333333333 0.5662037041666667 0.5221354166666666 0.5740740736111111 0.5270833333333333 0.5745370375000001 0.5328125 0.5652777777777778 0.5322916666666667 0.5541666666666667 0.5283854166666667 0.5472222222222223 0.5216145833333333 0.5472222222222223
3 0.7809895833333333 0.6425925930555556 0.7770833333333333 0.6486111111111111 0.7765625 0.6578703708333333 0.7809895833333333 0.6675925930555556 0.7875 0.6689814819444445 0.7927083333333333 0.6634259263888889 0.7932291666666667 0.6504629625 0.7888020833333333 0.6425925930555556 0.7809895833333333 0.6425925930555556
3 0.7252604166666666 0.8092592597222221 0.7203125 0.8180555555555555 0.7208333333333333 0.8291666666666667 0.7247395833333333 0.8370370374999999 0.73125 0.8384259263888888 0.7359375 0.8337962958333334 0.7375 0.8217592597222222 0.7330729166666666 0.8111111111111111 0.7252604166666666 0.8092592597222221
3 0.7033854166666667 0.8509259263888889 0.7005208333333334 0.8578703708333333 0.7015625 0.8708333333333333 0.7059895833333333 0.8777777777777778 0.7125 0.8782407402777779 0.7171875 0.8717592597222221 0.7171875 0.8578703708333333 0.71015625 0.8481481486111111 0.7033854166666667 0.8509259263888889
3 0.7247395833333333 0.8527777777777777 0.7197916666666667 0.860648148611111 0.7197916666666667 0.8726851847222222 0.72578125 0.8824074069444445 0.7317708333333334 0.8819444444444444 0.7359375 0.8763888888888889 0.7359375 0.8634259263888888 0.7325520833333333 0.8555555555555555 0.7247395833333333 0.8527777777777777
3 0.7361979166666667 0.8796296291666668 0.7338541666666667 0.8847222222222222 0.7354166666666667 0.8986111111111111 0.7393229166666667 0.9046296291666667 0.7463541666666667 0.9050925930555554 0.7505208333333333 0.8949074069444445 0.7489583333333333 0.8837962958333334 0.7434895833333334 0.876851851388889 0.7361979166666667 0.8796296291666668
3 0.5971354166666667 0.8805555555555555 0.5921875 0.889351851388889 0.5921875 0.8995370374999999 0.5966145833333333 0.9092592597222222 0.6026041666666667 0.9106481486111111 0.6083333333333333 0.9023148152777777 0.6083333333333333 0.8912037041666666 0.6044270833333333 0.8824074069444445 0.5971354166666667 0.8805555555555555
3 0.5565104166666667 0.9009259263888888 0.5515625 0.9078703708333333 0.5505208333333333 0.9208333333333333 0.55390625 0.9296296291666667 0.5614583333333333 0.9310185180555556 0.5651041666666666 0.9273148152777777 0.5666666666666667 0.9125 0.5611979166666666 0.9009259263888888 0.5565104166666667 0.9009259263888888
1 0.47708333333333336 0.5930555555555556 0.4791666666666667 0.5819444444444445 0.4791666666666667 0.5606481486111111 0.471875 0.5439814819444445 0.47291666666666665 0.5310185180555556 0.46953125 0.5157407402777777 0.4549479166666667 0.5120370375000001 0.44557291666666665 0.5148148152777778 0.44479166666666664 0.5513888888888889 0.43984375 0.5537037041666667 0.4317708333333333 0.5375 0.43125 0.5236111111111111 0.4278645833333333 0.5166666666666667 0.41067708333333336 0.5148148152777778 0.40572916666666664 0.5097222222222222 0.40729166666666666 0.49398148194444447 0.4044270833333333 0.4861111111111111 0.3924479166666667 0.48703703750000005 0.3846354166666667 0.48148148194444446 0.3807291666666667 0.4912037041666667 0.3802083333333333 0.5023148152777778 0.3768229166666667 0.5064814819444444 0.37057291666666664 0.49444444444444446 0.36276041666666664 0.49074074027777775 0.3575520833333333 0.4740740736111111 0.3372395833333333 0.4703703708333334 0.32578125 0.47685185138888886 0.30807291666666664 0.5129629625 0.2747395833333333 0.5074074069444444 0.27057291666666666 0.5111111111111111 0.26614583333333336 0.5226851847222223 0.26614583333333336 0.5384259263888889 0.27057291666666666 0.5472222222222223 0.3033854166666667 0.5564814819444445 0.30963541666666666 0.575925926388889 0.3190104166666667 0.575 0.32317708333333334 0.5814814819444445 0.33307291666666666 0.5787037041666667 0.3333333333333333 0.5902777777777778 0.34010416666666665 0.6004629625 0.3390625 0.6087962958333333 0.33671875 0.6092592597222223 0.33541666666666664 0.5958333333333333 0.3333333333333333 0.5958333333333333 0.33229166666666665 0.6106481486111112 0.32916666666666666 0.6143518513888888 0.33307291666666666 0.6203703708333334 0.33932291666666664 0.6148148152777778 0.34322916666666664 0.6023148152777777 0.34921875 0.5953703708333333 0.3533854166666667 0.6009259263888889 0.37057291666666664 0.5981481486111111 0.37265625 0.6185185180555556 0.37604166666666666 0.6143518513888888 0.3768229166666667 0.6046296291666666 0.38046875 0.6157407402777777 0.38177083333333334 0.6069444444444444 0.3846354166666667 0.6027777777777777 0.38828125 0.6064814819444445 0.3924479166666667 0.6055555555555555 0.3924479166666667 0.6111111111111112 0.38828125 0.6111111111111112 0.3828125 0.6208333333333333 0.39348958333333334 0.6231481486111111 0.3958333333333333 0.6208333333333333 0.396875 0.6060185180555555 0.39921875 0.6018518513888889 0.4200520833333333 0.6101851847222222 0.4283854166666667 0.6 0.4315104166666667 0.5916666666666667 0.43723958333333335 0.5916666666666667 0.4440104166666667 0.5842592597222223 0.4453125 0.5884259263888889 0.4390625 0.5995370375 0.4434895833333333 0.6120370375 0.4471354166666667 0.6074074069444444 0.4505208333333333 0.6143518513888888 0.4471354166666667 0.6203703708333334 0.44244791666666666 0.6157407402777777 0.43854166666666666 0.6208333333333333 0.4471354166666667 0.6212962958333333 0.45677083333333335 0.6282407402777778 0.46640625 0.6268518513888889 0.46979166666666666 0.6208333333333333 0.46927083333333336 0.6032407402777777 0.47708333333333336 0.5930555555555556