3 0.81484375 0.13425925972222222 0.80703125 0.13333333333333333 0.8020833333333334 0.14027777777777778 0.8010416666666667 0.15324074027777776 0.8083333333333333 0.16157407361111112 0.8138020833333334 0.15925925972222224 0.8171875 0.15138888888888888 0.8177083333333334 0.14120370416666667 0.81484375 0.13425925972222222
1 0.7651041666666667 0.32916666666666666 0.7635416666666667 0.32083333333333336 0.765625 0.3134259263888889 0.7846354166666667 0.2842592597222222 0.7895833333333333 0.2856481486111111 0.7864583333333334 0.29305555555555557 0.78828125 0.2972222222222222 0.796875 0.28009259305555556 0.7979166666666667 0.26805555555555555 0.7932291666666667 0.2375 0.8020833333333334 0.22361111111111112 0.8005208333333333 0.2013888888888889 0.809375 0.1773148152777778 0.8046439666666667 0.16219417083333335 0.7996686111111111 0.1569903861111111 0.7919270833333333 0.15648148194444444 0.784375 0.16898148194444446 0.7815104166666667 0.18055555555555555 0.76953125 0.19259259305555554 0.7653645833333333 0.18240740694444446 0.7611979166666667 0.18240740694444446 0.75703125 0.19351851805555556 0.75234375 0.19351851805555556 0.74140625 0.17870370416666664 0.7369791666666666 0.19398148194444442 0.7421875 0.20787037083333332 0.740625 0.21712962916666667 0.7276041666666667 0.2375 0.72578125 0.24444444444444444 0.71796875 0.23518518472222225 0.7106770833333333 0.23518518472222225 0.6979166666666666 0.25972222222222224 0.6973958333333333 0.26620370416666667 0.7083333333333334 0.2791666666666667 0.7046875 0.2921296291666667 0.7057291666666666 0.30046296250000004 0.70234375 0.30277777777777776 0.6927083333333334 0.3217592597222222 0.6901041666666666 0.3356481486111111 0.69453125 0.33703703749999997 0.7046875 0.3550925930555555 0.7057291666666666 0.36527777777777776 0.71015625 0.375 0.7231770833333333 0.38333333333333336 0.7330729166666666 0.3990740736111111 0.7390625 0.4013888888888889 0.7572916666666667 0.3754629625 0.7614583333333333 0.3560185180555555 0.7598958333333333 0.34212962916666667 0.7651041666666667 0.32916666666666666
3 0.5087658083333333 0.09752810416666667 0.5032970583333333 0.105398475 0.502776225 0.11743551249999999 0.5072033083333333 0.12715773472222222 0.512151225 0.12762069722222222 0.5173595583333334 0.12113921527777778 0.518401225 0.10910217916666666 0.5155366416666667 0.10030588194444445 0.5087658083333333 0.09752810416666667
3 0.5002604166666667 0.15769054305555558 0.49505208333333334 0.15861646805555554 0.490625 0.16833869027777779 0.4921875 0.18222757916666665 0.4984375 0.18778313472222222 0.50234375 0.18639424583333333 0.50625 0.17759795 0.5057291666666667 0.1646349875 0.5002604166666667 0.15769054305555558
3 0.19557291666666668 0.3187944486111111 0.19010416666666666 0.32759074444444447 0.19010416666666666 0.33685000416666666 0.19661458333333334 0.3484240777777778 0.20052083333333334 0.3488870402777778 0.20833333333333334 0.34147963333333337 0.20885416666666667 0.32851667083333336 0.20442708333333334 0.3197203736111111 0.19557291666666668 0.3187944486111111
3 0.18307291666666667 0.3379629625 0.17760416666666667 0.3486111111111111 0.178125 0.35694444444444445 0.18307291666666667 0.36666666666666664 0.18958333333333333 0.36712962916666664 0.19583333333333333 0.36064814861111116 0.19635416666666666 0.3486111111111111 0.19036458333333334 0.3379629625 0.18307291666666667 0.3379629625
3 0.23359375 0.7401168819444444 0.225 0.7489131791666667 0.22395833333333334 0.7609502152777777 0.22682291666666668 0.7688205861111111 0.23541666666666666 0.7711354013888889 0.240625 0.7655798458333334 0.24322916666666666 0.7526168819444444 0.23932291666666666 0.7419687347222222 0.23359375 0.7401168819444444
3 0.3497395833333333 0.7694444444444445 0.34427083333333336 0.7773148152777777 0.34322916666666664 0.7884259263888889 0.34661458333333334 0.798148148611111 0.353125 0.7995370374999999 0.35885416666666664 0.7921296291666667 0.3609375 0.7810185180555556 0.35651041666666666 0.7703703708333333 0.3497395833333333 0.7694444444444445
3 0.5549479166666667 0.9018518513888889 0.5510416666666667 0.9097222222222222 0.5510416666666667 0.9226851847222223 0.5559895833333334 0.9314814819444444 0.5619791666666667 0.9310185180555556 0.5666666666666667 0.9208333333333333 0.565625 0.9078703708333333 0.5611979166666666 0.9009259263888888 0.5549479166666667 0.9018518513888889
3 0.5981770833333333 0.8805555555555555 0.5932291666666667 0.8865740736111112 0.5921875 0.8995370374999999 0.5966145833333333 0.9092592597222222 0.6026041666666667 0.9106481486111111 0.6072916666666667 0.9050925930555554 0.6083333333333333 0.8921296291666667 0.6044270833333333 0.8824074069444445 0.5981770833333333 0.8805555555555555
3 0.7393229166666667 0.8765495013888889 0.7348958333333333 0.8825680208333334 0.7338541666666667 0.8927532055555555 0.7377604166666667 0.9024754277777777 0.7458333333333333 0.9047902430555556 0.75 0.8973828347222222 0.7494791666666667 0.8844198722222222 0.7455729166666667 0.8774754277777777 0.7393229166666667 0.8765495013888889
3 0.50703125 0.48055555555555557 0.5026041666666666 0.48842592638888893 0.503125 0.4995370375 0.5059895833333333 0.5074074069444444 0.5114583333333333 0.5078703708333333 0.5161458333333333 0.5032407402777778 0.5171875 0.48935185138888887 0.51328125 0.48148148194444446 0.50703125 0.48055555555555557
0 0.64296875 0.7092592597222223 0.6375 0.7162037041666666 0.6364583333333333 0.7273148152777777 0.6403645833333333 0.7370370374999999 0.6473958333333333 0.7384259263888888 0.6515625 0.7337962958333334 0.6526041666666667 0.7199074069444446 0.6486979166666667 0.7111111111111111 0.64296875 0.7092592597222223