3 0.16588541666666667 0.049074073611111116 0.16197916666666667 0.05601851805555556 0.16197916666666667 0.06620370416666667 0.16744791666666667 0.07777777777777778 0.1734375 0.07916666666666666 0.1796875 0.07175925972222222 0.1796875 0.05879629583333334 0.17473958333333334 0.049074073611111116 0.16588541666666667 0.049074073611111116
3 0.45078125 0.06296296250000001 0.44427083333333334 0.06990740694444444 0.44375 0.08287037083333333 0.4471354166666667 0.09166666666666666 0.453125 0.09398148194444444 0.4588541666666667 0.08657407361111112 0.459375 0.07361111111111111 0.45651041666666664 0.06574074027777778 0.45078125 0.06296296250000001
3 0.5638020833333334 0.08333333333333333 0.5578125 0.09120370416666668 0.5567708333333333 0.10509259305555556 0.5606770833333333 0.11388888888888889 0.5666666666666667 0.11435185138888888 0.571875 0.10694444444444444 0.5723958333333333 0.09490740694444444 0.5690104166666666 0.08518518472222222 0.5638020833333334 0.08333333333333333
3 0.5705729166666667 0.4787037041666667 0.5666666666666667 0.4865740736111111 0.5666666666666667 0.49675925972222224 0.5721354166666667 0.5064814819444444 0.5776041666666667 0.5060185180555555 0.5817708333333333 0.4986111111111111 0.5822916666666667 0.48842592638888893 0.57734375 0.4787037041666667 0.5705729166666667 0.4787037041666667
3 0.4747395833333333 0.375 0.46927083333333336 0.3837962958333333 0.46927083333333336 0.3958333333333333 0.47317708333333336 0.4037037041666667 0.4791666666666667 0.4041666666666667 0.48385416666666664 0.3995370375 0.48489583333333336 0.3837962958333333 0.48046875 0.3759259263888889 0.4747395833333333 0.375
3 0.47421875 0.48055555555555557 0.47239583333333335 0.4865740736111111 0.4734375 0.5004629625 0.4783854166666667 0.5055555555555555 0.4828125 0.5050925930555555 0.4875 0.49675925972222224 0.4869791666666667 0.48287037083333334 0.4825520833333333 0.4777777777777778 0.47421875 0.48055555555555557
3 0.44140625 0.4787037041666667 0.43697916666666664 0.4847222222222222 0.4359375 0.49675925972222224 0.43984375 0.5046296291666666 0.4453125 0.5060185180555555 0.45 0.5013888888888889 0.4515625 0.48842592638888893 0.44765625 0.4796296291666666 0.44140625 0.4787037041666667
3 0.5825520833333333 0.5879629625 0.5776041666666667 0.5949074069444444 0.5770833333333333 0.6078703708333334 0.5799479166666667 0.6148148152777778 0.5864583333333333 0.6171296291666667 0.5911458333333334 0.6134259263888889 0.5932291666666667 0.6004629625 0.5893229166666667 0.5898148152777778 0.5825520833333333 0.5879629625
3 0.5966145833333333 0.6675925930555556 0.5921875 0.6745370375 0.5921875 0.6884259263888889 0.5966145833333333 0.6953703708333333 0.6010416666666667 0.6958333333333333 0.60625 0.6893518513888889 0.6072916666666667 0.6773148152777778 0.60390625 0.6694444444444444 0.5966145833333333 0.6675925930555556
3 0.15598958333333332 0.9018518513888889 0.1515625 0.9087962958333334 0.15 0.9217592597222222 0.15286458333333333 0.9305555555555556 0.16145833333333334 0.9319444444444445 0.16770833333333332 0.9254629625 0.16927083333333334 0.9115740736111112 0.16484375 0.9018518513888889 0.15598958333333332 0.9018518513888889
3 0.7924479166666667 0.8546296291666667 0.7890625 0.8615740736111112 0.7895833333333333 0.8736111111111111 0.7940104166666667 0.8805555555555555 0.8015625 0.8810185180555556 0.8057291666666667 0.8745370374999999 0.8041666666666667 0.8587962958333334 0.8002604166666667 0.8537037041666666 0.7924479166666667 0.8546296291666667
0 0.78359375 0.08518518472222222 0.778125 0.09305555555555556 0.7776041666666667 0.10509259305555556 0.7809895833333333 0.1129629625 0.7885416666666667 0.11342592638888889 0.79375 0.10324074027777777 0.79375 0.09212962916666666 0.7893229166666667 0.08518518472222222 0.78359375 0.08518518472222222