3 0.16692708333333334 0.04814814861111111 0.16197916666666667 0.05601851805555556 0.1625 0.06898148194444444 0.16588541666666667 0.07592592638888888 0.17291666666666666 0.07916666666666666 0.1796875 0.07175925972222222 0.1796875 0.05879629583333334 0.17473958333333334 0.049074073611111116 0.16692708333333334 0.04814814861111111
3 0.44765625 0.06388888888888888 0.44427083333333334 0.06990740694444444 0.44375 0.08194444444444444 0.4471354166666667 0.09166666666666666 0.453125 0.09398148194444444 0.4583333333333333 0.08842592638888888 0.459375 0.07361111111111111 0.4549479166666667 0.06388888888888888 0.44765625 0.06388888888888888
3 0.5638020833333334 0.08333333333333333 0.5578125 0.09120370416666668 0.5567708333333333 0.10509259305555556 0.56015625 0.1129629625 0.5661458333333333 0.11435185138888888 0.571875 0.10694444444444444 0.5723958333333333 0.09490740694444444 0.5690104166666666 0.08518518472222222 0.5638020833333334 0.08333333333333333
3 0.54296875 0.3231481486111111 0.5380208333333333 0.3282407402777778 0.5369791666666667 0.34212962916666667 0.54140625 0.35092592638888886 0.546875 0.35138888888888886 0.5515625 0.3458333333333333 0.5526041666666667 0.3328703708333333 0.54921875 0.325 0.54296875 0.3231481486111111
3 0.5888020833333333 0.4861111111111111 0.5848958333333333 0.4949074069444444 0.5848958333333333 0.5041666666666667 0.5893229166666667 0.5120370375000001 0.5947916666666667 0.5125 0.5994791666666667 0.5060185180555555 0.6 0.4949074069444444 0.5950520833333334 0.4861111111111111 0.5888020833333333 0.4861111111111111
3 0.5955729166666667 0.5509259263888889 0.5901041666666667 0.5587962958333333 0.5895833333333333 0.5671296291666666 0.5924479166666666 0.5768518513888888 0.5984375 0.5791666666666667 0.6041666666666666 0.5736111111111111 0.6057291666666667 0.5652777777777778 0.6028645833333334 0.5546296291666667 0.5955729166666667 0.5509259263888889
3 0.6627604166666666 0.6083333333333333 0.6578125 0.6152777777777778 0.6572916666666667 0.6273148152777778 0.6611979166666667 0.6361111111111111 0.6682291666666667 0.6365740736111111 0.6729166666666667 0.6310185180555555 0.6734375 0.6180555555555556 0.67109375 0.6120370375 0.6627604166666666 0.6083333333333333
3 0.59296875 0.6481481486111111 0.5885416666666666 0.6541666666666667 0.5875 0.6634259263888889 0.59140625 0.674074073611111 0.596875 0.6763888888888889 0.603125 0.6689814819444445 0.6036458333333333 0.6606481486111111 0.6002604166666666 0.65 0.59296875 0.6481481486111111
3 0.15598958333333332 0.9018518513888889 0.1515625 0.9087962958333334 0.15 0.9217592597222222 0.15286458333333333 0.9305555555555556 0.16145833333333334 0.9319444444444445 0.16770833333333332 0.9254629625 0.16927083333333334 0.9115740736111112 0.16484375 0.9018518513888889 0.15598958333333332 0.9018518513888889
3 0.47421875 0.48055555555555557 0.47239583333333335 0.4865740736111111 0.4734375 0.5004629625 0.4783854166666667 0.5055555555555555 0.4828125 0.5050925930555555 0.48802083333333335 0.4949074069444444 0.4869791666666667 0.48287037083333334 0.4830729166666667 0.4777777777777778 0.47421875 0.48055555555555557
3 0.43984375 0.4796296291666666 0.4359375 0.48842592638888893 0.4359375 0.49675925972222224 0.4388020833333333 0.5037037041666667 0.44583333333333336 0.5060185180555555 0.4515625 0.49675925972222224 0.4510416666666667 0.48564814861111116 0.4466145833333333 0.4787037041666667 0.43984375 0.4796296291666666
0 0.47890625 0.42592592638888893 0.4734375 0.4337962958333333 0.4734375 0.44583333333333336 0.47890625 0.45462962916666666 0.48385416666666664 0.45416666666666666 0.4890625 0.44583333333333336 0.4890625 0.4337962958333333 0.4861979166666667 0.42777777777777776 0.47890625 0.42592592638888893