0 0.7731770833333333 0.751851851388889 0.7708333333333334 0.7578703708333333 0.7723958333333333 0.7726851847222223 0.77734375 0.7787037041666666 0.7822916666666667 0.7791666666666667 0.7875 0.7708333333333334 0.7869791666666667 0.7578703708333333 0.7815104166666667 0.75 0.7731770833333333 0.751851851388889
1 0.225 0.46990740694444444 0.21770833333333334 0.45416666666666666 0.22005208333333334 0.4462962958333333 0.22786458333333334 0.4425925930555556 0.23203125 0.44722222222222224 0.23567708333333334 0.44351851805555553 0.234375 0.4532407402777778 0.24296875 0.4601851847222222 0.24713541666666666 0.4601851847222222 0.25078125 0.45555555555555555 0.2643229166666667 0.45462962916666666 0.26666666666666666 0.4532407402777778 0.26848958333333334 0.4388888888888889 0.2825520833333333 0.42314814861111116 0.2868108902777778 0.45844553055555554 0.2960379527777778 0.4670723527777778 0.31065993194444447 0.45168149166666666 0.3147644916666667 0.44288499861111114 0.3062957777777778 0.4249767458333333 0.3048183888888889 0.4202679041666667 0.30234375 0.4185185180555555 0.31744791666666666 0.4083333333333333 0.3260416666666667 0.38935185138888884 0.33177083333333335 0.38287037083333336 0.33229166666666665 0.3763888888888889 0.328125 0.37083333333333335 0.32864583333333336 0.3625 0.33359375 0.36666666666666664 0.34088541666666666 0.34907407361111115 0.35182291666666665 0.3472222222222222 0.3541666666666667 0.3412037041666667 0.35104166666666664 0.3328703708333333 0.35104166666666664 0.3217592597222222 0.3653645833333333 0.3055555555555556 0.37395833333333334 0.3013888888888889 0.37864583333333335 0.2875 0.3770833333333333 0.26898148194444443 0.36953125 0.25555555555555554 0.3658854166666667 0.25555555555555554 0.3372395833333333 0.27962962916666667 0.33359375 0.2861111111111111 0.32838541666666665 0.2842592597222222 0.32473958333333336 0.2907407402777778 0.31328125 0.2916666666666667 0.30755208333333334 0.29537037083333334 0.3059895833333333 0.3009259263888889 0.28671875 0.2990740736111111 0.27786458333333336 0.3120370375 0.26588541666666665 0.3194444444444444 0.26328125 0.3277777777777778 0.25859375 0.325 0.24713541666666666 0.3379629625 0.24322916666666666 0.34490740694444444 0.24166666666666667 0.3625 0.23255208333333333 0.3759259263888889 0.22369791666666666 0.38425925972222225 0.21640625 0.37777777777777777 0.20807291666666666 0.38333333333333336 0.20625 0.38935185138888884 0.2078125 0.3976851847222222 0.19973958333333333 0.40648148194444444 0.19609375 0.40740740694444444 0.18411458333333333 0.38333333333333336 0.17682291666666666 0.375 0.17161458333333332 0.3870370375 0.15703125 0.39814814861111114 0.1546875 0.4023148152777778 0.1546875 0.4087962958333333 0.15677083333333333 0.4226851847222222 0.1625 0.4384259263888889 0.15989583333333332 0.44675925972222225 0.16041666666666668 0.4532407402777778 0.16822916666666668 0.47453703750000004 0.17630208333333333 0.4861111111111111 0.18567708333333333 0.4842592597222222 0.20026041666666666 0.5101851847222222 0.20520833333333333 0.5125 0.21588541666666666 0.4962962958333333 0.22369791666666666 0.5 0.22604166666666667 0.49675925972222224 0.225 0.46990740694444444
3 0.16692708333333334 0.04722222222222222 0.1625 0.05324074027777778 0.1625 0.06805555555555555 0.16588541666666667 0.07592592638888888 0.17395833333333333 0.07824074027777778 0.1796875 0.07175925972222222 0.1796875 0.05787037083333333 0.17473958333333334 0.04814814861111111 0.16692708333333334 0.04722222222222222
3 0.23776041666666667 0.04814814861111111 0.2328125 0.05601851805555556 0.23333333333333334 0.06990740694444444 0.23880208333333333 0.07870370416666667 0.24479166666666666 0.07916666666666666 0.25 0.07083333333333333 0.24947916666666667 0.05694444444444444 0.24453125 0.049074073611111116 0.23776041666666667 0.04814814861111111
3 0.26640625 0.10555555555555556 0.26145833333333335 0.11527777777777778 0.2625 0.12824074027777776 0.2669270833333333 0.1351851847222222 0.27239583333333334 0.1365740736111111 0.2786458333333333 0.13009259305555557 0.2786458333333333 0.11527777777777778 0.27369791666666665 0.10648148194444446 0.26640625 0.10555555555555556
3 0.3106770833333333 0.05462962916666667 0.3067708333333333 0.060648148611111105 0.3067708333333333 0.07546296250000001 0.3111979166666667 0.08425925972222222 0.3182291666666667 0.08564814861111111 0.3234375 0.07731481527777777 0.3229166666666667 0.06342592638888889 0.31744791666666666 0.05462962916666667 0.3106770833333333 0.05462962916666667
3 0.4471354166666667 0.3527777777777778 0.4432291666666667 0.35879629583333333 0.4432291666666667 0.37175925972222224 0.4471354166666667 0.37962962916666665 0.45260416666666664 0.3800925930555556 0.4583333333333333 0.3699074069444444 0.4578125 0.36064814861111116 0.4518229166666667 0.3518518513888889 0.4471354166666667 0.3527777777777778
3 0.50234375 0.34907407361111115 0.4979166666666667 0.35694444444444445 0.4979166666666667 0.36898148194444447 0.5018229166666667 0.3759259263888889 0.5078125 0.3763888888888889 0.5125 0.3699074069444444 0.5125 0.3560185180555555 0.50859375 0.34907407361111115 0.50234375 0.34907407361111115
3 0.22213541666666667 0.7564814819444444 0.21536458333333333 0.7564814819444444 0.20885416666666667 0.7671296291666667 0.209375 0.7800925930555554 0.21666666666666667 0.7875 0.22317708333333333 0.7842592597222222 0.22708333333333333 0.7754629625 0.22708333333333333 0.7652777777777777 0.22213541666666667 0.7564814819444444
3 0.17682291666666666 0.8361111111111111 0.16848958333333333 0.8388888888888889 0.16354166666666667 0.8513888888888889 0.16510416666666666 0.8643518513888889 0.1734375 0.8689814819444444 0.17890625 0.8657407402777778 0.18333333333333332 0.8513888888888889 0.18125 0.8402777777777778 0.17682291666666666 0.8361111111111111
3 0.16536458333333334 0.8953703708333333 0.15703125 0.898148148611111 0.15260416666666668 0.9106481486111111 0.15364583333333334 0.9226851847222223 0.15755208333333334 0.9277777777777778 0.1625 0.9282407402777778 0.16796875 0.9240740736111112 0.17135416666666667 0.9152777777777777 0.17083333333333334 0.9023148152777777 0.16536458333333334 0.8953703708333333
3 0.5950520833333334 0.42592592638888893 0.5901041666666667 0.4337962958333333 0.5901041666666667 0.4449074069444444 0.5924479166666666 0.4509259263888889 0.5994791666666667 0.4532407402777778 0.6041666666666666 0.4476851847222222 0.6052083333333333 0.4365740736111111 0.6013020833333333 0.42685185138888887 0.5950520833333334 0.42592592638888893
3 0.55 0.5328703708333333 0.5489583333333333 0.5458333333333333 0.5533854166666666 0.5546296291666667 0.5583333333333333 0.5550925930555556 0.5640625 0.5476851847222222 0.5645833333333333 0.5365740736111111 0.55703125 0.5259259263888889 0.55 0.5328703708333333