1 0.7817708333333333 0.2995370375 0.7739583333333333 0.28657407361111115 0.7791666666666667 0.2652777777777778 0.78125 0.24490740694444446 0.7864583333333334 0.2375 0.79609375 0.21018518472222222 0.8 0.21620370416666665 0.8002604166666667 0.22962962916666668 0.8052083333333333 0.22453703749999998 0.8067708333333333 0.2013888888888889 0.80390625 0.1981481486111111 0.8002604166666667 0.2 0.7979166666666667 0.19027777777777777 0.8005208333333333 0.14675925972222223 0.7963541666666667 0.14027777777777778 0.803125 0.11064814861111112 0.8036458333333333 0.09583333333333334 0.8020833333333334 0.08935185138888889 0.7966145833333333 0.08333333333333333 0.78515625 0.08518518472222222 0.7705729166666667 0.12962962916666665 0.7643229166666666 0.13055555555555556 0.7450520833333333 0.11851851805555555 0.74296875 0.12685185138888888 0.75234375 0.12870370416666668 0.7552083333333334 0.13287037083333333 0.7526041666666666 0.14583333333333334 0.7442708333333333 0.15601851805555556 0.72578125 0.20092592638888887 0.7200520833333334 0.19351851805555556 0.71484375 0.19444444444444445 0.7083333333333334 0.20416666666666666 0.7015625 0.22268518472222223 0.7020833333333333 0.22916666666666666 0.7065104166666667 0.2370370375 0.71015625 0.23981481527777776 0.71796875 0.23518518472222225 0.7203125 0.2393518513888889 0.71953125 0.24537037083333332 0.7130208333333333 0.2513888888888889 0.7166666666666667 0.26898148194444443 0.7109375 0.2856481486111111 0.7104166666666667 0.30046296250000004 0.7169270833333333 0.30370370416666664 0.73359375 0.33611111111111114 0.7455729166666667 0.3416666666666667 0.7625 0.3560185180555555 0.7643229166666666 0.34907407361111115 0.7786458333333334 0.33101851805555554 0.7838541666666666 0.3078703708333333 0.7817708333333333 0.2995370375
0 0.7731770833333333 0.751851851388889 0.7708333333333334 0.7587962958333334 0.771875 0.7708333333333334 0.77734375 0.7787037041666666 0.7822916666666667 0.7791666666666667 0.7880208333333333 0.7689814819444444 0.7869791666666667 0.7578703708333333 0.7815104166666667 0.75 0.7731770833333333 0.751851851388889
3 0.6388020833333333 0.09629629583333332 0.6328125 0.10231481527777778 0.6307291666666667 0.1125 0.63125 0.11898148194444445 0.63515625 0.1259259263888889 0.6401041666666667 0.12638888888888888 0.6453125 0.11990740694444443 0.6463541666666667 0.10787037083333334 0.64296875 0.09814814861111111 0.6388020833333333 0.09629629583333332
3 0.5018229166666667 0.34907407361111115 0.4979166666666667 0.35694444444444445 0.4979166666666667 0.36898148194444447 0.5018229166666667 0.3759259263888889 0.5078125 0.3763888888888889 0.5130208333333334 0.3680555555555556 0.5130208333333334 0.35694444444444445 0.5075520833333333 0.3481481486111111 0.5018229166666667 0.34907407361111115
3 0.44869791666666664 0.3518518513888889 0.4432291666666667 0.35879629583333333 0.4427083333333333 0.36712962916666664 0.4471354166666667 0.37962962916666665 0.45260416666666664 0.3800925930555556 0.4578125 0.3726851847222222 0.4583333333333333 0.3625 0.4544270833333333 0.35370370416666663 0.44869791666666664 0.3518518513888889
3 0.5299479166666666 0.5685185180555555 0.525 0.5745370375000001 0.5239583333333333 0.5875 0.5268229166666667 0.5944444444444444 0.5338541666666666 0.5967592597222222 0.5390625 0.5893518513888889 0.5395833333333333 0.5782407402777777 0.53671875 0.5712962958333333 0.5299479166666666 0.5685185180555555
3 0.6497395833333334 0.46574074027777773 0.6442708333333333 0.47175925972222227 0.6432291666666666 0.4847222222222222 0.6471354166666666 0.4935185180555555 0.6526041666666667 0.49398148194444447 0.6583333333333333 0.4875 0.659375 0.47824074027777774 0.65703125 0.46944444444444444 0.6497395833333334 0.46574074027777773
3 0.6002604166666666 0.575 0.5947916666666667 0.5819444444444445 0.5942708333333333 0.5939814819444444 0.5986979166666667 0.6037037041666667 0.6041666666666666 0.6041666666666666 0.6088541666666667 0.5986111111111111 0.6098958333333333 0.5856481486111111 0.6065104166666667 0.5777777777777777 0.6002604166666666 0.575
3 0.5877604166666667 0.6129629624999999 0.5838541666666667 0.6208333333333333 0.584375 0.6337962958333333 0.58828125 0.6398148152777778 0.59375 0.6402777777777777 0.5984375 0.6328703708333333 0.5989583333333334 0.6208333333333333 0.59453125 0.6129629624999999 0.5877604166666667 0.6129629624999999
3 0.7013020833333333 0.8314814819444444 0.6973958333333333 0.8375 0.696875 0.8486111111111111 0.70078125 0.8583333333333333 0.70625 0.860648148611111 0.7119791666666667 0.8550925930555555 0.7130208333333333 0.8430555555555556 0.7096354166666666 0.8342592597222221 0.7013020833333333 0.8314814819444444
3 0.16588541666666667 0.8953703708333333 0.15755208333333334 0.8972222222222223 0.15260416666666668 0.9106481486111111 0.15416666666666667 0.9236111111111112 0.16145833333333334 0.9282407402777778 0.16848958333333333 0.923148148611111 0.17135416666666667 0.9152777777777777 0.17135416666666667 0.9041666666666667 0.16588541666666667 0.8953703708333333
3 0.17734375 0.8361111111111111 0.16901041666666666 0.8379629625 0.16354166666666667 0.8504629625000001 0.16458333333333333 0.8625 0.16901041666666666 0.8685185180555556 0.17291666666666666 0.8689814819444444 0.17890625 0.8657407402777778 0.18333333333333332 0.8523148152777777 0.18229166666666666 0.8430555555555556 0.17734375 0.8361111111111111
3 0.22005208333333334 0.7555555555555555 0.21171875 0.7601851847222223 0.20833333333333334 0.7726851847222223 0.21223958333333334 0.7851851847222223 0.21927083333333333 0.7865740736111112 0.22369791666666666 0.7833333333333333 0.22708333333333333 0.7745370374999999 0.22604166666666667 0.7615740736111112 0.22005208333333334 0.7555555555555555