1 0.7359375 0.5430555555555555 0.7354166666666667 0.5587962958333333 0.7377604166666667 0.5629629625 0.7471354166666667 0.5583333333333333 0.7515625 0.5513888888888889 0.746875 0.5449074069444444 0.7453125 0.5375 0.7591145833333334 0.5240740736111111 0.7690104166666667 0.49722222222222223 0.77265625 0.5027777777777778 0.7919270833333333 0.4962962958333333 0.7963541666666667 0.48842592638888893 0.796875 0.47453703750000004 0.7947916666666667 0.4671296291666666 0.7888020833333333 0.4601851847222222 0.7606770833333333 0.4583333333333333 0.7526041666666666 0.44583333333333336 0.7497395833333333 0.4351851847222222 0.7432291666666667 0.4337962958333333 0.7401041666666667 0.4134259263888889 0.7372395833333333 0.40740740694444444 0.7296875 0.41898148194444446 0.7263020833333333 0.4388888888888889 0.7138020833333333 0.4398148152777778 0.7059895833333333 0.44722222222222224 0.70234375 0.4462962958333333 0.69453125 0.42777777777777776 0.6747395833333333 0.4305555555555556 0.66328125 0.4444444444444444 0.6356770833333333 0.44537037083333336 0.6328125 0.4532407402777778 0.634375 0.48194444444444445 0.6302083333333334 0.5050925930555555 0.6328125 0.5189814819444445 0.6380208333333334 0.5300925930555556 0.6421875 0.5615740736111111 0.6591145833333333 0.5638888888888889 0.6638020833333333 0.5574074069444445 0.6747395833333333 0.5546296291666667 0.67890625 0.5629629625 0.6848958333333334 0.5634259263888889 0.70234375 0.5611111111111111 0.7059895833333333 0.5453703708333334 0.73359375 0.5398148152777777 0.7359375 0.5430555555555555
0 0.5716145833333334 0.1842592597222222 0.5666666666666667 0.19027777777777777 0.565625 0.20509259305555555 0.5705729166666667 0.21388888888888888 0.5755208333333334 0.21342592638888888 0.5807291666666666 0.20694444444444443 0.5817708333333333 0.19490740694444447 0.5768229166666666 0.1842592597222222 0.5716145833333334 0.1842592597222222
3 0.6388020833333333 0.09629629583333332 0.6322916666666667 0.10324074027777777 0.6307291666666667 0.1125 0.6341145833333334 0.1240740736111111 0.640625 0.1254629625 0.6458333333333334 0.11805555555555555 0.6463541666666667 0.10694444444444444 0.64296875 0.09814814861111111 0.6388020833333333 0.09629629583333332
3 0.4627604166666667 0.13240740694444444 0.45598958333333334 0.13333333333333333 0.45208333333333334 0.14583333333333334 0.4557291666666667 0.15879629583333332 0.45989583333333334 0.1625 0.46484375 0.16111111111111112 0.46822916666666664 0.15324074027777776 0.46770833333333334 0.14027777777777778 0.4627604166666667 0.13240740694444444
3 0.4471354166666667 0.1481481486111111 0.44166666666666665 0.15416666666666667 0.440625 0.16805555555555557 0.44453125 0.17685185138888887 0.4510416666666667 0.17824074027777778 0.4552083333333333 0.1736111111111111 0.45625 0.1597222222222222 0.45286458333333335 0.15092592638888888 0.4471354166666667 0.1481481486111111
3 0.2903645833333333 0.10648148194444446 0.28541666666666665 0.11435185138888888 0.28541666666666665 0.12731481527777777 0.2908854166666667 0.13703703750000001 0.29739583333333336 0.1375 0.3026041666666667 0.12824074027777776 0.3020833333333333 0.11712962916666667 0.29765625 0.10833333333333334 0.2903645833333333 0.10648148194444446
3 0.13229166666666667 0.4439814819444445 0.13125 0.45416666666666666 0.13463541666666667 0.4638888888888889 0.13854166666666667 0.4662037041666667 0.14010416666666667 0.46064814861111114 0.13958333333333334 0.4393518513888889 0.13723958333333333 0.4379629625 0.13229166666666667 0.4439814819444445
3 0.2747395833333333 0.525 0.26588541666666665 0.5287037041666667 0.2630208333333333 0.5365740736111111 0.26458333333333334 0.5504629624999999 0.2713541666666667 0.5560185180555556 0.27630208333333334 0.5546296291666667 0.28125 0.5458333333333333 0.28125 0.5347222222222222 0.2747395833333333 0.525
3 0.25078125 0.8657407402777778 0.24348958333333334 0.8685185180555556 0.2390625 0.8800925930555555 0.24010416666666667 0.8921296291666667 0.24348958333333334 0.8972222222222223 0.24895833333333334 0.8976851847222223 0.2557291666666667 0.8902777777777777 0.2578125 0.8800925930555555 0.25625 0.8717592597222221 0.25078125 0.8657407402777778
3 0.41692708333333334 0.3907407402777778 0.4125 0.3976851847222222 0.4125 0.4115740736111111 0.41640625 0.4185185180555555 0.42291666666666666 0.41898148194444446 0.428125 0.41064814861111115 0.4276041666666667 0.3976851847222222 0.42421875 0.39166666666666666 0.41692708333333334 0.3907407402777778
3 0.44869791666666664 0.3518518513888889 0.44427083333333334 0.3560185180555555 0.4427083333333333 0.36712962916666664 0.44609375 0.37777777777777777 0.45208333333333334 0.3800925930555556 0.4583333333333333 0.37083333333333335 0.4583333333333333 0.3615740736111111 0.45546875 0.3546296291666667 0.44869791666666664 0.3518518513888889
3 0.6388020833333333 0.8629629625 0.6354166666666666 0.8680555555555556 0.634375 0.8819444444444444 0.6377604166666667 0.8907407402777778 0.6442708333333333 0.8930555555555556 0.6505208333333333 0.8865740736111112 0.6510416666666666 0.8736111111111111 0.6450520833333333 0.8629629625 0.6388020833333333 0.8629629625
3 0.6580729166666667 0.8611111111111112 0.6546875 0.8652777777777778 0.6526041666666667 0.8800925930555555 0.6565104166666667 0.8898148152777777 0.6630208333333333 0.8921296291666667 0.6692708333333334 0.8856481486111111 0.6697916666666667 0.8717592597222221 0.66640625 0.8638888888888889 0.6580729166666667 0.8611111111111112