3 0.23567708333333334 0.26944444444444443 0.23177083333333334 0.2763888888888889 0.23177083333333334 0.2875 0.23671875 0.2972222222222222 0.24322916666666666 0.2986111111111111 0.2484375 0.29305555555555557 0.24947916666666667 0.2791666666666667 0.24296875 0.26851851805555554 0.23567708333333334 0.26944444444444443
3 0.44296875 0.1364140263888889 0.4390625 0.14058069305555554 0.4375 0.15354365555555557 0.44088541666666664 0.1632658777777778 0.4473958333333333 0.16558069305555556 0.4515625 0.1618769888888889 0.453125 0.14706217361111112 0.45026041666666666 0.13919180416666666 0.44296875 0.1364140263888889
3 0.5330729166666667 0.12129629583333333 0.5276041666666667 0.12731481527777777 0.5260416666666666 0.1393518513888889 0.5283854166666667 0.14722222222222223 0.534375 0.15138888888888888 0.540625 0.14583333333333334 0.5416666666666666 0.13101851805555556 0.53828125 0.12314814861111112 0.5330729166666667 0.12129629583333333
3 0.4513020833333333 0.3740740736111111 0.44635416666666666 0.3800925930555556 0.4453125 0.39212962916666666 0.44921875 0.4009259263888889 0.4557291666666667 0.4023148152777778 0.4609375 0.39490740694444443 0.46145833333333336 0.3837962958333333 0.45807291666666666 0.3759259263888889 0.4513020833333333 0.3740740736111111
3 0.76484375 0.12314814861111112 0.7591145833333334 0.125 0.7546875 0.13564814861111113 0.7552083333333334 0.14675925972222223 0.75859375 0.15185185138888888 0.7640625 0.1523148152777778 0.7674479166666667 0.15 0.7708333333333334 0.14027777777777778 0.7692708333333333 0.12731481527777777 0.76484375 0.12314814861111112
3 0.58828125 0.6601851847222222 0.5817708333333333 0.6671296291666666 0.5807291666666666 0.6791666666666667 0.58515625 0.6888888888888889 0.5911458333333334 0.6893518513888889 0.5953125 0.6837962958333333 0.5963541666666666 0.6726851847222222 0.5940104166666667 0.6648148152777777 0.58828125 0.6601851847222222
3 0.37265625 0.5944444444444444 0.365625 0.6023148152777777 0.3645833333333333 0.6125 0.3684895833333333 0.6222222222222222 0.375 0.6236111111111111 0.3796875 0.6189814819444445 0.38177083333333334 0.6069444444444444 0.37734375 0.5962962958333333 0.37265625 0.5944444444444444
3 0.3450520833333333 0.6935185180555555 0.340625 0.7004629625 0.33958333333333335 0.7125 0.34348958333333335 0.7212962958333334 0.35104166666666664 0.7226851847222223 0.3572916666666667 0.7125 0.3567708333333333 0.7004629625 0.3528645833333333 0.6935185180555555 0.3450520833333333 0.6935185180555555
3 0.20859375 0.6759259263888889 0.20208333333333334 0.6837962958333333 0.2015625 0.6967592597222223 0.20598958333333334 0.7055555555555556 0.21302083333333333 0.7060185180555555 0.21875 0.6995370375000001 0.2203125 0.6865740736111111 0.21588541666666666 0.6768518513888888 0.20859375 0.6759259263888889
3 0.16484375 0.5027777777777778 0.15625 0.5115740736111111 0.15572916666666667 0.5236111111111111 0.15859375 0.5305555555555556 0.165625 0.5337962958333333 0.1734375 0.5273148152777778 0.175 0.5152777777777777 0.17161458333333332 0.5064814819444444 0.16484375 0.5027777777777778
0 0.6325520833333333 0.8083333333333333 0.6276041666666666 0.8162037041666667 0.6276041666666666 0.8273148152777777 0.6315104166666666 0.8370370374999999 0.6369791666666667 0.8384259263888888 0.6427083333333333 0.8328703708333333 0.64375 0.8199074069444445 0.6393229166666666 0.8101851847222222 0.6325520833333333 0.8083333333333333