3 0.16692708333333334 0.04814814861111111 0.16197916666666667 0.05601851805555556 0.16197916666666667 0.06620370416666667 0.16744791666666667 0.07777777777777778 0.1734375 0.07916666666666666 0.1796875 0.07175925972222222 0.1796875 0.05879629583333334 0.17473958333333334 0.049074073611111116 0.16692708333333334 0.04814814861111111
3 0.15755208333333334 0.9009259263888888 0.15208333333333332 0.9069444444444444 0.15 0.9217592597222222 0.15286458333333333 0.9305555555555556 0.16145833333333334 0.9319444444444445 0.1671875 0.9263888888888889 0.16927083333333334 0.9125 0.16588541666666667 0.9027777777777778 0.15755208333333334 0.9009259263888888
3 0.45078125 0.1361111111111111 0.446875 0.14120370416666667 0.4453125 0.15324074027777776 0.45078125 0.16574074027777777 0.45625 0.16527777777777777 0.4609375 0.15694444444444444 0.4609375 0.14583333333333334 0.45651041666666664 0.13703703750000001 0.45078125 0.1361111111111111
3 0.47421875 0.3759259263888889 0.46927083333333336 0.38472222222222224 0.46979166666666666 0.3958333333333333 0.47421875 0.4037037041666667 0.48020833333333335 0.40324074027777773 0.484375 0.3976851847222222 0.48489583333333336 0.38564814861111113 0.4825520833333333 0.3787037041666667 0.47421875 0.3759259263888889
3 0.44765625 0.425 0.4432291666666667 0.43194444444444446 0.4427083333333333 0.44212962916666665 0.44609375 0.4509259263888889 0.4515625 0.4532407402777778 0.4578125 0.44675925972222225 0.4583333333333333 0.4356481486111111 0.45598958333333334 0.42777777777777776 0.44765625 0.425
3 0.43984375 0.4796296291666666 0.43645833333333334 0.4865740736111111 0.4359375 0.49675925972222224 0.4388020833333333 0.5037037041666667 0.44583333333333336 0.5060185180555555 0.4515625 0.49675925972222224 0.4510416666666667 0.48564814861111116 0.4466145833333333 0.4787037041666667 0.43984375 0.4796296291666666
3 0.47578125 0.4787037041666667 0.47239583333333335 0.48564814861111116 0.47239583333333335 0.4976851847222222 0.47682291666666665 0.5046296291666666 0.4828125 0.5050925930555555 0.4875 0.49675925972222224 0.4875 0.48564814861111116 0.4830729166666667 0.4777777777777778 0.47578125 0.4787037041666667
3 0.68203125 0.2925925930555555 0.6770833333333334 0.30046296250000004 0.6765625 0.3115740736111111 0.6809895833333334 0.3203703708333333 0.6869791666666667 0.32083333333333336 0.6916666666666667 0.3143518513888889 0.6927083333333334 0.30046296250000004 0.6877604166666667 0.2925925930555555 0.68203125 0.2925925930555555
3 0.78359375 0.12870370416666668 0.77578125 0.13240740694444444 0.7723958333333333 0.14490740694444443 0.77578125 0.15555555555555556 0.78125 0.15694444444444444 0.7875 0.1504629625 0.7890625 0.14212962916666666 0.7880208333333333 0.13379629583333333 0.78359375 0.12870370416666668
3 0.5971354166666667 0.6666666666666666 0.5921875 0.6736111111111112 0.5916666666666667 0.6847222222222222 0.5955729166666667 0.6935185180555555 0.6015625 0.6949074069444444 0.6057291666666667 0.6902777777777778 0.6072916666666667 0.6773148152777778 0.6044270833333333 0.6694444444444444 0.5971354166666667 0.6666666666666666
3 0.7924479166666667 0.8546296291666667 0.7890625 0.8615740736111112 0.7901041666666667 0.8745370374999999 0.7955729166666666 0.8814814819444444 0.8015625 0.8810185180555556 0.8057291666666667 0.8736111111111111 0.8041666666666667 0.8587962958333334 0.80078125 0.8537037041666666 0.7924479166666667 0.8546296291666667
0 0.7205729166666667 0.6092592597222223 0.7145833333333333 0.6162037041666667 0.7140625 0.6273148152777778 0.71640625 0.6342592597222223 0.7229166666666667 0.638425926388889 0.7296875 0.6328703708333333 0.7307291666666667 0.6199074069444445 0.7268229166666667 0.6120370375 0.7205729166666667 0.6092592597222223