1 0.6783854166666666 0.7666666666666667 0.6861979166666666 0.7592592597222222 0.6895833333333333 0.7671296291666667 0.6903645833333333 0.7768518513888889 0.7065104166666667 0.775 0.7140625 0.7587962958333334 0.715625 0.7412037041666666 0.73359375 0.7231481486111111 0.7380208333333333 0.7125 0.7380208333333333 0.7041666666666667 0.7455729166666667 0.6944444444444444 0.7559895833333333 0.6888888888888889 0.7736979166666667 0.6879629625 0.78046875 0.6842592597222222 0.7864583333333334 0.6773148152777778 0.7869791666666667 0.6652777777777777 0.79453125 0.6583333333333333 0.81171875 0.6879629625 0.8236979166666667 0.6759259263888889 0.82734375 0.6759259263888889 0.8330729166666667 0.6694444444444444 0.8348958333333333 0.6625 0.8302083333333333 0.6486111111111111 0.8286458333333333 0.6328703708333333 0.83125 0.6208333333333333 0.8270833333333333 0.6013888888888889 0.81953125 0.5870370375 0.8080729166666667 0.5824074069444444 0.7966145833333333 0.5574074069444445 0.7924479166666667 0.5574074069444445 0.78046875 0.5703703708333333 0.77109375 0.5648148152777778 0.7682291666666666 0.5662037041666667 0.76875 0.5800925930555556 0.7739583333333333 0.5856481486111111 0.7760416666666666 0.5976851847222222 0.7760416666666666 0.6143518513888888 0.77265625 0.6212962958333333 0.7690104166666667 0.6203703708333334 0.7658854166666667 0.6101851847222222 0.7606770833333333 0.6064814819444445 0.7330729166666666 0.6055555555555555 0.7200520833333334 0.6101851847222222 0.715625 0.6245370375 0.7096354166666666 0.6296296291666666 0.7067708333333333 0.6106481486111112 0.7018229166666666 0.5972222222222222 0.6934895833333333 0.5953703708333333 0.6872395833333333 0.5981481486111111 0.6830729166666667 0.6018518513888889 0.6786458333333333 0.6125 0.68046875 0.6361111111111111 0.6643229166666667 0.6416666666666667 0.6661458333333333 0.6486111111111111 0.6627604166666666 0.6564814819444444 0.66015625 0.6555555555555556 0.6575520833333334 0.6472222222222223 0.6510416666666666 0.6550925930555556 0.6473958333333333 0.6884259263888889 0.6393229166666666 0.6916666666666667 0.6364583333333333 0.6967592597222223 0.6359375 0.7041666666666667 0.6401041666666667 0.7189814819444444 0.6140625 0.7421296291666667 0.6130208333333333 0.7541666666666667 0.6151041666666667 0.7652777777777777 0.6200520833333333 0.7787037041666666 0.6239583333333333 0.7800925930555554 0.6502604166666667 0.7620370375 0.6596354166666667 0.7629629625000001 0.6669270833333333 0.751851851388889 0.6783854166666666 0.7666666666666667
3 0.5252604166666667 0.6009259263888889 0.5208333333333334 0.6087962958333333 0.5208333333333334 0.6217592597222222 0.52578125 0.6287037041666667 0.5302083333333333 0.6282407402777778 0.5354166666666667 0.6208333333333333 0.5359375 0.6097222222222223 0.5309895833333333 0.6009259263888889 0.5252604166666667 0.6009259263888889
3 0.50078125 0.7166666666666667 0.4953125 0.7236111111111111 0.4942708333333333 0.7365740736111112 0.4981770833333333 0.7453703708333332 0.5036458333333333 0.7467592597222221 0.5098958333333333 0.7393518513888889 0.5104166666666666 0.7263888888888889 0.5059895833333333 0.7175925930555554 0.50078125 0.7166666666666667
3 0.5033854166666667 0.7611111111111111 0.49557291666666664 0.7629629625000001 0.4921875 0.7717592597222221 0.49375 0.7865740736111112 0.49947916666666664 0.7912037041666666 0.50546875 0.7888888888888889 0.5083333333333333 0.7810185180555556 0.5078125 0.7680555555555556 0.5033854166666667 0.7611111111111111
3 0.50703125 0.7888888888888889 0.4981770833333333 0.7907407402777779 0.4947916666666667 0.8023148152777777 0.496875 0.8134259263888889 0.503125 0.8189814819444444 0.50859375 0.8166666666666667 0.5114583333333333 0.8087962958333333 0.5114583333333333 0.7976851847222223 0.50703125 0.7888888888888889
3 0.5299479166666666 0.8777777777777778 0.5244791666666667 0.8856481486111111 0.5239583333333333 0.8976851847222223 0.5278645833333333 0.9074074069444446 0.534375 0.9078703708333333 0.5395833333333333 0.8986111111111111 0.5395833333333333 0.8884259263888888 0.53515625 0.8787037041666667 0.5299479166666666 0.8777777777777778
3 0.5143229166666666 0.8907407402777778 0.5065104166666666 0.8925925930555555 0.5026041666666666 0.9041666666666667 0.5041666666666667 0.9162037041666666 0.5114583333333333 0.9226851847222223 0.5153645833333333 0.9212962958333334 0.5197916666666667 0.9087962958333334 0.51875 0.8976851847222223 0.5143229166666666 0.8907407402777778
3 0.56015625 0.7666666666666667 0.5536458333333333 0.7745370374999999 0.553125 0.7865740736111112 0.5575520833333333 0.7953703708333333 0.5635416666666667 0.7958333333333333 0.56875 0.7884259263888889 0.5692708333333333 0.7791666666666667 0.56484375 0.7685185180555556 0.56015625 0.7666666666666667
3 0.58046875 0.7833333333333333 0.5765625 0.7902777777777777 0.5765625 0.8041666666666667 0.5809895833333333 0.8120370374999999 0.5869791666666667 0.8125 0.5916666666666667 0.8041666666666667 0.5921875 0.7912037041666666 0.5877604166666667 0.7833333333333333 0.58046875 0.7833333333333333
3 0.6002604166666666 0.8787037041666667 0.5955729166666667 0.8814814819444444 0.5921875 0.8930555555555556 0.59375 0.9032407402777778 0.6005208333333333 0.9106481486111111 0.6072916666666667 0.9050925930555554 0.6088541666666667 0.8921296291666667 0.6044270833333333 0.8814814819444444 0.6002604166666666 0.8787037041666667
3 0.7221354166666667 0.41759259305555557 0.715625 0.4263888888888889 0.7151041666666667 0.4356481486111111 0.7184895833333333 0.4444444444444444 0.7260416666666667 0.44583333333333336 0.73125 0.4384259263888889 0.7317708333333334 0.4263888888888889 0.7283854166666667 0.41944444444444445 0.7221354166666667 0.41759259305555557
3 0.8075520833333333 0.13240740694444444 0.8020833333333334 0.14027777777777778 0.8010416666666667 0.1523148152777778 0.8049479166666667 0.1601851847222222 0.8119791666666667 0.16064814861111112 0.8177083333333334 0.1495370375 0.8177083333333334 0.1384259263888889 0.81484375 0.13333333333333333 0.8075520833333333 0.13240740694444444
0 0.58359375 0.8666666666666667 0.5776041666666667 0.8745370374999999 0.5765625 0.8837962958333334 0.5794270833333334 0.8944444444444445 0.5854166666666667 0.8986111111111111 0.5908854166666667 0.8962962958333334 0.5942708333333333 0.8847222222222222 0.58984375 0.8694444444444445 0.58359375 0.8666666666666667