0 0.5169270833333334 0.5287037041666667 0.5135416666666667 0.5347222222222222 0.5125 0.5486111111111112 0.5153645833333333 0.5555555555555556 0.5203125 0.5569444444444445 0.5260416666666666 0.5532407402777777 0.528125 0.5393518513888889 0.52421875 0.5305555555555556 0.5169270833333334 0.5287037041666667
1 0.8026041666666667 0.47453703750000004 0.8057291666666667 0.4625 0.8052083333333333 0.4532407402777778 0.8020833333333334 0.4393518513888889 0.7963541666666667 0.43287037083333335 0.7953125 0.4263888888888889 0.7984375 0.4199074069444444 0.8015625 0.39675925972222226 0.7924479166666667 0.39351851805555554 0.7856770833333333 0.375 0.7794270833333333 0.3740740736111111 0.7739583333333333 0.3680555555555556 0.765625 0.3356481486111111 0.7708333333333334 0.3217592597222222 0.7692708333333333 0.31527777777777777 0.7653645833333333 0.30833333333333335 0.7580729166666667 0.31018518472222223 0.7541666666666667 0.3032407402777778 0.7541666666666667 0.29305555555555557 0.7671875 0.2652777777777778 0.7572916666666667 0.22916666666666666 0.73828125 0.22962962916666668 0.7216145833333333 0.24444444444444444 0.7130208333333333 0.2569444444444444 0.7114583333333333 0.2754629625 0.696875 0.30694444444444446 0.7005208333333334 0.3189814819444444 0.6981770833333333 0.34351851805555556 0.7018229166666666 0.34259259305555556 0.7049479166666667 0.33518518472222225 0.71015625 0.3416666666666667 0.7169270833333333 0.3388888888888889 0.721875 0.34212962916666667 0.7208333333333333 0.35694444444444445 0.7083333333333334 0.39120370416666667 0.7182291666666667 0.40509259305555556 0.7096354166666666 0.40925925972222227 0.703125 0.41898148194444446 0.7005208333333334 0.4254629625 0.7005208333333334 0.4375 0.7065104166666667 0.4509259263888889 0.7138020833333333 0.4564814819444445 0.7221354166666667 0.4527777777777778 0.7299479166666667 0.44166666666666665 0.7328125 0.4578703708333334 0.74375 0.47453703750000004 0.7395833333333334 0.48935185138888887 0.7401041666666667 0.49583333333333335 0.7450520833333333 0.5046296291666666 0.7596354166666667 0.5166666666666667 0.78359375 0.5101851847222222 0.79453125 0.5388888888888889 0.8041666666666667 0.5412037041666667 0.8106770833333333 0.5379629625 0.8140625 0.5319444444444444 0.8145833333333333 0.5254629625 0.8026041666666667 0.47453703750000004
3 0.50859375 0.09722222222222222 0.503125 0.10509259305555556 0.5026041666666666 0.11620370416666667 0.5065104166666666 0.1259259263888889 0.5119791666666667 0.12731481527777777 0.5171875 0.12083333333333333 0.5182291666666666 0.10787037083333334 0.5138020833333333 0.09814814861111111 0.50859375 0.09722222222222222
3 0.4981770833333333 0.15648148194444444 0.4921875 0.1625 0.490625 0.17546296249999999 0.4940104166666667 0.18518518472222223 0.5010416666666667 0.1865740736111111 0.50625 0.1773148152777778 0.50625 0.16620370416666666 0.50390625 0.1601851847222222 0.4981770833333333 0.15648148194444444
3 0.8075520833333333 0.13240740694444444 0.8020833333333334 0.1393518513888889 0.8010416666666667 0.15324074027777776 0.8044270833333333 0.1601851847222222 0.8125 0.16064814861111112 0.8177083333333334 0.1504629625 0.8177083333333334 0.1384259263888889 0.81484375 0.13333333333333333 0.8075520833333333 0.13240740694444444
3 0.19557291666666668 0.3185185180555556 0.19114583333333332 0.32453703749999996 0.19010416666666666 0.3356481486111111 0.19661458333333334 0.3481481486111111 0.20052083333333334 0.3486111111111111 0.20833333333333334 0.3412037041666667 0.20885416666666667 0.3282407402777778 0.20442708333333334 0.3194444444444444 0.19557291666666668 0.3185185180555556
3 0.18307291666666667 0.3379629625 0.17760416666666667 0.3486111111111111 0.178125 0.35694444444444445 0.18151041666666667 0.3648148152777778 0.1890625 0.36712962916666664 0.19583333333333333 0.36064814861111116 0.19635416666666666 0.3486111111111111 0.19140625 0.3388888888888889 0.18307291666666667 0.3379629625
3 0.23671875 0.7398148152777777 0.22838541666666667 0.7425925930555555 0.22395833333333334 0.7532407402777779 0.22682291666666668 0.7685185180555556 0.234375 0.7708333333333334 0.23932291666666666 0.7675925930555555 0.24322916666666666 0.7550925930555555 0.2421875 0.7467592597222221 0.23671875 0.7398148152777777
3 0.34713541666666664 0.7740740736111111 0.34322916666666664 0.7856481486111111 0.34479166666666666 0.7976851847222223 0.34921875 0.8027777777777778 0.35260416666666666 0.8023148152777777 0.36041666666666666 0.7902777777777777 0.35989583333333336 0.7782407402777778 0.35442708333333334 0.7712962958333334 0.34713541666666664 0.7740740736111111
3 0.5315104166666667 0.5388888888888889 0.5276041666666667 0.5449074069444444 0.5260416666666666 0.5578703708333334 0.5299479166666666 0.5657407402777778 0.5354166666666667 0.5671296291666666 0.540625 0.5615740736111111 0.5421875 0.5504629624999999 0.53828125 0.5398148152777777 0.5315104166666667 0.5388888888888889
3 0.5216145833333333 0.48148148194444446 0.5177083333333333 0.4875 0.5171875 0.5023148152777778 0.51953125 0.5064814819444444 0.5265625 0.5078703708333333 0.53125 0.5004629625 0.5317708333333333 0.4912037041666667 0.5268229166666667 0.48148148194444446 0.5216145833333333 0.48148148194444446
3 0.59609375 0.8814814819444444 0.5921875 0.8902777777777777 0.5927083333333333 0.9004629625 0.5966145833333333 0.9092592597222222 0.6026041666666667 0.9106481486111111 0.6072916666666667 0.9050925930555554 0.6083333333333333 0.8912037041666666 0.6033854166666667 0.8814814819444444 0.59609375 0.8814814819444444
3 0.7393229166666667 0.876851851388889 0.734375 0.8847222222222222 0.734375 0.8949074069444445 0.7377604166666667 0.9027777777777778 0.7458333333333333 0.9050925930555554 0.7494791666666667 0.9004629625 0.75 0.8865740736111112 0.7466145833333333 0.8787037041666667 0.7393229166666667 0.876851851388889