3 0.18671875 0.3122500388888889 0.18177083333333333 0.31826855694444445 0.18020833333333333 0.3284537430555555 0.18307291666666667 0.33817596527777777 0.190625 0.3423426319444444 0.19791666666666666 0.33586115 0.19895833333333332 0.3238241125 0.19505208333333332 0.3150278166666667 0.18671875 0.3122500388888889
3 0.5087121333333333 0.09722222222222222 0.5037642166666667 0.10324074027777777 0.50272255 0.11805555555555555 0.5071496333333333 0.12685185138888888 0.5126183833333333 0.12731481527777777 0.5173058833333334 0.12083333333333333 0.51834755 0.10787037083333334 0.5149621333333333 0.0990740736111111 0.5087121333333333 0.09722222222222222
3 0.5528645833333333 0.21504211388888889 0.5473958333333333 0.22106063194444445 0.5458333333333333 0.23309766944444443 0.5497395833333333 0.24281989166666665 0.5546875 0.24420878055555556 0.5604166666666667 0.2377272986111111 0.5619791666666667 0.23031989166666667 0.5580729166666667 0.2168939652777778 0.5528645833333333 0.21504211388888889
3 0.54921875 0.35833333333333334 0.54375 0.36712962916666664 0.54375 0.37824074027777776 0.5471354166666667 0.3851851847222222 0.5541666666666667 0.38564814861111113 0.5588541666666667 0.37824074027777776 0.559375 0.3680555555555556 0.5549479166666667 0.3592592597222222 0.54921875 0.35833333333333334
3 0.60703125 0.4648148152777778 0.6015625 0.4708333333333333 0.6 0.48287037083333334 0.60390625 0.4925925930555556 0.6083333333333333 0.49398148194444447 0.6145833333333334 0.48842592638888893 0.6161458333333333 0.47453703750000004 0.61328125 0.46759259305555556 0.60703125 0.4648148152777778
3 0.5127604166666667 0.4527777777777778 0.5067708333333333 0.46064814861111114 0.50625 0.46805555555555556 0.5078125 0.47638888888888886 0.5140625 0.48194444444444445 0.5208333333333334 0.4754629625 0.521875 0.4625 0.5184895833333333 0.45462962916666666 0.5127604166666667 0.4527777777777778
3 0.52109375 0.47685185138888886 0.5145833333333333 0.4847222222222222 0.5140625 0.49583333333333335 0.51796875 0.5046296291666666 0.5234375 0.5050925930555555 0.5291666666666667 0.4986111111111111 0.5296875 0.4865740736111111 0.5263020833333333 0.4796296291666666 0.52109375 0.47685185138888886
3 0.4908854166666667 0.5574074069444445 0.48541666666666666 0.5652777777777778 0.48489583333333336 0.5745370375000001 0.48984375 0.5851851847222223 0.4953125 0.5847222222222223 0.5005208333333333 0.5782407402777777 0.5 0.5652777777777778 0.49713541666666666 0.5583333333333333 0.4908854166666667 0.5574074069444445
3 0.4903645833333333 0.6270954277777778 0.484375 0.634965798611111 0.48333333333333334 0.6442250569444444 0.48671875 0.6539472791666666 0.49166666666666664 0.6562620944444445 0.4984375 0.6497806125 0.49947916666666664 0.6386695013888889 0.49557291666666664 0.6289472791666667 0.4903645833333333 0.6270954277777778
3 0.74140625 0.6157407402777777 0.7354166666666667 0.6208333333333333 0.7338541666666667 0.6337962958333333 0.7377604166666667 0.6425925930555556 0.74375 0.6439814819444445 0.7494791666666667 0.6375 0.7505208333333333 0.6273148152777778 0.74765625 0.6194444444444445 0.74140625 0.6157407402777777
3 0.5611979166666666 0.9009259263888888 0.5549479166666667 0.9018518513888889 0.5505208333333333 0.9115740736111112 0.5526041666666667 0.9282407402777778 0.5583333333333333 0.9319444444444445 0.5638020833333334 0.9296296291666667 0.5666666666666667 0.9217592597222222 0.565625 0.9078703708333333 0.5611979166666666 0.9009259263888888
1 0.2747395833333333 0.6574074069444444 0.27708333333333335 0.6495370375 0.275 0.6208333333333333 0.28151041666666665 0.6148148152777778 0.2877604166666667 0.6148148152777778 0.2903645833333333 0.6203703708333334 0.29453125 0.6203703708333334 0.2981770833333333 0.6361111111111111 0.31536458333333334 0.6305555555555555 0.3372395833333333 0.6305555555555555 0.3377604166666667 0.6453703708333334 0.3611979166666667 0.6435185180555555 0.3684895833333333 0.6324074069444444 0.3734375 0.6356481486111112 0.37265625 0.6203703708333334 0.3736979166666667 0.625 0.3815104166666667 0.6259259263888889 0.39401041666666664 0.6175925930555556 0.4002604166666667 0.6064814819444445 0.41119791666666666 0.6092592597222223 0.41302083333333334 0.6069444444444444 0.4125 0.5995370375 0.4158854166666667 0.5962962958333333 0.4200520833333333 0.5972222222222222 0.4236979166666667 0.6055555555555555 0.4276041666666667 0.5995370375 0.4276041666666667 0.5930555555555556 0.4315104166666667 0.5833333333333334 0.4627604166666667 0.575 0.4671875 0.5615740736111111 0.4661458333333333 0.5458333333333333 0.4627604166666667 0.5361111111111111 0.4356770833333333 0.5388888888888889 0.42994791666666665 0.5361111111111111 0.4236979166666667 0.5259259263888889 0.41171875 0.5342592597222222 0.40703125 0.5314814819444444 0.4049479166666667 0.5231481486111111 0.39817708333333335 0.5259259263888889 0.3888020833333333 0.5111111111111111 0.3841145833333333 0.5120370375000001 0.37942708333333336 0.5194444444444445 0.3768229166666667 0.5074074069444444 0.37526041666666665 0.5148148152777778 0.3690104166666667 0.5212962958333333 0.36484375 0.5212962958333333 0.3625 0.5097222222222222 0.35703125 0.5037037041666667 0.3377604166666667 0.5046296291666666 0.3299479166666667 0.5092592597222223 0.3338541666666667 0.5217592597222223 0.33151041666666664 0.5305555555555556 0.29765625 0.5361111111111111 0.28828125 0.5583333333333333 0.2794270833333333 0.5648148152777778 0.2747395833333333 0.5657407402777778 0.2703125 0.5606481486111111 0.2669270833333333 0.5296296291666667 0.24401041666666667 0.5351851847222222 0.23932291666666666 0.5305555555555556 0.23385416666666667 0.5430555555555555 0.23489583333333333 0.5708333333333333 0.22760416666666666 0.5782407402777777 0.22708333333333333 0.6032407402777777 0.23151041666666666 0.6231481486111111 0.23958333333333334 0.6245370375 0.24322916666666666 0.6541666666666667 0.2453125 0.6625 0.24791666666666667 0.6643518513888889 0.25807291666666665 0.6583333333333333 0.26276041666666666 0.6583333333333333 0.26848958333333334 0.6638888888888889 0.2747395833333333 0.6574074069444444
0 0.59140625 0.1259259263888889 0.5846354166666666 0.12777777777777777 0.5807291666666666 0.1393518513888889 0.5822916666666667 0.1504629625 0.5890625 0.15601851805555556 0.5924479166666666 0.15462962916666667 0.596875 0.14490740694444443 0.5963541666666666 0.13287037083333333 0.59140625 0.1259259263888889