1 0.23958333333333334 0.9495370375 0.240625 0.9273148152777777 0.24296875 0.9194444444444444 0.25494791666666666 0.9203703708333333 0.25703125 0.9277777777777778 0.2638020833333333 0.9305555555555556 0.27057291666666666 0.9259259263888888 0.27421875 0.9185185180555556 0.2950520833333333 0.9129629625000001 0.30234375 0.9157407402777779 0.30963541666666666 0.9296296291666667 0.3346354166666667 0.9287037041666666 0.3377604166666667 0.9314814819444444 0.34036458333333336 0.9194444444444444 0.35963541666666665 0.9157407402777779 0.36484375 0.9101851847222223 0.37265625 0.9101851847222223 0.3768229166666667 0.9138888888888889 0.38046875 0.9055555555555556 0.38359375 0.9055555555555556 0.3846354166666667 0.9148148152777777 0.3848958333333333 0.9069444444444444 0.3885416666666667 0.9032407402777778 0.3890625 0.8912037041666666 0.39869791666666665 0.8870370375 0.40286458333333336 0.876851851388889 0.43776041666666665 0.8657407402777778 0.4427083333333333 0.8495370375 0.44166666666666665 0.8291666666666667 0.4393229166666667 0.8231481486111111 0.4356770833333333 0.8212962958333334 0.40598958333333335 0.8259259263888888 0.4041666666666667 0.8236111111111111 0.4046875 0.8097222222222222 0.40182291666666664 0.8009259263888888 0.38828125 0.8027777777777778 0.3846354166666667 0.7972222222222223 0.38046875 0.8 0.3768229166666667 0.7898148152777777 0.37265625 0.7953703708333333 0.36484375 0.7962962958333334 0.3611979166666667 0.7888888888888889 0.3575520833333333 0.7953703708333333 0.34869791666666666 0.7935185180555556 0.33932291666666664 0.798148148611111 0.334375 0.7949074069444445 0.3380208333333333 0.7736111111111111 0.33307291666666666 0.7657407402777778 0.3138020833333333 0.7666666666666667 0.30885416666666665 0.7736111111111111 0.30833333333333335 0.7875 0.31302083333333336 0.7976851847222223 0.31328125 0.8111111111111111 0.3059895833333333 0.8138888888888889 0.29401041666666666 0.8037037041666666 0.26953125 0.8222222222222222 0.25625 0.8430555555555556 0.25442708333333336 0.8611111111111112 0.2421875 0.8625 0.240625 0.8300925930555555 0.23723958333333334 0.8222222222222222 0.21223958333333334 0.8287037041666666 0.20807291666666666 0.826851851388889 0.20572916666666666 0.8328703708333333 0.20625 0.8680555555555556 0.20390625 0.8740740736111111 0.19973958333333333 0.8740740736111111 0.19739583333333333 0.8791666666666667 0.19739583333333333 0.9004629625 0.19895833333333332 0.9217592597222222 0.20677083333333332 0.9291666666666667 0.209375 0.9550925930555555 0.2125 0.9662037041666666 0.22213541666666667 0.9601851847222223 0.23151041666666666 0.9601851847222223 0.23723958333333334 0.9546296291666667 0.23958333333333334 0.9495370375
0 0.7768229166666667 0.7490740736111111 0.7713541666666667 0.7560185180555556 0.7708333333333334 0.7671296291666667 0.7763020833333333 0.7777777777777778 0.78125 0.7791666666666667 0.7864583333333334 0.7745370374999999 0.7880208333333333 0.7615740736111112 0.78359375 0.751851851388889 0.7768229166666667 0.7490740736111111
3 0.70234375 0.8305555555555556 0.6979166666666666 0.835648148611111 0.6963541666666667 0.8449074069444446 0.70078125 0.8583333333333333 0.70625 0.860648148611111 0.7119791666666667 0.8550925930555555 0.7130208333333333 0.8430555555555556 0.7080729166666667 0.8324074069444445 0.70234375 0.8305555555555556
3 0.6393229166666666 0.09629629583333332 0.6322916666666667 0.10324074027777777 0.6307291666666667 0.1125 0.63515625 0.1259259263888889 0.6401041666666667 0.12638888888888888 0.6458333333333334 0.11898148194444445 0.6463541666666667 0.10694444444444444 0.64296875 0.09814814861111111 0.6393229166666666 0.09629629583333332
3 0.62734375 0.40185185138888885 0.6229166666666667 0.4078703708333334 0.621875 0.41898148194444446 0.6247395833333333 0.42685185138888887 0.6322916666666667 0.42824074027777775 0.6364583333333333 0.4226851847222222 0.6375 0.41064814861111115 0.6330729166666667 0.40185185138888885 0.62734375 0.40185185138888885
3 0.66640625 0.4148148152777778 0.6609375 0.4254629625 0.6614583333333334 0.43287037083333335 0.66640625 0.44166666666666665 0.6723958333333333 0.4412037041666667 0.6770833333333334 0.43287037083333335 0.6770833333333334 0.4236111111111111 0.6716145833333333 0.41388888888888886 0.66640625 0.4148148152777778
3 0.6450520833333333 0.48148148194444446 0.6411458333333333 0.4912037041666667 0.6427083333333333 0.5041666666666667 0.64609375 0.5083333333333333 0.6526041666666667 0.5078703708333333 0.6572916666666667 0.4976851847222222 0.65625 0.4865740736111111 0.65234375 0.48055555555555557 0.6450520833333333 0.48148148194444446
3 0.6002604166666666 0.575 0.5947916666666667 0.5819444444444445 0.59375 0.5930555555555556 0.5966145833333333 0.6009259263888889 0.6020833333333333 0.6041666666666666 0.6088541666666667 0.5976851847222222 0.6098958333333333 0.5865740736111111 0.60703125 0.5787037041666667 0.6002604166666666 0.575
3 0.5877604166666667 0.6129629624999999 0.5833333333333334 0.6217592597222222 0.5838541666666667 0.6337962958333333 0.58828125 0.6407407402777777 0.59375 0.6402777777777777 0.5984375 0.6310185180555555 0.5984375 0.6208333333333333 0.5940104166666667 0.6129629624999999 0.5877604166666667 0.6129629624999999
3 0.5299479166666666 0.5685185180555555 0.525 0.5745370375000001 0.5239583333333333 0.5865740736111111 0.5278645833333333 0.5953703708333333 0.5338541666666666 0.5967592597222222 0.5390625 0.5893518513888889 0.5395833333333333 0.5782407402777777 0.5361979166666667 0.5703703708333333 0.5299479166666666 0.5685185180555555
3 0.5033854166666667 0.3481481486111111 0.4979166666666667 0.3560185180555555 0.4973958333333333 0.3662037041666667 0.50078125 0.375 0.50625 0.3773148152777778 0.5130208333333334 0.3699074069444444 0.5135416666666667 0.3597222222222222 0.51015625 0.35 0.5033854166666667 0.3481481486111111
3 0.4471354166666667 0.3527777777777778 0.4432291666666667 0.35879629583333333 0.4432291666666667 0.37083333333333335 0.4466145833333333 0.3787037041666667 0.45260416666666664 0.3800925930555556 0.4578125 0.3726851847222222 0.4583333333333333 0.3615740736111111 0.45234375 0.3518518513888889 0.4471354166666667 0.3527777777777778
3 0.41692708333333334 0.3907407402777778 0.4125 0.3976851847222222 0.4125 0.4115740736111111 0.4158854166666667 0.4185185180555555 0.4234375 0.41898148194444446 0.428125 0.4115740736111111 0.4276041666666667 0.3976851847222222 0.42421875 0.39166666666666666 0.41692708333333334 0.3907407402777778