1 0.17682291666666666 0 0.17005208333333333 0.009259259722222222 0.16067708333333333 0.0037037041666666665 0.153125 0.015277777777777777 0.14635416666666667 0.03194444444444444 0.14895833333333333 0.05601851805555556 0.13958333333333334 0.07731481527777777 0.14114583333333333 0.0875 0.15338541666666666 0.09722222222222222 0.1609375 0.1115740736111111 0.1609375 0.11898148194444445 0.16380208333333332 0.12037037083333334 0.16484375 0.1259259263888889 0.16510416666666666 0.11990740694444443 0.16796875 0.11851851805555555 0.17369791666666667 0.10555555555555556 0.18098958333333334 0.09722222222222222 0.18619791666666666 0.09814814861111111 0.18854166666666666 0.12824074027777776 0.19270833333333334 0.14768518472222222 0.21901041666666668 0.18981481527777777 0.23151041666666666 0.19629629583333336 0.24010416666666667 0.21712962916666667 0.23567708333333334 0.21944444444444444 0.23151041666666666 0.2120370375 0.22447916666666667 0.22453703749999998 0.22369791666666666 0.23148148194444443 0.23984375 0.2574074069444445 0.24270833333333333 0.25509259305555554 0.24322916666666666 0.23842592638888888 0.24765625 0.24074074027777778 0.25052083333333336 0.24490740694444446 0.2484375 0.2513888888888889 0.2513020833333333 0.25277777777777777 0.25807291666666665 0.26666666666666666 0.2669270833333333 0.2703703708333333 0.2747395833333333 0.28240740694444444 0.27890625 0.28240740694444444 0.28203125 0.2731481486111111 0.28619791666666666 0.2731481486111111 0.28984375 0.2870370375 0.29453125 0.28518518472222226 0.30052083333333335 0.29305555555555557 0.3028645833333333 0.30925925972222224 0.3059895833333333 0.3111111111111111 0.31276041666666665 0.30370370416666664 0.31744791666666666 0.3046296291666667 0.3372395833333333 0.33703703749999997 0.34322916666666664 0.33842592638888885 0.3515625 0.3273148152777778 0.35520833333333335 0.3171296291666667 0.35520833333333335 0.3106481486111111 0.3333333333333333 0.2717592597222222 0.3338541666666667 0.25231481527777777 0.3299479166666667 0.25370370416666665 0.31614583333333335 0.24120370416666664 0.31354166666666666 0.2217592597222222 0.3190104166666667 0.22407407361111112 0.32395833333333335 0.21620370416666665 0.32109375 0.21388888888888888 0.31744791666666666 0.21666666666666667 0.315625 0.21342592638888888 0.30364583333333334 0.18287037083333332 0.296875 0.17268518472222222 0.29583333333333334 0.16805555555555557 0.29791666666666666 0.16064814861111112 0.2903645833333333 0.14444444444444443 0.27890625 0.12777777777777777 0.2747395833333333 0.12777777777777777 0.2669270833333333 0.14074074027777778 0.26276041666666666 0.14074074027777778 0.25833333333333336 0.12731481527777777 0.23046875 0.07685185138888889 0.20442708333333334 0.06481481527777777 0.20104166666666667 0.05601851805555556 0.20104166666666667 0.0495370375 0.20625 0.03564814861111111 0.20572916666666666 0.020833333333333332 0.19244791666666666 0 0.17682291666666666 0
3 0.4828125 0.08101851805555556 0.47942708333333334 0.07685185138888889 0.4747395833333333 0.07592592638888888 0.46875 0.08564814861111111 0.46875 0.09768518472222222 0.475 0.10787037083333334 0.48151041666666666 0.10555555555555556 0.484375 0.09861111111111111 0.48541666666666666 0.09120370416666668 0.4828125 0.08101851805555556
3 0.48828125 0.06388888888888888 0.48333333333333334 0.06990740694444444 0.4822916666666667 0.07824074027777778 0.484375 0.09027777777777778 0.49114583333333334 0.09490740694444444 0.49635416666666665 0.08935185138888889 0.4979166666666667 0.0763888888888889 0.49453125 0.06574074027777778 0.48828125 0.06388888888888888
3 0.5408854166666667 0.2916666666666667 0.5364583333333334 0.30046296250000004 0.5369791666666667 0.3134259263888889 0.5408854166666667 0.3194444444444444 0.546875 0.3189814819444444 0.5510416666666667 0.3115740736111111 0.5515625 0.30046296250000004 0.5471354166666667 0.2916666666666667 0.5408854166666667 0.2916666666666667
3 0.65078125 0.14166666666666666 0.6458333333333334 0.15138888888888888 0.6458333333333334 0.16157407361111112 0.6497395833333334 0.16944444444444445 0.6557291666666667 0.16990740694444445 0.6614583333333334 0.16064814861111112 0.6614583333333334 0.1495370375 0.6575520833333334 0.14166666666666666 0.65078125 0.14166666666666666
3 0.7294270833333333 0.22962962916666668 0.7229166666666667 0.2375 0.721875 0.24861111111111112 0.72578125 0.25833333333333336 0.7307291666666667 0.25879629583333336 0.7375 0.2513888888888889 0.7385416666666667 0.24120370416666664 0.73515625 0.23148148194444443 0.7294270833333333 0.22962962916666668
3 0.7731770833333333 0.22592592638888886 0.7684895833333333 0.22592592638888886 0.7619791666666667 0.2356481486111111 0.7625 0.24861111111111112 0.7692708333333333 0.25509259305555554 0.77578125 0.2518518513888889 0.7786458333333334 0.24398148194444444 0.7776041666666667 0.23101851805555557 0.7731770833333333 0.22592592638888886
3 0.6752604166666667 0.5092592597222223 0.6713541666666667 0.5143518513888888 0.6697916666666667 0.5236111111111111 0.67421875 0.5351851847222222 0.6796875 0.5356481486111111 0.6854166666666667 0.5291666666666667 0.6859375 0.5180555555555556 0.6809895833333334 0.5092592597222223 0.6752604166666667 0.5092592597222223
3 0.4434895833333333 0.47685185138888886 0.4375 0.48194444444444445 0.4354166666666667 0.4949074069444444 0.4393229166666667 0.5037037041666667 0.44427083333333334 0.5050925930555555 0.4510416666666667 0.49675925972222224 0.4510416666666667 0.4865740736111111 0.44817708333333334 0.4787037041666667 0.4434895833333333 0.47685185138888886
3 0.6940104166666666 0.5611111111111111 0.6880208333333333 0.5662037041666667 0.6864583333333333 0.5782407402777777 0.6893229166666667 0.5861111111111111 0.6947916666666667 0.5893518513888889 0.7010416666666667 0.5847222222222223 0.7026041666666667 0.5708333333333333 0.69921875 0.5638888888888889 0.6940104166666666 0.5611111111111111
3 0.63203125 0.700925926388889 0.6265625 0.7106481486111111 0.6270833333333333 0.7208333333333333 0.6315104166666666 0.7287037041666666 0.6364583333333333 0.7291666666666666 0.6411458333333333 0.7245370375 0.6421875 0.7106481486111111 0.6393229166666666 0.7037037041666667 0.63203125 0.700925926388889
3 0.3846354166666667 0.8824074069444445 0.3763020833333333 0.8851851847222223 0.371875 0.8986111111111111 0.3723958333333333 0.9078703708333333 0.37526041666666665 0.9138888888888889 0.38177083333333334 0.9152777777777777 0.38567708333333334 0.9138888888888889 0.39010416666666664 0.9032407402777778 0.38958333333333334 0.8921296291666667 0.3846354166666667 0.8824074069444445
0 0.6518229166666667 0.6648148152777777 0.6484375 0.6763888888888889 0.65 0.6856481486111111 0.65390625 0.6916666666666667 0.6598958333333333 0.6921296291666666 0.6651041666666667 0.6819444444444445 0.6635416666666667 0.6689814819444445 0.65859375 0.6629629625 0.6518229166666667 0.6648148152777777