3 0.2903645833333333 0.10648148194444446 0.2859375 0.1125 0.28489583333333335 0.12361111111111112 0.28932291666666665 0.1351851847222222 0.2947916666666667 0.1384259263888889 0.3015625 0.13287037083333333 0.3026041666666667 0.12083333333333333 0.29765625 0.10833333333333334 0.2903645833333333 0.10648148194444446
3 0.4471354166666667 0.1481481486111111 0.44166666666666665 0.15416666666666667 0.440625 0.16805555555555557 0.44453125 0.17685185138888887 0.4510416666666667 0.17824074027777778 0.4546875 0.1745370375 0.45677083333333335 0.16064814861111112 0.45234375 0.15 0.4471354166666667 0.1481481486111111
3 0.4591145833333333 0.13148148194444445 0.45364583333333336 0.1375 0.45208333333333334 0.14675925972222223 0.4557291666666667 0.15879629583333332 0.45989583333333334 0.1625 0.46484375 0.16111111111111112 0.46875 0.14675925972222223 0.46484375 0.13425925972222222 0.4591145833333333 0.13148148194444445
3 0.63828125 0.09629629583333332 0.6322916666666667 0.10324074027777777 0.6307291666666667 0.1125 0.6341145833333334 0.1240740736111111 0.640625 0.1254629625 0.6458333333333334 0.11805555555555555 0.6463541666666667 0.10601851805555555 0.64296875 0.09814814861111111 0.63828125 0.09629629583333332
3 0.44869791666666664 0.3518518513888889 0.4432291666666667 0.35879629583333333 0.4432291666666667 0.37083333333333335 0.44765625 0.37962962916666665 0.45208333333333334 0.3800925930555556 0.45729166666666665 0.3736111111111111 0.4583333333333333 0.3625 0.4544270833333333 0.35370370416666663 0.44869791666666664 0.3518518513888889
3 0.41692708333333334 0.3907407402777778 0.4125 0.3976851847222222 0.4125 0.4115740736111111 0.41640625 0.4185185180555555 0.42291666666666666 0.41898148194444446 0.428125 0.41064814861111115 0.4276041666666667 0.3976851847222222 0.42421875 0.39166666666666666 0.41692708333333334 0.3907407402777778
3 0.2747395833333333 0.525 0.2674479166666667 0.5268518513888889 0.2630208333333333 0.5356481486111111 0.26458333333333334 0.5504629624999999 0.27239583333333334 0.5560185180555556 0.27890625 0.5518518513888888 0.28177083333333336 0.5439814819444445 0.28072916666666664 0.5328703708333333 0.2747395833333333 0.525
3 0.2513020833333333 0.8657407402777778 0.24296875 0.8694444444444445 0.2390625 0.8800925930555555 0.24010416666666667 0.8921296291666667 0.24348958333333334 0.8972222222222223 0.24895833333333334 0.8976851847222223 0.2557291666666667 0.8902777777777777 0.2578125 0.8791666666666667 0.25625 0.8717592597222221 0.2513020833333333 0.8657407402777778
3 0.63984375 0.8620370374999999 0.6348958333333333 0.8699074069444445 0.634375 0.8819444444444444 0.6388020833333333 0.8916666666666667 0.6442708333333333 0.8930555555555556 0.65 0.8875 0.6510416666666666 0.8745370374999999 0.64609375 0.8638888888888889 0.63984375 0.8620370374999999
3 0.6580729166666667 0.8611111111111112 0.6546875 0.8652777777777778 0.6526041666666667 0.8800925930555555 0.6565104166666667 0.8898148152777777 0.6630208333333333 0.8921296291666667 0.6692708333333334 0.8856481486111111 0.6697916666666667 0.8717592597222221 0.66640625 0.8638888888888889 0.6580729166666667 0.8611111111111112
1 0.72578125 0.5398148152777777 0.7346354166666667 0.5398148152777777 0.7364583333333333 0.5430555555555555 0.7372395833333333 0.5611111111111111 0.7401041666666667 0.5578703708333334 0.74140625 0.549074073611111 0.74921875 0.5546296291666667 0.7510416666666667 0.5513888888888889 0.7463541666666667 0.5439814819444445 0.7447916666666666 0.5375 0.7466145833333333 0.5342592597222222 0.7575520833333333 0.5259259263888889 0.7684895833333333 0.4990740736111111 0.77265625 0.5018518513888889 0.7934895833333333 0.49537037083333335 0.7963541666666667 0.48842592638888893 0.796875 0.4736111111111111 0.7924479166666667 0.46296296249999996 0.7888020833333333 0.4601851847222222 0.7669270833333334 0.46111111111111114 0.7596354166666667 0.45740740694444443 0.753125 0.44675925972222225 0.74921875 0.43425925972222224 0.7432291666666667 0.4337962958333333 0.7416666666666667 0.41898148194444446 0.7372395833333333 0.40648148194444444 0.7291666666666666 0.4217592597222222 0.7268229166666667 0.4379629625 0.7138020833333333 0.4398148152777778 0.7065104166666667 0.4462962958333333 0.70078125 0.44537037083333336 0.69453125 0.42777777777777776 0.6721354166666667 0.43148148194444447 0.6669270833333333 0.4444444444444444 0.63515625 0.44537037083333336 0.6317708333333333 0.4532407402777778 0.634375 0.4810185180555555 0.6302083333333334 0.5041666666666667 0.6375 0.5300925930555556 0.6421875 0.5615740736111111 0.6591145833333333 0.5638888888888889 0.6638020833333333 0.5574074069444445 0.6747395833333333 0.5546296291666667 0.67890625 0.5629629625 0.6838541666666667 0.5634259263888889 0.70234375 0.5611111111111111 0.7059895833333333 0.5435185180555555 0.7169270833333333 0.5444444444444444 0.72578125 0.5398148152777777
0 0.57109375 0.1842592597222222 0.565625 0.19398148194444442 0.565625 0.20416666666666666 0.56953125 0.21296296250000002 0.5755208333333334 0.21342592638888888 0.5807291666666666 0.20694444444444443 0.5817708333333333 0.19490740694444447 0.5768229166666666 0.1842592597222222 0.57109375 0.1842592597222222