3 0.23255208333333333 0.2629629625 0.2265625 0.2717592597222222 0.22604166666666667 0.28657407361111115 0.23151041666666666 0.2990740736111111 0.24114583333333334 0.3013888888888889 0.24791666666666667 0.2921296291666667 0.2484375 0.2754629625 0.24088541666666666 0.2629629625 0.23255208333333333 0.2629629625
3 0.44921875 0.12962962916666665 0.4432291666666667 0.1375 0.44166666666666665 0.1486111111111111 0.4466145833333333 0.16481481527777778 0.45260416666666664 0.16712962916666665 0.4609375 0.15879629583333332 0.46197916666666666 0.14398148194444446 0.45703125 0.13148148194444445 0.44921875 0.12962962916666665
3 0.7450520833333333 0.10648148194444446 0.7377604166666667 0.1120370375 0.7338541666666667 0.12638888888888888 0.7354166666666667 0.1375 0.7388020833333333 0.14351851805555554 0.7463541666666667 0.14490740694444443 0.7536458333333333 0.13379629583333333 0.7541666666666667 0.12083333333333333 0.7513020833333334 0.1120370375 0.7450520833333333 0.10648148194444446
3 0.6861979166666666 0.2861111111111111 0.6786458333333333 0.2921296291666667 0.6755208333333333 0.30972222222222223 0.6799479166666667 0.32222222222222224 0.6875 0.32453703749999996 0.6942708333333333 0.31620370416666665 0.6958333333333333 0.30231481527777776 0.6919270833333333 0.28981481527777775 0.6861979166666666 0.2861111111111111
3 0.47109375 0.3731481486111111 0.4666666666666667 0.38101851805555553 0.4661458333333333 0.39305555555555555 0.47109375 0.4046296291666666 0.4791666666666667 0.40601851805555556 0.48489583333333336 0.39861111111111114 0.4859375 0.3837962958333333 0.47942708333333334 0.37222222222222223 0.47109375 0.3731481486111111
3 0.44609375 0.42129629583333333 0.4395833333333333 0.43287037083333335 0.440625 0.4476851847222222 0.44609375 0.45462962916666666 0.45260416666666664 0.45416666666666666 0.4578125 0.4449074069444444 0.45677083333333335 0.4273148152777778 0.45390625 0.42129629583333333 0.44609375 0.42129629583333333
3 0.43776041666666665 0.4777777777777778 0.43333333333333335 0.48564814861111116 0.43333333333333335 0.5004629625 0.4393229166666667 0.5101851847222222 0.4453125 0.5097222222222222 0.4510416666666667 0.5004629625 0.4515625 0.4865740736111111 0.44817708333333334 0.4787037041666667 0.43776041666666665 0.4777777777777778
3 0.4747395833333333 0.47685185138888886 0.4703125 0.48564814861111116 0.471875 0.5032407402777778 0.47682291666666665 0.5092592597222223 0.4817708333333333 0.5087962958333333 0.4875 0.5013888888888889 0.48802083333333335 0.4865740736111111 0.48359375 0.4787037041666667 0.4747395833333333 0.47685185138888886
3 0.6315104166666666 0.6157407402777777 0.625 0.6245370375 0.6234375 0.6356481486111112 0.6278645833333333 0.6481481486111111 0.6348958333333333 0.6495370375 0.6416666666666667 0.6402777777777777 0.6427083333333333 0.6273148152777778 0.6388020833333333 0.6185185180555556 0.6315104166666666 0.6157407402777777
3 0.6044270833333333 0.6675925930555556 0.59765625 0.6657407402777777 0.5921875 0.6717592597222223 0.5895833333333333 0.6837962958333333 0.5940104166666667 0.6990740736111111 0.6005208333333333 0.7013888888888888 0.6078125 0.6930555555555555 0.609375 0.6837962958333333 0.6083333333333333 0.6745370375 0.6044270833333333 0.6675925930555556
3 0.6466145833333333 0.6268518513888889 0.6427083333333333 0.6337962958333333 0.640625 0.6486111111111111 0.6450520833333333 0.6601851847222222 0.6526041666666667 0.6615740736111111 0.659375 0.6523148152777778 0.6598958333333333 0.6393518513888888 0.6549479166666666 0.6277777777777778 0.6466145833333333 0.6268518513888889
0 0.72109375 0.6074074069444444 0.7140625 0.6189814819444445 0.7140625 0.6347222222222222 0.7205729166666667 0.6444444444444445 0.7270833333333333 0.6439814819444445 0.7328125 0.6356481486111112 0.7338541666666667 0.6208333333333333 0.7283854166666667 0.6092592597222223 0.72109375 0.6074074069444444