3 0.40390625 0.175 0.39895833333333336 0.18194444444444444 0.39791666666666664 0.19398148194444442 0.40078125 0.20277777777777778 0.4083333333333333 0.20601851805555557 0.41302083333333334 0.2004629625 0.41458333333333336 0.1875 0.41015625 0.17685185138888887 0.40390625 0.175
3 0.19088541666666667 0.20370370416666667 0.1875 0.21342592638888888 0.1890625 0.22453703749999998 0.19505208333333332 0.23240740694444445 0.2015625 0.23194444444444445 0.20677083333333332 0.22361111111111112 0.20625 0.20972222222222223 0.19973958333333333 0.20092592638888887 0.19088541666666667 0.20370370416666667
3 0.3372395833333333 0.4101851847222222 0.3307291666666667 0.41805555555555557 0.3302083333333333 0.43287037083333335 0.33515625 0.44074074027777776 0.3421875 0.4412037041666667 0.34791666666666665 0.4310185180555555 0.34791666666666665 0.4199074069444444 0.34401041666666665 0.41203703750000004 0.3372395833333333 0.4101851847222222
3 0.5294270833333333 0.5833333333333334 0.5229166666666667 0.5902777777777778 0.521875 0.6013888888888889 0.5263020833333333 0.6120370375 0.5322916666666667 0.6125 0.5369791666666667 0.6069444444444444 0.5380208333333333 0.5930555555555556 0.5346354166666667 0.5861111111111111 0.5294270833333333 0.5833333333333334
3 0.78515625 0.5824074069444444 0.7807291666666667 0.5930555555555556 0.78125 0.6004629625 0.7861979166666667 0.6083333333333333 0.7927083333333333 0.6087962958333333 0.7979166666666667 0.6004629625 0.796875 0.5865740736111111 0.79140625 0.5805555555555556 0.78515625 0.5824074069444444
3 0.7158854166666667 0.8851851847222223 0.7119791666666667 0.8930555555555556 0.7119791666666667 0.9023148152777777 0.7169270833333333 0.9129629625000001 0.7234375 0.914351851388889 0.728125 0.9078703708333333 0.728125 0.8949074069444445 0.7221354166666667 0.8842592597222222 0.7158854166666667 0.8851851847222223
3 0.6315104166666666 0.8185185180555556 0.6270833333333333 0.8236111111111111 0.6255208333333333 0.8375 0.6299479166666667 0.8472222222222222 0.6359375 0.8486111111111111 0.6401041666666667 0.8439814819444444 0.6416666666666667 0.8300925930555555 0.63828125 0.8212962958333334 0.6315104166666666 0.8185185180555556
3 0.5783854166666667 0.8777777777777778 0.5734375 0.8837962958333334 0.5723958333333333 0.8976851847222223 0.5768229166666666 0.9074074069444446 0.5828125 0.9078703708333333 0.5885416666666666 0.8995370374999999 0.5885416666666666 0.8865740736111112 0.5841145833333333 0.8787037041666667 0.5783854166666667 0.8777777777777778
3 0.47890625 0.9037037041666666 0.4744791666666667 0.9134259263888889 0.4744791666666667 0.9245370374999999 0.4783854166666667 0.9324074069444445 0.484375 0.9328703708333332 0.4901041666666667 0.9263888888888889 0.490625 0.9125 0.48671875 0.9037037041666666 0.47890625 0.9037037041666666
0 0.18828125 0.053703704166666665 0.18541666666666667 0.060648148611111105 0.18645833333333334 0.0763888888888889 0.19088541666666667 0.08425925972222222 0.1984375 0.08472222222222223 0.20416666666666666 0.07731481527777777 0.20364583333333333 0.059722222222222225 0.19713541666666667 0.05185185138888889 0.18828125 0.053703704166666665
1 0.6799479166666667 0.4111111111111111 0.6817708333333333 0.4041666666666667 0.6783854166666666 0.3824074069444444 0.7169270833333333 0.35648148194444446 0.72890625 0.3194444444444444 0.7377604166666667 0.31574074027777776 0.7466145833333333 0.33703703749999997 0.75234375 0.33611111111111114 0.7705729166666667 0.32129629583333336 0.7734375 0.3143518513888889 0.7697916666666667 0.3078703708333333 0.7671875 0.28657407361111115 0.771875 0.2782407402777778 0.7666666666666667 0.2513888888888889 0.7611979166666667 0.24166666666666667 0.7528645833333333 0.24166666666666667 0.7453125 0.21990740694444447 0.73984375 0.21481481527777777 0.73359375 0.22777777777777777 0.7278645833333334 0.23333333333333334 0.7135416666666666 0.2356481486111111 0.7140625 0.24305555555555555 0.7197916666666667 0.24768518472222223 0.7229166666666667 0.2652777777777778 0.71796875 0.2787037041666667 0.6966145833333334 0.2722222222222222 0.6940104166666666 0.2648148152777778 0.6903645833333333 0.2648148152777778 0.68828125 0.27129629583333337 0.6669270833333333 0.29351851805555557 0.6596354166666667 0.3064814819444444 0.6559895833333333 0.3055555555555556 0.653125 0.29305555555555557 0.6497395833333334 0.28888888888888886 0.63515625 0.2981481486111111 0.6236979166666666 0.3129629625 0.6075520833333333 0.3129629625 0.6002604166666666 0.3185185180555556 0.5888020833333333 0.3342592597222222 0.5875 0.34212962916666667 0.584375 0.3458333333333333 0.5796875 0.39675925972222226 0.5575520833333333 0.4166666666666667 0.5552083333333333 0.4236111111111111 0.5567708333333333 0.4365740736111111 0.56484375 0.45370370416666667 0.58828125 0.4351851847222222 0.6002604166666666 0.44537037083333336 0.6065104166666667 0.4324074069444444 0.61328125 0.42685185138888887 0.6158854166666666 0.4398148152777778 0.62421875 0.4379629625 0.6364583333333333 0.45694444444444443 0.6466145833333333 0.4509259263888889 0.6559895833333333 0.4287037041666667 0.66484375 0.42592592638888893 0.6799479166666667 0.4111111111111111