3 0.23307291666666666 0.2722222222222222 0.23125 0.2837962958333333 0.23385416666666667 0.29305555555555557 0.23828125 0.2981481486111111 0.24479166666666666 0.2976851847222222 0.25 0.28657407361111115 0.2484375 0.2754629625 0.24036458333333333 0.26759259305555555 0.23307291666666666 0.2722222222222222
3 0.45078125 0.1361111111111111 0.4453125 0.14675925972222223 0.44583333333333336 0.15601851805555556 0.45078125 0.16574074027777777 0.45677083333333335 0.16527777777777777 0.4609375 0.15694444444444444 0.46041666666666664 0.14398148194444446 0.45546875 0.1361111111111111 0.45078125 0.1361111111111111
3 0.4747395833333333 0.3759259263888889 0.4703125 0.3819444444444444 0.46927083333333336 0.39305555555555555 0.47317708333333336 0.4027777777777778 0.4786458333333333 0.4041666666666667 0.48385416666666664 0.39861111111111114 0.48489583333333336 0.38564814861111113 0.4825520833333333 0.3787037041666667 0.4747395833333333 0.3759259263888889
3 0.44869791666666664 0.425 0.4432291666666667 0.43287037083333335 0.4427083333333333 0.4412037041666667 0.44609375 0.4509259263888889 0.45208333333333334 0.4532407402777778 0.45729166666666665 0.4486111111111111 0.4583333333333333 0.43472222222222223 0.45546875 0.42685185138888887 0.44869791666666664 0.425
3 0.43984375 0.4796296291666666 0.43645833333333334 0.4865740736111111 0.4359375 0.49675925972222224 0.4388020833333333 0.5037037041666667 0.44583333333333336 0.5060185180555555 0.4510416666666667 0.4986111111111111 0.4515625 0.48842592638888893 0.4466145833333333 0.4787037041666667 0.43984375 0.4796296291666666
3 0.47630208333333335 0.4787037041666667 0.47239583333333335 0.48564814861111116 0.47239583333333335 0.4976851847222222 0.4778645833333333 0.5055555555555555 0.4828125 0.5050925930555555 0.4875 0.49675925972222224 0.4869791666666667 0.48379629583333333 0.4825520833333333 0.4777777777777778 0.47630208333333335 0.4787037041666667
3 0.74140625 0.11574074027777777 0.7359375 0.12268518472222222 0.734375 0.13379629583333333 0.73828125 0.14351851805555554 0.74375 0.14398148194444446 0.7494791666666667 0.1365740736111111 0.7505208333333333 0.1254629625 0.74765625 0.11759259305555556 0.74140625 0.11574074027777777
3 0.68203125 0.2925925930555555 0.6770833333333334 0.30046296250000004 0.6765625 0.3115740736111111 0.6809895833333334 0.3203703708333333 0.6869791666666667 0.32083333333333336 0.6916666666666667 0.3143518513888889 0.6927083333333334 0.3013888888888889 0.6877604166666667 0.2925925930555555 0.68203125 0.2925925930555555
3 0.5971354166666667 0.6666666666666666 0.5921875 0.6736111111111112 0.5921875 0.6884259263888889 0.5966145833333333 0.6944444444444444 0.6015625 0.6949074069444444 0.6057291666666667 0.6902777777777778 0.6072916666666667 0.6773148152777778 0.6044270833333333 0.6694444444444444 0.5971354166666667 0.6666666666666666
3 0.63046875 0.6175925930555556 0.6260416666666667 0.6236111111111111 0.625 0.6347222222222222 0.6294270833333333 0.6444444444444445 0.6348958333333333 0.6449074069444444 0.6401041666666667 0.6393518513888888 0.6411458333333333 0.6282407402777778 0.63828125 0.6203703708333334 0.63046875 0.6175925930555556
3 0.6471354166666666 0.6277777777777778 0.6427083333333333 0.6328703708333333 0.640625 0.6421296291666666 0.6450520833333333 0.6546296291666667 0.6520833333333333 0.6560185180555556 0.6572916666666667 0.6486111111111111 0.6578125 0.6402777777777777 0.6528645833333333 0.6287037041666667 0.6471354166666666 0.6277777777777778
0 0.7169270833333333 0.6120370375 0.7140625 0.6199074069444445 0.7151041666666667 0.6310185180555555 0.7200520833333334 0.6379629625 0.7260416666666667 0.6375 0.7302083333333333 0.6310185180555555 0.7302083333333333 0.6189814819444445 0.7236979166666667 0.6101851847222222 0.7169270833333333 0.6120370375