3 0.6388020833333333 0.09629629583333332 0.6322916666666667 0.10324074027777777 0.6307291666666667 0.1125 0.63515625 0.1259259263888889 0.6401041666666667 0.12638888888888888 0.6453125 0.11990740694444443 0.6463541666666667 0.10694444444444444 0.64296875 0.09814814861111111 0.6388020833333333 0.09629629583333332
3 0.5018229166666667 0.34907407361111115 0.4979166666666667 0.35694444444444445 0.4979166666666667 0.36898148194444447 0.5018229166666667 0.3759259263888889 0.5078125 0.3763888888888889 0.5130208333333334 0.3680555555555556 0.5130208333333334 0.35694444444444445 0.5091145833333334 0.34907407361111115 0.5018229166666667 0.34907407361111115
3 0.44869791666666664 0.3518518513888889 0.4432291666666667 0.35879629583333333 0.4427083333333333 0.36712962916666664 0.4471354166666667 0.37962962916666665 0.45260416666666664 0.3800925930555556 0.4578125 0.3726851847222222 0.4583333333333333 0.3615740736111111 0.4544270833333333 0.35370370416666663 0.44869791666666664 0.3518518513888889
3 0.41744791666666664 0.3907407402777778 0.4125 0.3976851847222222 0.4119791666666667 0.4087962958333333 0.4158854166666667 0.4185185180555555 0.4203125 0.4199074069444444 0.4276041666666667 0.4134259263888889 0.42864583333333334 0.4041666666666667 0.42421875 0.39166666666666666 0.41744791666666664 0.3907407402777778
3 0.6268229166666667 0.40185185138888885 0.621875 0.41064814861111115 0.621875 0.4199074069444444 0.6268229166666667 0.4287037041666667 0.6322916666666667 0.42824074027777775 0.6369791666666667 0.42083333333333334 0.6375 0.41064814861111115 0.6330729166666667 0.40185185138888885 0.6268229166666667 0.40185185138888885
3 0.66640625 0.4148148152777778 0.6609375 0.4254629625 0.6614583333333334 0.43287037083333335 0.66484375 0.44074074027777776 0.671875 0.4412037041666667 0.6770833333333334 0.43287037083333335 0.6770833333333334 0.4236111111111111 0.6716145833333333 0.41388888888888886 0.66640625 0.4148148152777778
3 0.6434895833333333 0.48333333333333334 0.6411458333333333 0.49212962916666664 0.6427083333333333 0.5041666666666667 0.6466145833333333 0.5083333333333333 0.6526041666666667 0.5078703708333333 0.6572916666666667 0.4976851847222222 0.65625 0.4865740736111111 0.6518229166666667 0.48055555555555557 0.6434895833333333 0.48333333333333334
3 0.6002604166666666 0.575 0.5947916666666667 0.5819444444444445 0.59375 0.5921296291666667 0.5986979166666667 0.6037037041666667 0.603125 0.6041666666666666 0.6083333333333333 0.5995370375 0.6098958333333333 0.5865740736111111 0.6065104166666667 0.5777777777777777 0.6002604166666666 0.575
3 0.5294270833333333 0.5685185180555555 0.525 0.5745370375000001 0.5239583333333333 0.5865740736111111 0.5278645833333333 0.5953703708333333 0.5338541666666666 0.5967592597222222 0.5390625 0.5893518513888889 0.5395833333333333 0.5782407402777777 0.5361979166666667 0.5703703708333333 0.5294270833333333 0.5685185180555555
3 0.5877604166666667 0.6129629624999999 0.5833333333333334 0.6217592597222222 0.5838541666666667 0.6337962958333333 0.58828125 0.6407407402777777 0.59375 0.6402777777777777 0.5984375 0.6310185180555555 0.5984375 0.6208333333333333 0.5940104166666667 0.6129629624999999 0.5877604166666667 0.6129629624999999
3 0.7013020833333333 0.8314814819444444 0.6973958333333333 0.8375 0.6973958333333333 0.8513888888888889 0.7018229166666666 0.8592592597222222 0.7078125 0.8597222222222223 0.7130208333333333 0.8513888888888889 0.7125 0.8412037041666666 0.7080729166666667 0.8324074069444445 0.7013020833333333 0.8314814819444444
0 0.7752604166666667 0.75 0.7708333333333334 0.7587962958333334 0.7708333333333334 0.7671296291666667 0.7763020833333333 0.7777777777777778 0.78125 0.7791666666666667 0.7864583333333334 0.7745370374999999 0.7875 0.7587962958333334 0.7815104166666667 0.75 0.7752604166666667 0.75
1 0.246875 0.8523148152777777 0.24869791666666666 0.8481481486111111 0.25494791666666666 0.8453703708333333 0.2578125 0.8365740736111111 0.25364583333333335 0.8236111111111111 0.2546875 0.8152777777777778 0.2513020833333333 0.8055555555555556 0.234375 0.8023148152777777 0.2677083333333333 0.7921296291666667 0.2669270833333333 0.7861111111111111 0.25494791666666666 0.7879629625000001 0.25052083333333336 0.7847222222222222 0.24739583333333334 0.7754629625 0.2453125 0.7458333333333333 0.23802083333333332 0.7328703708333333 0.23645833333333333 0.7180555555555556 0.23333333333333334 0.7115740736111111 0.234375 0.7032407402777777 0.23229166666666667 0.6976851847222222 0.23567708333333334 0.6898148152777778 0.23932291666666666 0.7120370374999999 0.24557291666666667 0.7083333333333334 0.24713541666666666 0.7037037041666667 0.24791666666666667 0.7115740736111111 0.2513020833333333 0.7138888888888889 0.25364583333333335 0.7060185180555555 0.2515625 0.6875 0.24713541666666666 0.6759259263888889 0.24088541666666666 0.6759259263888889 0.23619791666666667 0.6824074069444445 0.23098958333333333 0.6833333333333333 0.228125 0.6912037041666667 0.23072916666666668 0.6976851847222222 0.22369791666666666 0.7046296291666666 0.2203125 0.6921296291666666 0.21588541666666666 0.6898148152777778 0.21354166666666666 0.6837962958333333 0.2203125 0.6717592597222223 0.21953125 0.6666666666666666 0.20390625 0.6555555555555556 0.19088541666666667 0.6537037041666667 0.18151041666666667 0.6435185180555555 0.17265625 0.6481481486111111 0.16901041666666666 0.6425925930555556 0.18645833333333334 0.6143518513888888 0.18645833333333334 0.6069444444444444 0.17760416666666667 0.5800925930555556 0.17526041666666667 0.5648148152777778 0.17265625 0.5638888888888889 0.15390625 0.5824074069444444 0.14921875 0.5824074069444444 0.14609375 0.575925926388889 0.14036458333333332 0.575 0.12578125 0.5861111111111111 0.11770833333333333 0.5976851847222222 0.11666666666666667 0.6087962958333333 0.11067708333333333 0.6138888888888889 0.1 0.6337962958333333 0.1 0.6421296291666666 0.11145833333333334 0.6689814819444445 0.11145833333333334 0.6763888888888889 0.11536458333333334 0.6787037041666667 0.13307291666666668 0.6657407402777777 0.13802083333333334 0.6708333333333333 0.14166666666666666 0.6847222222222222 0.1375 0.6976851847222222 0.14192708333333334 0.7083333333333334 0.14505208333333333 0.7111111111111111 0.15338541666666666 0.7083333333333334 0.1578125 0.7189814819444444 0.16666666666666666 0.7671296291666667 0.1671875 0.7810185180555556 0.17239583333333333 0.7949074069444445 0.17135416666666667 0.8050925930555555 0.16588541666666667 0.8083333333333333 0.1625 0.8162037041666667 0.16302083333333334 0.8226851847222223 0.16692708333333334 0.8259259263888888 0.16666666666666666 0.814351851388889 0.17317708333333334 0.8074074069444445 0.18385416666666668 0.8375 0.18255208333333334 0.8425925930555554 0.17552083333333332 0.8430555555555556 0.1765625 0.8578703708333333 0.18072916666666666 0.8569444444444444 0.18307291666666667 0.8444444444444444 0.18828125 0.8462962958333334 0.19192708333333333 0.8407407402777778 0.19609375 0.8435185180555556 0.1953125 0.8532407402777779 0.19765625 0.8583333333333333 0.21119791666666668 0.8694444444444445 0.21614583333333334 0.8680555555555556 0.2359375 0.9254629625 0.24479166666666666 0.9328703708333332 0.2518229166666667 0.9296296291666667 0.26145833333333335 0.9087962958333334 0.26145833333333335 0.8995370374999999 0.246875 0.8523148152777777