3 0.28671875 0.10833333333333334 0.28229166666666666 0.11435185138888888 0.28125 0.12731481527777777 0.28619791666666666 0.1379629625 0.29322916666666665 0.1393518513888889 0.29791666666666666 0.13287037083333333 0.29791666666666666 0.11805555555555555 0.29244791666666664 0.10925925972222222 0.28671875 0.10833333333333334
3 0.30182291666666666 0.10555555555555556 0.29791666666666666 0.1125 0.2984375 0.12731481527777777 0.3033854166666667 0.1351851847222222 0.30833333333333335 0.13564814861111113 0.3140625 0.12916666666666668 0.3145833333333333 0.11712962916666667 0.31015625 0.10740740694444444 0.30182291666666666 0.10555555555555556
3 0.3221354166666667 0.14074074027777778 0.31875 0.14768518472222222 0.31927083333333334 0.16064814861111112 0.32421875 0.16944444444444445 0.3302083333333333 0.16990740694444445 0.33541666666666664 0.16064814861111112 0.33489583333333334 0.1495370375 0.3299479166666667 0.14074074027777778 0.3221354166666667 0.14074074027777778
3 0.42265625 0.10833333333333334 0.41875 0.11342592638888889 0.4171875 0.12638888888888888 0.42161458333333335 0.13703703750000001 0.428125 0.1384259263888889 0.4322916666666667 0.13287037083333333 0.43333333333333335 0.11805555555555555 0.42994791666666665 0.11018518472222222 0.42265625 0.10833333333333334
3 0.47578125 0.08148148194444443 0.471875 0.08657407361111112 0.4703125 0.09861111111111111 0.47369791666666666 0.11018518472222222 0.4791666666666667 0.1125 0.4859375 0.10509259305555556 0.4869791666666667 0.09490740694444444 0.4830729166666667 0.08333333333333333 0.47578125 0.08148148194444443
3 0.53671875 0.07037037083333333 0.53125 0.07546296250000001 0.5296875 0.09212962916666666 0.5325520833333334 0.0990740736111111 0.5385416666666667 0.10138888888888889 0.5442708333333334 0.09398148194444444 0.5453125 0.08101851805555556 0.5419270833333333 0.07222222222222222 0.53671875 0.07037037083333333
3 0.44296875 0.47685185138888886 0.4375 0.48194444444444445 0.4354166666666667 0.4949074069444444 0.4388020833333333 0.5027777777777778 0.44427083333333334 0.5050925930555555 0.44817708333333334 0.5027777777777778 0.4515625 0.4930555555555556 0.44895833333333335 0.48009259305555557 0.44296875 0.47685185138888886
3 0.17369791666666667 0.8435185180555556 0.16536458333333334 0.8472222222222222 0.1609375 0.8578703708333333 0.1625 0.8717592597222221 0.1703125 0.8763888888888889 0.17578125 0.873148148611111 0.18072916666666666 0.8587962958333334 0.1796875 0.8504629625000001 0.17369791666666667 0.8435185180555556
3 0.17109375 0.8870370375 0.16354166666666667 0.8949074069444445 0.16197916666666667 0.9097222222222222 0.16536458333333334 0.9185185180555556 0.1734375 0.9199074069444445 0.18020833333333333 0.9106481486111111 0.18125 0.8976851847222223 0.17734375 0.8888888888888888 0.17109375 0.8870370375
3 0.38359375 0.8824074069444445 0.3763020833333333 0.8851851847222223 0.371875 0.8986111111111111 0.3723958333333333 0.9087962958333334 0.37526041666666665 0.9138888888888889 0.3807291666666667 0.9152777777777777 0.38619791666666664 0.9129629625000001 0.39010416666666664 0.9013888888888889 0.3885416666666667 0.8884259263888888 0.38359375 0.8824074069444445
3 0.68203125 0.5407407402777777 0.6770833333333334 0.5504629624999999 0.6776041666666667 0.5597222222222222 0.6830729166666667 0.5685185180555555 0.6880208333333333 0.5680555555555555 0.6927083333333334 0.5615740736111111 0.69375 0.5513888888888889 0.6893229166666667 0.5416666666666666 0.68203125 0.5407407402777777
0 0.6388020833333333 0.6870370375 0.6333333333333333 0.6939814819444444 0.6328125 0.7041666666666667 0.6372395833333333 0.7148148152777777 0.6427083333333333 0.7162037041666666 0.6484375 0.7097222222222223 0.6489583333333333 0.6976851847222222 0.6455729166666667 0.6898148152777778 0.6388020833333333 0.6870370375
1 0.6138020833333333 0.3268518513888889 0.6200520833333333 0.34351851805555556 0.63515625 0.33611111111111114 0.6395833333333333 0.3263888888888889 0.6395833333333333 0.3199074069444445 0.63515625 0.3259259263888889 0.6333333333333333 0.32083333333333336 0.6375 0.3143518513888889 0.6315104166666666 0.3138888888888889 0.6260416666666667 0.30694444444444446 0.6388020833333333 0.29444444444444445 0.6513020833333333 0.2990740736111111 0.6747395833333333 0.27962962916666667 0.684375 0.25879629583333336 0.684375 0.25231481527777777 0.6888020833333334 0.23981481527777776 0.69609375 0.24074074027777778 0.7059895833333333 0.26944444444444443 0.7216145833333333 0.2564814819444444 0.7294270833333333 0.2546296291666667 0.7317708333333334 0.24305555555555555 0.728125 0.22268518472222223 0.7338541666666667 0.21342592638888888 0.7338541666666667 0.19583333333333333 0.728125 0.17268518472222222 0.72578125 0.16944444444444445 0.7200520833333334 0.17037037083333334 0.7166666666666667 0.1643518513888889 0.7114583333333333 0.14027777777777778 0.70859375 0.1388888888888889 0.6950520833333333 0.1527777777777778 0.6864583333333333 0.15601851805555556 0.6854166666666667 0.16898148194444446 0.6901041666666666 0.1893518513888889 0.6830729166666667 0.19907407361111112 0.6768229166666667 0.19259259305555554 0.6669270833333333 0.19444444444444445 0.6622395833333333 0.1907407402777778 0.6513020833333333 0.1953703708333333 0.64453125 0.20648148194444443 0.6278645833333333 0.21759259305555553 0.62421875 0.21666666666666667 0.6203125 0.2032407402777778 0.6158854166666666 0.20092592638888887 0.5966145833333333 0.21296296250000002 0.5924479166666666 0.20740740694444446 0.5783854166666667 0.2092592597222222 0.58046875 0.21388888888888888 0.59453125 0.21388888888888888 0.5942708333333333 0.22361111111111112 0.5794270833333334 0.2342592597222222 0.5684895833333333 0.2490740736111111 0.5635416666666667 0.2375 0.5666666666666667 0.22361111111111112 0.5591145833333333 0.2231481486111111 0.55625 0.23009259305555554 0.5588541666666667 0.26712962916666666 0.55390625 0.2722222222222222 0.5466145833333333 0.27129629583333337 0.54375 0.2782407402777778 0.5434895833333333 0.2870370375 0.51796875 0.3018518513888889 0.5135416666666667 0.30972222222222223 0.5151041666666667 0.3282407402777778 0.5216145833333333 0.34351851805555556 0.5497395833333333 0.32870370416666667 0.5549479166666667 0.34259259305555556 0.5596354166666667 0.34444444444444444 0.56484375 0.3324074069444445 0.57265625 0.32962962916666666 0.5763020833333333 0.34351851805555556 0.58046875 0.3342592597222222 0.5841145833333333 0.3379629625 0.5971354166666667 0.3342592597222222 0.5942708333333333 0.3495370375 0.5942708333333333 0.3550925930555555 0.5963541666666666 0.3560185180555555 0.6005208333333333 0.34490740694444444 0.6020833333333333 0.33101851805555554 0.6065104166666667 0.325 0.6138020833333333 0.3268518513888889