1 0.284375 0.48194444444444445 0.2833333333333333 0.47453703750000004 0.2903645833333333 0.4712962958333333 0.2981770833333333 0.44907407361111107 0.30390625 0.45185185138888884 0.32473958333333336 0.40740740694444444 0.3294270833333333 0.4083333333333333 0.3377604166666667 0.4185185180555555 0.35 0.39861111111111114 0.3515625 0.3837962958333333 0.34921875 0.37777777777777777 0.34140625 0.3675925930555556 0.33828125 0.3675925930555556 0.33359375 0.3787037041666667 0.3307291666666667 0.3699074069444444 0.33151041666666664 0.3611111111111111 0.33671875 0.3527777777777778 0.34401041666666665 0.35 0.3463541666666667 0.34305555555555556 0.346875 0.30879629583333335 0.34140625 0.3009259263888889 0.33697916666666666 0.30046296250000004 0.340625 0.29398148194444446 0.3385416666666667 0.28657407361111115 0.34140625 0.2722222222222222 0.34348958333333335 0.2787037041666667 0.3533854166666667 0.2870370375 0.36276041666666664 0.28518518472222226 0.378125 0.24398148194444444 0.3736979166666667 0.23518518472222225 0.36171875 0.22407407361111112 0.3578125 0.20231481527777775 0.34609375 0.18796296250000002 0.33880208333333334 0.1842592597222222 0.33307291666666666 0.18796296250000002 0.31796875 0.17222222222222222 0.3138020833333333 0.1731481486111111 0.3078125 0.17824074027777778 0.29635416666666664 0.2125 0.29583333333333334 0.21712962916666667 0.30130208333333336 0.22685185138888891 0.31197916666666664 0.23842592638888888 0.31197916666666664 0.2467592597222222 0.30755208333333334 0.25370370416666665 0.30234375 0.2546296291666667 0.29791666666666666 0.2643518513888889 0.29791666666666666 0.27268518472222225 0.30104166666666665 0.28009259305555556 0.29661458333333335 0.2907407402777778 0.2903645833333333 0.2981481486111111 0.28515625 0.29444444444444445 0.2765625 0.30694444444444446 0.26458333333333334 0.3467592597222222 0.2526041666666667 0.3736111111111111 0.25052083333333336 0.3819444444444444 0.2526041666666667 0.39305555555555555 0.25 0.40509259305555556 0.2453125 0.41064814861111115 0.24791666666666667 0.4263888888888889 0.24270833333333333 0.4393518513888889 0.24270833333333333 0.46064814861111114 0.23958333333333334 0.47453703750000004 0.228125 0.5041666666666667 0.2265625 0.5162037041666667 0.22994791666666667 0.5240740736111111 0.23567708333333334 0.5324074069444444 0.24739583333333334 0.5347222222222222 0.253125 0.5254629625 0.2669270833333333 0.4861111111111111 0.28203125 0.4888888888888889 0.284375 0.48194444444444445
3 0.16901041666666666 0.05092592638888888 0.16458333333333333 0.05879629583333334 0.16458333333333333 0.07083333333333333 0.16901041666666666 0.07962962916666667 0.17552083333333332 0.08194444444444444 0.18177083333333333 0.07546296250000001 0.18229166666666666 0.0625 0.17630208333333333 0.05185185138888889 0.16901041666666666 0.05092592638888888
3 0.23515625 0.05 0.23229166666666667 0.06157407361111111 0.23333333333333334 0.06990740694444444 0.23776041666666667 0.07777777777777778 0.24479166666666666 0.07916666666666666 0.25 0.07083333333333333 0.24895833333333334 0.05601851805555556 0.24296875 0.04814814861111111 0.23515625 0.05
3 0.26640625 0.10555555555555556 0.26197916666666665 0.1125 0.26197916666666665 0.1254629625 0.2669270833333333 0.1351851847222222 0.27239583333333334 0.1365740736111111 0.2786458333333333 0.13009259305555557 0.2786458333333333 0.11527777777777778 0.27369791666666665 0.10648148194444446 0.26640625 0.10555555555555556
3 0.3106770833333333 0.05462962916666667 0.30625 0.06342592638888889 0.3067708333333333 0.07546296250000001 0.3106770833333333 0.08333333333333333 0.3177083333333333 0.08564814861111111 0.3234375 0.07731481527777777 0.3229166666666667 0.06342592638888889 0.31796875 0.05462962916666667 0.3106770833333333 0.05462962916666667
3 0.21536458333333333 0.7564814819444444 0.20885416666666667 0.7671296291666667 0.20833333333333334 0.7754629625 0.21223958333333334 0.7851851847222223 0.21979166666666666 0.7865740736111112 0.2265625 0.7773148152777777 0.22708333333333333 0.7652777777777777 0.22213541666666667 0.7564814819444444 0.21536458333333333 0.7564814819444444
3 0.17682291666666666 0.8361111111111111 0.16901041666666666 0.8379629625 0.1640625 0.8486111111111111 0.16458333333333333 0.8625 0.16901041666666666 0.8685185180555556 0.17291666666666666 0.8689814819444444 0.17890625 0.8657407402777778 0.18333333333333332 0.8523148152777777 0.18125 0.8402777777777778 0.17682291666666666 0.8361111111111111
3 0.16588541666666667 0.8953703708333333 0.15755208333333334 0.8972222222222223 0.15260416666666668 0.9106481486111111 0.15364583333333334 0.9226851847222223 0.15755208333333334 0.9277777777777778 0.16197916666666667 0.9282407402777778 0.16848958333333333 0.923148148611111 0.17135416666666667 0.9162037041666666 0.17135416666666667 0.9041666666666667 0.16588541666666667 0.8953703708333333
3 0.4471354166666667 0.3527777777777778 0.4432291666666667 0.35879629583333333 0.4432291666666667 0.37175925972222224 0.4471354166666667 0.37962962916666665 0.45260416666666664 0.3800925930555556 0.4578125 0.3726851847222222 0.4583333333333333 0.3625 0.45338541666666665 0.3527777777777778 0.4471354166666667 0.3527777777777778
3 0.50234375 0.34907407361111115 0.4979166666666667 0.35694444444444445 0.4979166666666667 0.36898148194444447 0.5018229166666667 0.3759259263888889 0.5078125 0.3763888888888889 0.5125 0.3699074069444444 0.5130208333333334 0.35787037083333334 0.50859375 0.34907407361111115 0.50234375 0.34907407361111115
3 0.55 0.5328703708333333 0.5489583333333333 0.5449074069444444 0.5528645833333333 0.5537037041666667 0.5583333333333333 0.5550925930555556 0.5640625 0.5476851847222222 0.5645833333333333 0.5365740736111111 0.55703125 0.5259259263888889 0.55 0.5328703708333333
3 0.5966145833333333 0.425 0.5911458333333334 0.4310185180555555 0.5895833333333333 0.44027777777777777 0.59296875 0.4509259263888889 0.5984375 0.4532407402777778 0.6041666666666666 0.4476851847222222 0.6057291666666667 0.4393518513888889 0.6013020833333333 0.42685185138888887 0.5966145833333333 0.425
0 0.77421875 0.7509259263888889 0.7708333333333334 0.7578703708333333 0.7708333333333334 0.7671296291666667 0.7763020833333333 0.7777777777777778 0.7817708333333333 0.7791666666666667 0.7869791666666667 0.7726851847222223 0.7875 0.7597222222222222 0.7809895833333333 0.75 0.77421875 0.7509259263888889