3 0.16588541666666667 0.049074073611111116 0.16197916666666667 0.05601851805555556 0.1625 0.06898148194444444 0.16744791666666667 0.07777777777777778 0.17291666666666666 0.07916666666666666 0.1796875 0.07175925972222222 0.1796875 0.05879629583333334 0.17473958333333334 0.049074073611111116 0.16588541666666667 0.049074073611111116
3 0.4549479166666667 0.06388888888888888 0.45026041666666666 0.06296296250000001 0.44427083333333334 0.06990740694444444 0.44375 0.08194444444444444 0.4471354166666667 0.09166666666666666 0.45260416666666664 0.09398148194444444 0.45703125 0.09166666666666666 0.4588541666666667 0.08657407361111112 0.459375 0.07361111111111111 0.4549479166666667 0.06388888888888888
3 0.5638020833333334 0.08333333333333333 0.5578125 0.09120370416666668 0.5567708333333333 0.10509259305555556 0.5606770833333333 0.11388888888888889 0.5666666666666667 0.11435185138888888 0.571875 0.10694444444444444 0.5723958333333333 0.09490740694444444 0.5684895833333333 0.08518518472222222 0.5638020833333334 0.08333333333333333
3 0.47421875 0.3759259263888889 0.46927083333333336 0.38472222222222224 0.46927083333333336 0.3939814819444445 0.47421875 0.4037037041666667 0.48020833333333335 0.40324074027777773 0.48489583333333336 0.39490740694444443 0.484375 0.38287037083333336 0.48098958333333336 0.3768518513888889 0.47421875 0.3759259263888889
3 0.44140625 0.4787037041666667 0.43697916666666664 0.4847222222222222 0.4359375 0.49675925972222224 0.4388020833333333 0.5037037041666667 0.4453125 0.5060185180555555 0.45 0.5013888888888889 0.4515625 0.48842592638888893 0.44869791666666664 0.48055555555555557 0.44140625 0.4787037041666667
3 0.47630208333333335 0.4787037041666667 0.47291666666666665 0.48379629583333333 0.47239583333333335 0.49675925972222224 0.4783854166666667 0.5055555555555555 0.4828125 0.5050925930555555 0.4875 0.49675925972222224 0.4869791666666667 0.48379629583333333 0.4830729166666667 0.4777777777777778 0.47630208333333335 0.4787037041666667
3 0.15859375 0.9009259263888888 0.15260416666666668 0.9060185180555556 0.15 0.9217592597222222 0.15390625 0.9314814819444444 0.16145833333333334 0.9319444444444445 0.16770833333333332 0.9254629625 0.16927083333333334 0.9115740736111112 0.16484375 0.9018518513888889 0.15859375 0.9009259263888888
3 0.5627604166666667 0.5083333333333333 0.5572916666666666 0.5143518513888888 0.55625 0.5263888888888889 0.5596354166666667 0.5351851847222222 0.5651041666666666 0.5375 0.5708333333333333 0.5328703708333333 0.5723958333333333 0.5171296291666666 0.56796875 0.5092592597222223 0.5627604166666667 0.5083333333333333
3 0.5763020833333333 0.5138888888888888 0.571875 0.5199074069444444 0.5708333333333333 0.5319444444444444 0.57421875 0.5407407402777777 0.5807291666666666 0.5421296291666666 0.5848958333333333 0.5384259263888889 0.5864583333333333 0.5226851847222223 0.5809895833333333 0.5138888888888888 0.5763020833333333 0.5138888888888888
3 0.5955729166666667 0.6675925930555556 0.5916666666666667 0.6763888888888889 0.5921875 0.6884259263888889 0.5966145833333333 0.6944444444444444 0.6015625 0.6949074069444444 0.6057291666666667 0.6902777777777778 0.6072916666666667 0.6773148152777778 0.6013020833333333 0.6666666666666666 0.5955729166666667 0.6675925930555556
3 0.7924479166666667 0.8546296291666667 0.7890625 0.8625 0.7901041666666667 0.8745370374999999 0.7955729166666666 0.8814814819444444 0.8015625 0.8810185180555556 0.80625 0.8717592597222221 0.8046875 0.860648148611111 0.80078125 0.8537037041666666 0.7924479166666667 0.8546296291666667
0 0.78359375 0.08518518472222222 0.778125 0.09305555555555556 0.7776041666666667 0.10509259305555556 0.7825520833333334 0.11388888888888889 0.7885416666666667 0.11342592638888889 0.79375 0.10324074027777777 0.79375 0.09212962916666666 0.7908854166666667 0.08611111111111111 0.78359375 0.08518518472222222