3 0.16588541666666667 0.8953703708333333 0.15703125 0.898148148611111 0.15260416666666668 0.9106481486111111 0.153125 0.9208333333333333 0.15651041666666668 0.9268518513888889 0.16145833333333334 0.9282407402777778 0.16796875 0.9240740736111112 0.17135416666666667 0.9162037041666666 0.17135416666666667 0.9041666666666667 0.16588541666666667 0.8953703708333333
3 0.17213541666666668 0.8361111111111111 0.16510416666666666 0.8449074069444446 0.16354166666666667 0.8578703708333333 0.16901041666666666 0.8685185180555556 0.17552083333333332 0.8680555555555556 0.18125 0.8615740736111112 0.18333333333333332 0.8495370375 0.17994791666666668 0.8379629625 0.17213541666666668 0.8361111111111111
3 0.21848958333333332 0.7555555555555555 0.2109375 0.7615740736111112 0.20833333333333334 0.7745370374999999 0.21223958333333334 0.7851851847222223 0.21979166666666666 0.7865740736111112 0.22604166666666667 0.7791666666666667 0.22708333333333333 0.7652777777777777 0.22317708333333333 0.7574074069444445 0.21848958333333332 0.7555555555555555
3 0.4471354166666667 0.3527777777777778 0.4432291666666667 0.35879629583333333 0.4432291666666667 0.37083333333333335 0.4471354166666667 0.37962962916666665 0.45260416666666664 0.3800925930555556 0.4583333333333333 0.37083333333333335 0.4578125 0.3597222222222222 0.45338541666666665 0.3527777777777778 0.4471354166666667 0.3527777777777778
3 0.5018229166666667 0.34907407361111115 0.4979166666666667 0.35694444444444445 0.4979166666666667 0.36898148194444447 0.5018229166666667 0.3759259263888889 0.5078125 0.3763888888888889 0.5125 0.3699074069444444 0.5130208333333334 0.35787037083333334 0.5075520833333333 0.3481481486111111 0.5018229166666667 0.34907407361111115
3 0.6393229166666666 0.09629629583333332 0.6322916666666667 0.10324074027777777 0.6307291666666667 0.11342592638888889 0.6330729166666667 0.12314814861111112 0.6401041666666667 0.12638888888888888 0.6453125 0.11990740694444443 0.6463541666666667 0.10787037083333334 0.64296875 0.09814814861111111 0.6393229166666666 0.09629629583333332
3 0.6497395833333334 0.46574074027777773 0.6442708333333333 0.47175925972222227 0.6432291666666666 0.4847222222222222 0.6471354166666666 0.4935185180555555 0.6526041666666667 0.49398148194444447 0.6583333333333333 0.4875 0.659375 0.47824074027777774 0.6565104166666667 0.46851851805555556 0.6497395833333334 0.46574074027777773
3 0.6002604166666666 0.575 0.5947916666666667 0.5819444444444445 0.5942708333333333 0.5939814819444444 0.5981770833333333 0.6027777777777777 0.6036458333333333 0.6041666666666666 0.609375 0.5967592597222222 0.6098958333333333 0.5856481486111111 0.6065104166666667 0.5777777777777777 0.6002604166666666 0.575
3 0.5877604166666667 0.6129629624999999 0.5838541666666667 0.6208333333333333 0.584375 0.6337962958333333 0.58828125 0.6398148152777778 0.5932291666666667 0.6402777777777777 0.5979166666666667 0.6337962958333333 0.5989583333333334 0.6208333333333333 0.59453125 0.6129629624999999 0.5877604166666667 0.6129629624999999
3 0.5299479166666666 0.5685185180555555 0.525 0.5745370375000001 0.5239583333333333 0.5875 0.5268229166666667 0.5944444444444444 0.5338541666666666 0.5967592597222222 0.5390625 0.5893518513888889 0.5395833333333333 0.5782407402777777 0.53515625 0.5694444444444444 0.5299479166666666 0.5685185180555555
3 0.7013020833333333 0.8314814819444444 0.696875 0.8393518513888889 0.696875 0.8486111111111111 0.70078125 0.8583333333333333 0.70625 0.860648148611111 0.7114583333333333 0.8560185180555556 0.7130208333333333 0.8430555555555556 0.7096354166666666 0.8342592597222221 0.7013020833333333 0.8314814819444444
0 0.7752604166666667 0.75 0.7708333333333334 0.7578703708333333 0.7708333333333334 0.7671296291666667 0.7752604166666667 0.7768518513888889 0.7817708333333333 0.7791666666666667 0.7869791666666667 0.7726851847222223 0.7875 0.7597222222222222 0.7815104166666667 0.75 0.7752604166666667 0.75
1 0.7833333333333333 0.3078703708333333 0.7822916666666667 0.30046296250000004 0.7739583333333333 0.28657407361111115 0.778125 0.27268518472222225 0.7802083333333333 0.24953703749999998 0.7869791666666667 0.2375 0.7950520833333333 0.21296296250000002 0.7989583333333333 0.21620370416666665 0.7979166666666667 0.22453703749999998 0.8002604166666667 0.23055555555555557 0.80390625 0.22777777777777777 0.80625 0.22083333333333333 0.8057291666666667 0.20972222222222223 0.8078125 0.20231481527777775 0.8044270833333333 0.19722222222222222 0.8002604166666667 0.2 0.7984375 0.19305555555555556 0.7979166666666667 0.17083333333333334 0.8005208333333333 0.14675925972222223 0.7963541666666667 0.14027777777777778 0.803125 0.1125 0.8036458333333333 0.09583333333333334 0.8015625 0.08842592638888888 0.7966145833333333 0.08333333333333333 0.7841145833333333 0.08611111111111111 0.77109375 0.12777777777777777 0.7643229166666666 0.12962962916666665 0.7606770833333333 0.125 0.7455729166666667 0.11944444444444445 0.74140625 0.125 0.7552083333333334 0.13287037083333333 0.7526041666666666 0.14583333333333334 0.74375 0.15787037083333333 0.7278645833333334 0.1981481486111111 0.7252604166666666 0.2 0.71796875 0.19259259305555554 0.7143229166666667 0.19444444444444445 0.7057291666666666 0.20972222222222223 0.7020833333333333 0.22268518472222223 0.7020833333333333 0.2282407402777778 0.70859375 0.2379629625 0.71796875 0.2361111111111111 0.721875 0.24305555555555555 0.7135416666666666 0.2504629625 0.7166666666666667 0.26805555555555555 0.7088541666666667 0.30046296250000004 0.7174479166666666 0.3055555555555556 0.72265625 0.3129629625 0.7330729166666666 0.33518518472222225 0.7466145833333333 0.3416666666666667 0.7614583333333333 0.35694444444444445 0.77265625 0.33703703749999997 0.778125 0.33194444444444443 0.78125 0.32083333333333336 0.7833333333333333 0.3078703708333333