3 0.16588541666666667 0.04814814861111111 0.16197916666666667 0.05601851805555556 0.1625 0.06805555555555555 0.16536458333333334 0.075 0.17395833333333333 0.07824074027777778 0.17916666666666667 0.07268518472222223 0.1796875 0.05879629583333334 0.17473958333333334 0.04814814861111111 0.16588541666666667 0.04814814861111111
3 0.23776041666666667 0.04814814861111111 0.2328125 0.05601851805555556 0.23333333333333334 0.06990740694444444 0.23880208333333333 0.07870370416666667 0.24479166666666666 0.07916666666666666 0.25 0.07083333333333333 0.24947916666666667 0.05787037083333333 0.24348958333333334 0.04814814861111111 0.23776041666666667 0.04814814861111111
3 0.3111979166666667 0.05462962916666667 0.30625 0.06342592638888889 0.3067708333333333 0.07546296250000001 0.3111979166666667 0.08425925972222222 0.3182291666666667 0.08564814861111111 0.3234375 0.0763888888888889 0.3229166666666667 0.0643518513888889 0.3184895833333333 0.05555555555555555 0.3111979166666667 0.05462962916666667
3 0.26276041666666666 0.1129629625 0.2598958333333333 0.12175925972222222 0.2609375 0.13287037083333333 0.2669270833333333 0.14166666666666666 0.27291666666666664 0.14120370416666667 0.27760416666666665 0.13287037083333333 0.2765625 0.11898148194444445 0.27005208333333336 0.1111111111111111 0.26276041666666666 0.1129629625
3 0.48359375 0.39444444444444443 0.4786458333333333 0.3995370375 0.47708333333333336 0.4125 0.48098958333333336 0.42129629583333333 0.4869791666666667 0.4226851847222222 0.4921875 0.4162037041666667 0.49270833333333336 0.4041666666666667 0.48932291666666666 0.3962962958333333 0.48359375 0.39444444444444443
3 0.44869791666666664 0.35370370416666663 0.4432291666666667 0.3615740736111111 0.4432291666666667 0.37175925972222224 0.44765625 0.3814814819444445 0.45260416666666664 0.3819444444444444 0.4578125 0.3754629625 0.4583333333333333 0.3625 0.45546875 0.35648148194444446 0.44869791666666664 0.35370370416666663
3 0.5971354166666667 0.4361111111111111 0.58984375 0.4379629625 0.5864583333333333 0.44583333333333336 0.5880208333333333 0.4578703708333334 0.59375 0.4634259263888889 0.59921875 0.46111111111111114 0.6020833333333333 0.45416666666666666 0.6020833333333333 0.4449074069444444 0.5971354166666667 0.4361111111111111
3 0.55703125 0.5240740736111111 0.55 0.5328703708333333 0.5494791666666666 0.5449074069444444 0.55234375 0.5518518513888888 0.5583333333333333 0.5541666666666667 0.5645833333333333 0.5467592597222223 0.5651041666666666 0.5347222222222222 0.5606770833333333 0.5259259263888889 0.55703125 0.5240740736111111
3 0.22213541666666667 0.7564814819444444 0.21536458333333333 0.7564814819444444 0.20885416666666667 0.7671296291666667 0.209375 0.7810185180555556 0.2171875 0.7875 0.22317708333333333 0.7842592597222222 0.22708333333333333 0.7754629625 0.2265625 0.7634259263888888 0.22213541666666667 0.7564814819444444
3 0.17630208333333333 0.8361111111111111 0.16848958333333333 0.8388888888888889 0.16354166666666667 0.8513888888888889 0.16588541666666667 0.8657407402777778 0.17395833333333333 0.8689814819444444 0.17890625 0.8657407402777778 0.18333333333333332 0.8523148152777777 0.18177083333333333 0.8421296291666667 0.17630208333333333 0.8361111111111111
3 0.16536458333333334 0.8953703708333333 0.15703125 0.898148148611111 0.15260416666666668 0.9097222222222222 0.15364583333333334 0.9226851847222223 0.15703125 0.9277777777777778 0.1625 0.9282407402777778 0.16796875 0.9240740736111112 0.17135416666666667 0.9152777777777777 0.1703125 0.9013888888888889 0.16536458333333334 0.8953703708333333
0 0.79140625 0.7740740736111111 0.7869791666666667 0.7800925930555554 0.7859375 0.789351851388889 0.7893229166666667 0.8 0.796875 0.8041666666666667 0.8026041666666667 0.7986111111111112 0.8036458333333333 0.7865740736111112 0.7986979166666667 0.7759259263888888 0.79140625 0.7740740736111111