3 0.2903645833333333 0.10648148194444446 0.2859375 0.1125 0.28489583333333335 0.12268518472222222 0.28932291666666665 0.1351851847222222 0.2947916666666667 0.1384259263888889 0.3015625 0.13287037083333333 0.3026041666666667 0.11990740694444443 0.29765625 0.10833333333333334 0.2903645833333333 0.10648148194444446
3 0.4466145833333333 0.14537037083333335 0.44166666666666665 0.15416666666666667 0.44166666666666665 0.1643518513888889 0.44609375 0.1740740736111111 0.45260416666666664 0.1745370375 0.45677083333333335 0.16620370416666666 0.45677083333333335 0.15416666666666667 0.4513020833333333 0.14537037083333335 0.4466145833333333 0.14537037083333335
3 0.6388020833333333 0.09629629583333332 0.6317708333333333 0.10509259305555556 0.63125 0.11712962916666667 0.6346354166666667 0.125 0.6395833333333333 0.12638888888888888 0.6458333333333334 0.11898148194444445 0.6463541666666667 0.10601851805555555 0.64296875 0.09814814861111111 0.6388020833333333 0.09629629583333332
3 0.38255208333333335 0.3416666666666667 0.37916666666666665 0.3486111111111111 0.3796875 0.3615740736111111 0.38359375 0.3685185180555555 0.38958333333333334 0.36898148194444447 0.39479166666666665 0.36342592638888893 0.3953125 0.3495370375 0.39140625 0.3416666666666667 0.38255208333333335 0.3416666666666667
3 0.45078125 0.3527777777777778 0.4473958333333333 0.35694444444444445 0.44583333333333336 0.3699074069444444 0.45026041666666666 0.37962962916666665 0.4557291666666667 0.3800925930555556 0.4609375 0.3736111111111111 0.46197916666666666 0.36342592638888893 0.45859375 0.3546296291666667 0.45078125 0.3527777777777778
3 0.5763020833333333 0.38796296249999995 0.5700520833333333 0.3888888888888889 0.565625 0.40046296249999996 0.5671875 0.41064814861111115 0.5739583333333333 0.4162037041666667 0.5794270833333334 0.4129629625 0.5817708333333333 0.40601851805555556 0.58125 0.39490740694444443 0.5763020833333333 0.38796296249999995
3 0.19609375 0.7083333333333334 0.19010416666666666 0.7180555555555556 0.19010416666666666 0.7291666666666666 0.19401041666666666 0.7370370374999999 0.20208333333333334 0.7375 0.20833333333333334 0.7282407402777779 0.20833333333333334 0.7152777777777778 0.20234375 0.7074074069444444 0.19609375 0.7083333333333334
3 0.23567708333333334 0.7629629625000001 0.22916666666666666 0.7717592597222221 0.22760416666666666 0.7828703708333333 0.23203125 0.7935185180555556 0.23958333333333334 0.7939814819444444 0.2453125 0.7856481486111111 0.246875 0.7745370374999999 0.24401041666666667 0.7657407402777778 0.23567708333333334 0.7629629625000001
3 0.17682291666666666 0.8787037041666667 0.16901041666666666 0.8814814819444444 0.1640625 0.8930555555555556 0.16510416666666666 0.9050925930555554 0.17395833333333333 0.9106481486111111 0.17890625 0.9074074069444446 0.18333333333333332 0.8939814819444444 0.18229166666666666 0.8856481486111111 0.17682291666666666 0.8787037041666667
3 0.38307291666666665 0.8824074069444445 0.3765625 0.889351851388889 0.37447916666666664 0.9013888888888889 0.37786458333333334 0.9138888888888889 0.3848958333333333 0.9152777777777777 0.39114583333333336 0.9087962958333334 0.3927083333333333 0.8976851847222223 0.3893229166666667 0.8851851847222223 0.38307291666666665 0.8824074069444445
1 0.79375 0.8078703708333332 0.79375 0.789351851388889 0.7901041666666667 0.7745370374999999 0.7901041666666667 0.7523148152777778 0.79375 0.7421296291666667 0.7958333333333333 0.7245370375 0.7919270833333333 0.7194444444444444 0.78046875 0.7259259263888889 0.7763020833333333 0.725 0.7690104166666667 0.7129629625 0.7596354166666667 0.7083333333333334 0.7557291666666667 0.6949074069444444 0.7578125 0.6837962958333333 0.7557291666666667 0.6754629624999999 0.74375 0.6560185180555556 0.7494791666666667 0.6430555555555556 0.7505208333333333 0.6347222222222222 0.7453125 0.6300925930555555 0.7372395833333333 0.6064814819444445 0.73359375 0.6064814819444445 0.7221354166666667 0.5935185180555556 0.7143229166666667 0.5944444444444444 0.7091145833333333 0.6101851847222222 0.6986979166666667 0.6175925930555556 0.69375 0.6254629625 0.6880208333333333 0.6504629625 0.6770833333333334 0.6763888888888889 0.6825520833333333 0.6972222222222222 0.68671875 0.6944444444444444 0.6973958333333333 0.7115740736111111 0.6947916666666667 0.7208333333333333 0.7 0.7328703708333333 0.6901041666666666 0.7430555555555556 0.6880208333333333 0.7523148152777778 0.6895833333333333 0.7606481486111111 0.6971354166666667 0.7740740736111111 0.7059895833333333 0.7824074069444446 0.7122395833333334 0.775 0.71796875 0.7759259263888888 0.7236979166666667 0.7907407402777779 0.7354166666666667 0.8050925930555555 0.7359375 0.8125 0.7296875 0.8236111111111111 0.7419270833333333 0.8435185180555556 0.7466145833333333 0.8444444444444444 0.74921875 0.8324074069444445 0.7565104166666666 0.8361111111111111 0.7658854166666667 0.8333333333333334 0.7708333333333334 0.8375 0.7622395833333333 0.8444444444444444 0.7799479166666666 0.8462962958333334 0.7841145833333333 0.8583333333333333 0.7927083333333333 0.8634259263888888 0.8018229166666667 0.8601851847222223 0.8067708333333333 0.8467592597222222 0.8026041666666667 0.8291666666666667 0.79375 0.8078703708333332
0 0.4861979166666667 0.19629629583333336 0.48125 0.20509259305555555 0.48125 0.2152777777777778 0.48463541666666665 0.22407407361111112 0.49114583333333334 0.2254629625 0.4953125 0.21990740694444447 0.496875 0.20879629583333334 0.49244791666666665 0.19722222222222222 0.4861979166666667 0.19629629583333336