3 0.3028645833333333 0.11481481527777779 0.2989583333333333 0.12083333333333333 0.2984375 0.13287037083333333 0.3028645833333333 0.14259259305555555 0.3104166666666667 0.14490740694444443 0.3140625 0.14120370416666667 0.315625 0.12638888888888888 0.3106770833333333 0.11574074027777777 0.3028645833333333 0.11481481527777779
3 0.2811432861111111 0.12582425277777778 0.28322661944444444 0.13323165972222223 0.28692025 0.14418321250000002 0.29399675555555554 0.14387131805555556 0.2982010125 0.13806242222222223 0.29824586666666664 0.13709028472222223 0.29846543194444447 0.13696004444444446 0.29893780416666665 0.13237141805555555 0.30041249444444446 0.12733815972222223 0.29907272916666666 0.1233544763888889 0.29824644166666664 0.11878690416666668 0.29930164722222224 0.11894455972222223 0.2980703694444445 0.11795388194444444 0.2893736083333333 0.10918592916666665 0.28166411944444447 0.11749091944444445 0.2811432861111111 0.12582425277777778
3 0.48984375 0.21759259305555553 0.48489583333333336 0.22361111111111112 0.48385416666666664 0.2356481486111111 0.48723958333333334 0.24444444444444444 0.4942708333333333 0.24583333333333332 0.49895833333333334 0.23842592638888888 0.49895833333333334 0.22731481527777778 0.49505208333333334 0.21851851805555558 0.48984375 0.21759259305555553
3 0.16901041666666666 0.8953703708333333 0.16015625 0.8990740736111111 0.15572916666666667 0.9106481486111111 0.15625 0.9208333333333333 0.16067708333333333 0.9277777777777778 0.165625 0.9282407402777778 0.17213541666666668 0.923148148611111 0.175 0.914351851388889 0.17447916666666666 0.9041666666666667 0.16901041666666666 0.8953703708333333
3 0.16588541666666667 0.8675925930555555 0.15651041666666668 0.8703703708333332 0.15260416666666668 0.8800925930555555 0.15364583333333334 0.8939814819444444 0.15703125 0.8990740736111111 0.16145833333333334 0.8995370374999999 0.16848958333333333 0.8953703708333333 0.17135416666666667 0.8856481486111111 0.16979166666666667 0.8717592597222221 0.16588541666666667 0.8675925930555555
3 0.18046875 0.851851851388889 0.171875 0.860648148611111 0.16979166666666667 0.8726851847222222 0.17369791666666667 0.8824074069444445 0.18125 0.8837962958333334 0.18854166666666666 0.8745370374999999 0.18958333333333333 0.8634259263888888 0.18619791666666666 0.8546296291666667 0.18046875 0.851851851388889
3 0.20807291666666666 0.7564814819444444 0.2015625 0.7662037041666666 0.20104166666666667 0.7773148152777777 0.20546875 0.7861111111111111 0.21302083333333333 0.7865740736111112 0.21822916666666667 0.7810185180555556 0.2203125 0.7671296291666667 0.21484375 0.7564814819444444 0.20807291666666666 0.7564814819444444
3 0.23515625 0.7824080847222221 0.22916666666666666 0.7921303069444444 0.22916666666666666 0.8050932694444444 0.23463541666666668 0.8129636402777777 0.240625 0.8125006763888889 0.24635416666666668 0.8050932694444444 0.246875 0.7893525291666665 0.24348958333333334 0.7824080847222221 0.23515625 0.7824080847222221
3 0.44088541666666664 0.4777777777777778 0.43645833333333334 0.4847222222222222 0.4354166666666667 0.4949074069444444 0.4388020833333333 0.5027777777777778 0.44427083333333334 0.5050925930555555 0.4505208333333333 0.4986111111111111 0.4510416666666667 0.4865740736111111 0.4471354166666667 0.4777777777777778 0.44088541666666664 0.4777777777777778
3 0.37994791666666666 0.8824074069444445 0.37395833333333334 0.889351851388889 0.371875 0.9013888888888889 0.37526041666666665 0.9138888888888889 0.38177083333333334 0.9152777777777777 0.3890625 0.9078703708333333 0.39010416666666664 0.8976851847222223 0.38671875 0.8851851847222223 0.37994791666666666 0.8824074069444445
1 0.8057291666666667 0.835648148611111 0.7947916666666667 0.8078703708333332 0.7947916666666667 0.789351851388889 0.7921875 0.7819444444444444 0.790625 0.7532407402777779 0.7947916666666667 0.7412037041666666 0.7963541666666667 0.7217592597222222 0.7919270833333333 0.7166666666666667 0.7888020833333333 0.7203703708333333 0.7763020833333333 0.7222222222222222 0.76015625 0.7027777777777777 0.75625 0.6921296291666666 0.7583333333333333 0.6837962958333333 0.75625 0.6745370375 0.7447916666666666 0.6560185180555556 0.75 0.6421296291666666 0.7505208333333333 0.6328703708333333 0.7401041666666667 0.6162037041666667 0.7377604166666667 0.6064814819444445 0.73359375 0.6064814819444445 0.7221354166666667 0.5925925930555556 0.7143229166666667 0.5953703708333333 0.7080729166666667 0.6129629624999999 0.6997395833333333 0.6175925930555556 0.6942708333333333 0.6254629625 0.6895833333333333 0.6476851847222223 0.6776041666666667 0.6763888888888889 0.68125 0.6986111111111111 0.6825520833333333 0.700925926388889 0.68671875 0.6953703708333333 0.6953125 0.7115740736111111 0.6953125 0.7226851847222223 0.6981770833333333 0.726851851388889 0.7020833333333333 0.7254629625000001 0.70078125 0.7333333333333333 0.6940104166666666 0.7361111111111112 0.6901041666666666 0.7430555555555556 0.6885416666666667 0.7486111111111111 0.6901041666666666 0.7606481486111111 0.7041666666666667 0.7819444444444444 0.7080729166666667 0.7962962958333334 0.7158854166666667 0.7990740736111112 0.7221354166666667 0.7907407402777779 0.73359375 0.8018518513888889 0.7354166666666667 0.8097222222222222 0.7286458333333333 0.8236111111111111 0.74140625 0.8435185180555556 0.74765625 0.8435185180555556 0.7489583333333333 0.8347222222222223 0.7533854166666667 0.8324074069444445 0.76328125 0.8361111111111111 0.76328125 0.8453703708333333 0.7768229166666667 0.8444444444444444 0.7817708333333333 0.8495370375 0.78359375 0.8574074069444445 0.7947916666666667 0.8625 0.80234375 0.8601851847222223 0.80625 0.8541666666666666 0.8072916666666666 0.8449074069444446 0.8057291666666667 0.835648148611111