3 0.7221354166666667 0.41759259305555557 0.7177083333333333 0.42083333333333334 0.7145833333333333 0.4337962958333333 0.71796875 0.4444444444444444 0.725 0.44675925972222225 0.7307291666666667 0.44027777777777777 0.7322916666666667 0.4273148152777778 0.72890625 0.41944444444444445 0.7221354166666667 0.41759259305555557
3 0.8075520833333333 0.13240740694444444 0.8020833333333334 0.14027777777777778 0.8010416666666667 0.1523148152777778 0.8044270833333333 0.1601851847222222 0.8125 0.16064814861111112 0.815625 0.15694444444444444 0.8182291666666667 0.14027777777777778 0.8153645833333333 0.13333333333333333 0.8075520833333333 0.13240740694444444
3 0.5252604166666667 0.6012094847222222 0.5208333333333334 0.6090798555555555 0.5208333333333334 0.6211168930555555 0.52578125 0.6289872625 0.5307291666666667 0.6285242999999999 0.5354166666666667 0.6211168930555555 0.5354166666666667 0.6072280041666667 0.5315104166666667 0.6012094847222222 0.5252604166666667 0.6012094847222222
3 0.50078125 0.7169499430555556 0.4953125 0.7238943875000001 0.4942708333333333 0.735931425 0.4981770833333333 0.7456536472222223 0.503125 0.7470425361111112 0.5098958333333333 0.7396351291666666 0.5109375 0.7322277208333334 0.5075520833333333 0.7197277208333334 0.50078125 0.7169499430555556
3 0.5018229166666667 0.7601851847222223 0.49557291666666664 0.7629629625000001 0.4921875 0.7717592597222221 0.49322916666666666 0.7847222222222222 0.49947916666666664 0.7912037041666666 0.50546875 0.7888888888888889 0.5088541666666667 0.7763888888888889 0.5067708333333333 0.7652777777777777 0.5018229166666667 0.7601851847222223
3 0.50703125 0.7888888888888889 0.4981770833333333 0.7907407402777779 0.4947916666666667 0.8023148152777777 0.496875 0.8134259263888889 0.5026041666666666 0.8189814819444444 0.50859375 0.8166666666666667 0.5114583333333333 0.8087962958333333 0.5114583333333333 0.7976851847222223 0.50703125 0.7888888888888889
3 0.5606770833333333 0.7666666666666667 0.5536458333333333 0.7745370374999999 0.553125 0.7856481486111111 0.5575520833333333 0.7953703708333333 0.5630208333333333 0.7958333333333333 0.56875 0.7884259263888889 0.5692708333333333 0.7782407402777778 0.5658854166666667 0.7694444444444445 0.5606770833333333 0.7666666666666667
3 0.5802973263888889 0.7833333333333333 0.5763910763888889 0.7902777777777777 0.5763910763888889 0.8032407402777778 0.5808181597222222 0.8120370374999999 0.5862869097222222 0.8125 0.5920160763888889 0.8023148152777777 0.5920160763888889 0.7912037041666666 0.5875889930555556 0.7833333333333333 0.5802973263888889 0.7833333333333333
3 0.52578125 0.8805555555555555 0.5223958333333333 0.8865740736111112 0.521875 0.9004629625 0.5263020833333333 0.9092592597222222 0.5317708333333333 0.9097222222222222 0.5369791666666667 0.9023148152777777 0.5375 0.8902777777777777 0.5330729166666667 0.8805555555555555 0.52578125 0.8805555555555555
3 0.5103093944444445 0.8898148152777777 0.5037989777777777 0.8976851847222223 0.5027573111111111 0.9087962958333334 0.5061427277777777 0.9203703708333333 0.5121323111111111 0.9226851847222223 0.5183823111111111 0.9162037041666666 0.5199448111111111 0.9013888888888889 0.5165593944444444 0.8925925930555555 0.5103093944444445 0.8898148152777777
3 0.6002604166666666 0.8787037041666667 0.5955729166666667 0.8814814819444444 0.5921875 0.8930555555555556 0.59375 0.9032407402777778 0.6010416666666667 0.9106481486111111 0.6072916666666667 0.9050925930555554 0.6088541666666667 0.8921296291666667 0.60390625 0.8805555555555555 0.6002604166666666 0.8787037041666667
0 0.5841145833333333 0.8666666666666667 0.5776041666666667 0.8745370374999999 0.5765625 0.8810185180555556 0.5786458333333333 0.8930555555555556 0.5854166666666667 0.8986111111111111 0.5908854166666667 0.8962962958333334 0.5942708333333333 0.8856481486111111 0.5916666666666667 0.8726851847222222 0.5841145833333333 0.8666666666666667
1 0.6783854166666666 0.7648148152777777 0.6888020833333334 0.751851851388889 0.69453125 0.7546296291666668 0.71015625 0.7425925930555555 0.7138020833333333 0.7555555555555555 0.7145833333333333 0.7393518513888889 0.73359375 0.7212962958333334 0.7380208333333333 0.7125 0.73828125 0.700925926388889 0.7544270833333333 0.6870370375 0.7736979166666667 0.6861111111111111 0.78515625 0.6787037041666667 0.7854166666666667 0.6634259263888889 0.7934895833333333 0.6555555555555556 0.7966145833333333 0.6546296291666667 0.8 0.6662037041666667 0.8111979166666666 0.6842592597222222 0.8315104166666667 0.6703703708333334 0.834375 0.6625 0.8291666666666667 0.6486111111111111 0.8270833333333333 0.6347222222222222 0.8307291666666666 0.6180555555555556 0.8200520833333333 0.5888888888888889 0.81171875 0.5898148152777778 0.7966145833333333 0.5583333333333333 0.78046875 0.5712962958333333 0.76875 0.5671296291666666 0.76875 0.5736111111111111 0.7744791666666667 0.5837962958333333 0.7776041666666667 0.6032407402777777 0.7817708333333333 0.6134259263888889 0.77265625 0.6240740736111111 0.7684895833333333 0.625 0.76484375 0.6101851847222222 0.7440104166666667 0.6046296291666666 0.7216145833333333 0.6092592597222223 0.71875 0.6134259263888889 0.7166666666666667 0.6254629625 0.7091145833333333 0.6324074069444444 0.7052083333333333 0.6282407402777778 0.7072916666666667 0.6134259263888889 0.7018229166666666 0.5990740736111111 0.68671875 0.5990740736111111 0.68125 0.6060185180555555 0.6786458333333333 0.6143518513888888 0.6815104166666667 0.6370370375000001 0.6638020833333333 0.6416666666666667 0.6671875 0.6486111111111111 0.6666666666666666 0.6550925930555556 0.66015625 0.6620370375 0.65546875 0.6731481486111112 0.6546875 0.6662037041666667 0.6578125 0.6643518513888889 0.6572916666666667 0.6486111111111111 0.65546875 0.6472222222222223 0.6510416666666666 0.6550925930555556 0.65 0.6902777777777778 0.6388020833333333 0.6916666666666667 0.6359375 0.6976851847222222 0.6359375 0.7050925930555556 0.6411458333333333 0.7180555555555556 0.6135416666666667 0.7430555555555556 0.6130208333333333 0.7550925930555555 0.6171875 0.7726851847222223 0.6200520833333333 0.7787037041666666 0.6244791666666667 0.7800925930555554 0.6513020833333333 0.7611111111111111 0.6591145833333333 0.7620370375 0.6669270833333333 0.7490740736111111 0.6783854166666666 0.7648148152777777