3 0.55234375 0.21481481527777777 0.5479166666666667 0.21898148194444442 0.5453125 0.23194444444444445 0.54921875 0.24259259305555553 0.5552083333333333 0.24398148194444444 0.5609375 0.23657407361111113 0.5614583333333333 0.22361111111111112 0.55859375 0.21666666666666667 0.55234375 0.21481481527777777
1 0.27421875 0.6583333333333333 0.27708333333333335 0.6495370375 0.275 0.6208333333333333 0.28046875 0.6148148152777778 0.2877604166666667 0.6148148152777778 0.2908854166666667 0.6203703708333334 0.2950520833333333 0.6203703708333334 0.2947916666666667 0.6273148152777778 0.2981770833333333 0.6361111111111111 0.30963541666666666 0.6305555555555555 0.3377604166666667 0.6305555555555555 0.33880208333333334 0.6444444444444445 0.36223958333333334 0.6425925930555556 0.37083333333333335 0.6291666666666667 0.37265625 0.6185185180555556 0.37421875 0.625 0.3815104166666667 0.6259259263888889 0.39401041666666664 0.6175925930555556 0.4002604166666667 0.6064814819444445 0.41171875 0.6092592597222223 0.4125 0.5995370375 0.4153645833333333 0.5962962958333333 0.4200520833333333 0.5962962958333333 0.4236979166666667 0.6055555555555555 0.4276041666666667 0.6004629625 0.4270833333333333 0.5930555555555556 0.4309895833333333 0.5833333333333334 0.46328125 0.5740740736111111 0.4666666666666667 0.5652777777777778 0.4661458333333333 0.5486111111111112 0.4640625 0.5393518513888889 0.4596354166666667 0.5351851847222222 0.43255208333333334 0.5388888888888889 0.4231770833333333 0.5277777777777778 0.4122395833333333 0.5361111111111111 0.40625 0.5310185180555556 0.40546875 0.5231481486111111 0.39921875 0.5259259263888889 0.39609375 0.5138888888888888 0.3924479166666667 0.5185185180555555 0.38828125 0.5092592597222223 0.37994791666666666 0.5185185180555555 0.37916666666666665 0.5087962958333333 0.3768229166666667 0.5064814819444444 0.37473958333333335 0.5148148152777778 0.36484375 0.5222222222222223 0.3619791666666667 0.5097222222222222 0.35703125 0.5046296291666666 0.3372395833333333 0.5055555555555555 0.3328125 0.5097222222222222 0.33489583333333334 0.5245370375 0.33203125 0.5314814819444444 0.29713541666666665 0.5370370375 0.28828125 0.5592592597222222 0.27630208333333334 0.5657407402777778 0.27109375 0.5629629625 0.26979166666666665 0.5587962958333333 0.26640625 0.5296296291666667 0.24453125 0.5351851847222222 0.23932291666666666 0.5305555555555556 0.23541666666666666 0.5356481486111111 0.23385416666666667 0.5430555555555555 0.23541666666666666 0.5689814819444444 0.22760416666666666 0.5782407402777777 0.22708333333333333 0.6013888888888889 0.2296875 0.6199074069444445 0.23203125 0.6240740736111111 0.23932291666666666 0.6240740736111111 0.24114583333333334 0.6282407402777778 0.24322916666666666 0.6541666666666667 0.2453125 0.6625 0.24791666666666667 0.6643518513888889 0.2591145833333333 0.6564814819444444 0.26328125 0.6574074069444444 0.2669270833333333 0.6638888888888889 0.27421875 0.6583333333333333
3 0.50859375 0.09722222222222222 0.5036458333333333 0.10324074027777777 0.5026041666666666 0.11805555555555555 0.5059895833333333 0.1259259263888889 0.5125 0.12731481527777777 0.5171875 0.12083333333333333 0.5182291666666666 0.10787037083333334 0.5138020833333333 0.09814814861111111 0.50859375 0.09722222222222222
0 0.5872395833333334 0.12777777777777777 0.5817708333333333 0.1384259263888889 0.5817708333333333 0.14768518472222222 0.5861979166666667 0.15648148194444444 0.5916666666666667 0.15694444444444444 0.596875 0.1495370375 0.5979166666666667 0.1393518513888889 0.5940104166666667 0.12870370416666668 0.5872395833333334 0.12777777777777777
3 0.55234375 0.3574074069444444 0.5453125 0.36712962916666664 0.5453125 0.3763888888888889 0.5486979166666667 0.38425925972222225 0.5541666666666667 0.38564814861111113 0.559375 0.38101851805555553 0.5614583333333333 0.3680555555555556 0.55703125 0.35833333333333334 0.55234375 0.3574074069444444
3 0.60703125 0.4648148152777778 0.6010416666666667 0.47175925972222227 0.6 0.48287037083333334 0.60390625 0.4925925930555556 0.6083333333333333 0.49398148194444447 0.6145833333333334 0.48842592638888893 0.6161458333333333 0.47453703750000004 0.61328125 0.46759259305555556 0.60703125 0.4648148152777778
3 0.5153645833333333 0.4527777777777778 0.51015625 0.45462962916666666 0.50625 0.4662037041666667 0.5072916666666667 0.4754629625 0.5140625 0.48194444444444445 0.5190104166666667 0.4787037041666667 0.521875 0.47175925972222227 0.5213541666666667 0.4597222222222222 0.5153645833333333 0.4527777777777778
3 0.52109375 0.47685185138888886 0.5151041666666667 0.48287037083333334 0.5140625 0.49675925972222224 0.51796875 0.5046296291666666 0.5234375 0.5050925930555555 0.5291666666666667 0.4986111111111111 0.5296875 0.4865740736111111 0.5263020833333333 0.4796296291666666 0.52109375 0.47685185138888886
3 0.4908854166666667 0.5574074069444445 0.48541666666666666 0.5652777777777778 0.48489583333333336 0.5745370375000001 0.48880208333333336 0.5842592597222223 0.4942708333333333 0.5856481486111111 0.5005208333333333 0.5773148152777778 0.5 0.5643518513888889 0.49713541666666666 0.5583333333333333 0.4908854166666667 0.5574074069444445
3 0.4903645833333333 0.6268518513888889 0.48385416666666664 0.6356481486111112 0.48333333333333334 0.6430555555555556 0.48671875 0.6537037041666667 0.49166666666666664 0.6560185180555556 0.4984375 0.6495370375 0.49947916666666664 0.6393518513888888 0.49557291666666664 0.6287037041666667 0.4903645833333333 0.6268518513888889
3 0.18671875 0.3120370375 0.18125 0.3189814819444444 0.18020833333333333 0.32916666666666666 0.18307291666666667 0.3379629625 0.18958333333333333 0.34212962916666667 0.19609375 0.3388888888888889 0.19947916666666668 0.3282407402777778 0.19505208333333332 0.31481481527777777 0.18671875 0.3120370375
3 0.74140625 0.6157407402777777 0.7354166666666667 0.6208333333333333 0.7338541666666667 0.6347222222222222 0.7377604166666667 0.6425925930555556 0.74375 0.6439814819444445 0.7494791666666667 0.6375 0.7505208333333333 0.6273148152777778 0.74765625 0.6194444444444445 0.74140625 0.6157407402777777
3 0.5611979166666666 0.9009259263888888 0.5549479166666667 0.9018518513888889 0.5505208333333333 0.9115740736111112 0.5515625 0.9254629625 0.5572916666666666 0.9319444444444445 0.5638020833333334 0.9296296291666667 0.5666666666666667 0.9208333333333333 0.5661458333333333 0.9097222222222222 0.5611979166666666 0.9009259263888888