3 0.4591145833333333 0.09722222222222222 0.45416666666666666 0.10601851805555555 0.45416666666666666 0.11712962916666667 0.45859375 0.12685185138888888 0.46458333333333335 0.12731481527777777 0.46927083333333336 0.12083333333333333 0.4703125 0.1115740736111111 0.46588541666666666 0.0990740736111111 0.4591145833333333 0.09722222222222222
3 0.23567708333333334 0.26944444444444443 0.23125 0.2782407402777778 0.23177083333333334 0.2875 0.23567708333333334 0.29629629583333333 0.24375 0.2986111111111111 0.2484375 0.29305555555555557 0.24947916666666667 0.2791666666666667 0.24296875 0.26851851805555554 0.23567708333333334 0.26944444444444443
3 0.18411458333333333 0.12685185138888888 0.1796875 0.13564814861111113 0.18072916666666666 0.1486111111111111 0.18619791666666666 0.15648148194444444 0.19270833333333334 0.15694444444444444 0.19791666666666666 0.1486111111111111 0.19635416666666666 0.13287037083333333 0.19192708333333333 0.12685185138888888 0.18411458333333333 0.12685185138888888
3 0.19036458333333334 0.05462962916666667 0.18802083333333333 0.0625 0.1890625 0.07731481527777777 0.19401041666666666 0.08425925972222222 0.20052083333333334 0.08472222222222223 0.20572916666666666 0.07546296250000001 0.20416666666666666 0.059722222222222225 0.19765625 0.05277777777777778 0.19036458333333334 0.05462962916666667
3 0.17421875 0.049074073611111116 0.171875 0.05416666666666667 0.1734375 0.07083333333333333 0.17942708333333332 0.07777777777777778 0.18541666666666667 0.07731481527777777 0.18854166666666666 0.07175925972222222 0.18802083333333333 0.05416666666666667 0.18046875 0.04629629583333334 0.17421875 0.049074073611111116
3 0.16015625 0.5 0.15572916666666667 0.5060185180555555 0.1546875 0.5171296291666666 0.16015625 0.5287037041666667 0.16666666666666666 0.5291666666666667 0.17291666666666666 0.5226851847222223 0.17395833333333333 0.5087962958333333 0.16901041666666666 0.5 0.16015625 0.5
3 0.20911458333333333 0.6759259263888889 0.20208333333333334 0.6837962958333333 0.2015625 0.6967592597222223 0.20598958333333334 0.7055555555555556 0.21302083333333333 0.7060185180555555 0.21875 0.6995370375000001 0.2203125 0.6865740736111111 0.21588541666666666 0.6768518513888888 0.20911458333333333 0.6759259263888889
3 0.3450520833333333 0.6935185180555555 0.33958333333333335 0.7041666666666667 0.34010416666666665 0.7143518513888889 0.3455729166666667 0.7231481486111111 0.35104166666666664 0.7226851847222223 0.3572916666666667 0.7125 0.3567708333333333 0.7004629625 0.3528645833333333 0.6935185180555555 0.3450520833333333 0.6935185180555555
3 0.37265625 0.5944444444444444 0.36614583333333334 0.6013888888888889 0.3645833333333333 0.611574073611111 0.3684895833333333 0.6222222222222222 0.375 0.6236111111111111 0.3807291666666667 0.6162037041666667 0.38125 0.6050925930555556 0.37734375 0.5962962958333333 0.37265625 0.5944444444444444
3 0.28463541666666664 0.5027777777777778 0.28020833333333334 0.5106481486111112 0.28072916666666664 0.5236111111111111 0.28515625 0.5305555555555556 0.2911458333333333 0.5310185180555556 0.296875 0.5236111111111111 0.296875 0.5097222222222222 0.29192708333333334 0.5018518513888889 0.28463541666666664 0.5027777777777778
3 0.3606770833333333 0.45555555555555555 0.35572916666666665 0.4634259263888889 0.35520833333333335 0.47175925972222227 0.35859375 0.48148148194444446 0.3651041666666667 0.48379629583333333 0.3703125 0.47824074027777774 0.371875 0.4662037041666667 0.3684895833333333 0.45740740694444443 0.3606770833333333 0.45555555555555555
0 0.24348958333333334 0.549074073611111 0.23645833333333333 0.5560185180555556 0.23489583333333333 0.5680555555555555 0.23880208333333333 0.5777777777777777 0.24427083333333333 0.5800925930555556 0.2515625 0.5745370375000001 0.25364583333333335 0.5615740736111111 0.24973958333333332 0.5518518513888888 0.24348958333333334 0.549074073611111