0 0.8153645833333333 0.1326841847222222 0.80703125 0.1345360375 0.803125 0.14518418472222222 0.8041666666666667 0.15629529583333332 0.8080729166666667 0.1613878888888889 0.8125 0.16185085138888888 0.81796875 0.15675825972222224 0.8203125 0.1498138152777778 0.8192708333333333 0.13777677777777778 0.8153645833333333 0.1326841847222222
1 0.7661458333333333 0.32916666666666666 0.7666666666666667 0.3125 0.7841145833333333 0.28796296250000003 0.7888020833333333 0.2981481486111111 0.796875 0.28009259305555556 0.8005208333333333 0.2652777777777778 0.7963541666666667 0.2634259263888889 0.7942708333333334 0.2375 0.8020833333333334 0.22361111111111112 0.8005208333333333 0.20231481527777775 0.809375 0.1773148152777778 0.8088541666666667 0.1625 0.80390625 0.1527777777777778 0.79140625 0.15648148194444444 0.7791666666666667 0.18287037083333332 0.7731770833333333 0.18888888888888888 0.7611979166666667 0.18240740694444446 0.75703125 0.1953703708333333 0.75078125 0.19166666666666668 0.74140625 0.17777777777777778 0.7369791666666666 0.1893518513888889 0.7369791666666666 0.1995370375 0.740625 0.20787037083333332 0.740625 0.21620370416666665 0.7333333333333333 0.2254629625 0.7260416666666667 0.24398148194444444 0.7174479166666666 0.23333333333333334 0.71015625 0.23518518472222225 0.696875 0.25879629583333336 0.6979166666666666 0.2699074069444445 0.7052083333333333 0.2791666666666667 0.7046875 0.2976851847222222 0.6921875 0.3217592597222222 0.6911458333333333 0.3347222222222222 0.7041666666666667 0.3541666666666667 0.7057291666666666 0.36712962916666664 0.71015625 0.3759259263888889 0.7247395833333333 0.3861111111111111 0.7380208333333333 0.4023148152777778 0.7565104166666666 0.37962962916666665 0.7645833333333333 0.3560185180555555 0.7609375 0.34212962916666667 0.7661458333333333 0.32916666666666666
3 0.508743875 0.09722222222222222 0.503275125 0.10509259305555556 0.5027542916666666 0.11805555555555555 0.507181375 0.12685185138888888 0.512650125 0.12731481527777777 0.5178584583333333 0.11990740694444443 0.5183792916666666 0.10879629583333333 0.5139522083333333 0.09814814861111111 0.508743875 0.09722222222222222
3 0.49505208333333334 0.15833333333333333 0.49114583333333334 0.16527777777777777 0.49114583333333334 0.17824074027777778 0.49453125 0.18611111111111112 0.5015625 0.1865740736111111 0.50625 0.1773148152777778 0.50625 0.16712962916666665 0.5018229166666667 0.15833333333333333 0.49505208333333334 0.15833333333333333
3 0.5216145833333333 0.5475060638888889 0.5171875 0.5563023597222222 0.5171875 0.5637097680555556 0.5200520833333333 0.5715801374999999 0.5265625 0.5748208791666667 0.5322916666666667 0.5674134708333333 0.5328125 0.5572282861111111 0.5294270833333333 0.5484319902777778 0.5216145833333333 0.5475060638888889
3 0.7809895833333333 0.6425925930555556 0.7770833333333333 0.6495370375 0.7776041666666667 0.6615740736111111 0.7809895833333333 0.6675925930555556 0.7880208333333333 0.6689814819444445 0.7921875 0.6643518513888889 0.7932291666666667 0.6504629625 0.7888020833333333 0.6425925930555556 0.7809895833333333 0.6425925930555556
3 0.1842741652777778 0.3138888888888889 0.18088874861111112 0.32083333333333336 0.18193041527777778 0.3347222222222222 0.18635749861111112 0.3407407402777778 0.1928679152777778 0.3412037041666667 0.19807624861111112 0.3356481486111111 0.19859708194444445 0.32083333333333336 0.19156583194444446 0.3120370375 0.1842741652777778 0.3138888888888889
3 0.5966145833333333 0.8817848208333334 0.5921875 0.8905811166666666 0.5921875 0.8998403763888889 0.5966145833333333 0.9095625986111112 0.603125 0.9109514875000001 0.6072916666666667 0.9053959319444445 0.6083333333333333 0.8924329680555556 0.6044270833333333 0.8827107458333333 0.5966145833333333 0.8817848208333334
3 0.5565104166666667 0.9009259263888888 0.5515625 0.9078703708333333 0.5505208333333333 0.9189814819444444 0.55390625 0.9296296291666667 0.5619791666666667 0.9310185180555556 0.565625 0.9263888888888889 0.5666666666666667 0.9125 0.5622395833333333 0.9018518513888889 0.5565104166666667 0.9009259263888888
3 0.72578125 0.8095431013888889 0.7208333333333333 0.8164875458333334 0.7208333333333333 0.8294505083333334 0.7247395833333333 0.8373208791666666 0.7307291666666667 0.8387097680555555 0.7359375 0.8340801375 0.7375 0.8229690263888888 0.7330729166666666 0.8113949527777778 0.72578125 0.8095431013888889
3 0.70546875 0.8490740736111112 0.7010416666666667 0.8569444444444444 0.7010416666666667 0.8680555555555556 0.7049479166666667 0.876851851388889 0.7125 0.8782407402777779 0.7171875 0.8717592597222221 0.7171875 0.8578703708333333 0.7127604166666667 0.85 0.70546875 0.8490740736111112
3 0.7252604166666666 0.8527777777777777 0.7208333333333333 0.8578703708333333 0.7197916666666667 0.8717592597222221 0.72578125 0.8824074069444445 0.7317708333333334 0.8819444444444444 0.7359375 0.8763888888888889 0.7359375 0.8643518513888889 0.7325520833333333 0.8555555555555555 0.7252604166666666 0.8527777777777777
3 0.7393229166666667 0.8771354111111112 0.7348958333333333 0.8822280041666667 0.7338541666666667 0.8933391152777778 0.7393229166666667 0.9049131888888889 0.7458333333333333 0.9053761513888888 0.75 0.8988946708333333 0.7494791666666667 0.8859317069444443 0.7450520833333333 0.8780613375 0.7393229166666667 0.8771354111111112