3 0.6388020833333333 0.09629629583333332 0.6322916666666667 0.10324074027777777 0.6307291666666667 0.11342592638888889 0.63515625 0.1259259263888889 0.6401041666666667 0.12638888888888888 0.6458333333333334 0.11898148194444445 0.6463541666666667 0.10694444444444444 0.64296875 0.09814814861111111 0.6388020833333333 0.09629629583333332
3 0.5018229166666667 0.34907407361111115 0.4979166666666667 0.35694444444444445 0.4979166666666667 0.36898148194444447 0.5018229166666667 0.3759259263888889 0.5078125 0.3763888888888889 0.5130208333333334 0.3680555555555556 0.5130208333333334 0.35694444444444445 0.5091145833333334 0.34907407361111115 0.5018229166666667 0.34907407361111115
3 0.44869791666666664 0.3518518513888889 0.4432291666666667 0.35879629583333333 0.4432291666666667 0.37083333333333335 0.4471354166666667 0.37962962916666665 0.45260416666666664 0.3800925930555556 0.45729166666666665 0.3745370375 0.4583333333333333 0.3615740736111111 0.4544270833333333 0.35370370416666663 0.44869791666666664 0.3518518513888889
3 0.4200520833333333 0.3898148152777778 0.4125 0.3976851847222222 0.4119791666666667 0.4078703708333334 0.4158854166666667 0.4185185180555555 0.4203125 0.4199074069444444 0.4276041666666667 0.4134259263888889 0.42864583333333334 0.4041666666666667 0.42421875 0.39166666666666666 0.4200520833333333 0.3898148152777778
3 0.5294270833333333 0.5685185180555555 0.525 0.5745370375000001 0.5239583333333333 0.5865740736111111 0.5278645833333333 0.5953703708333333 0.5338541666666666 0.5967592597222222 0.5390625 0.5893518513888889 0.5395833333333333 0.5782407402777777 0.5361979166666667 0.5703703708333333 0.5294270833333333 0.5685185180555555
3 0.5877604166666667 0.6129629624999999 0.5833333333333334 0.6217592597222222 0.5838541666666667 0.6337962958333333 0.58828125 0.6407407402777777 0.59375 0.6402777777777777 0.5979166666666667 0.6337962958333333 0.5984375 0.6208333333333333 0.5940104166666667 0.6129629624999999 0.5877604166666667 0.6129629624999999
3 0.6002604166666666 0.575 0.5947916666666667 0.5819444444444445 0.59375 0.5930555555555556 0.5971354166666667 0.6018518513888889 0.6026041666666667 0.6041666666666666 0.6083333333333333 0.5995370375 0.6098958333333333 0.5856481486111111 0.6065104166666667 0.5777777777777777 0.6002604166666666 0.575
3 0.6434895833333333 0.48333333333333334 0.6411458333333333 0.49212962916666664 0.6421875 0.5023148152777778 0.6466145833333333 0.5083333333333333 0.6526041666666667 0.5078703708333333 0.6572916666666667 0.4976851847222222 0.65625 0.4865740736111111 0.65234375 0.48055555555555557 0.6434895833333333 0.48333333333333334
3 0.6625 0.41898148194444446 0.6609375 0.43287037083333335 0.6638020833333333 0.4398148152777778 0.6708333333333333 0.44212962916666665 0.6760416666666667 0.4365740736111111 0.6776041666666667 0.42453703750000005 0.6700520833333333 0.4129629625 0.6625 0.41898148194444446
3 0.6268229166666667 0.40185185138888885 0.6234375 0.40601851805555556 0.621875 0.41898148194444446 0.62578125 0.42777777777777776 0.6322916666666667 0.42824074027777775 0.6364583333333333 0.4226851847222222 0.6375 0.41064814861111115 0.6330729166666667 0.40185185138888885 0.6268229166666667 0.40185185138888885
3 0.70234375 0.8305555555555556 0.6979166666666666 0.835648148611111 0.696875 0.8486111111111111 0.70078125 0.8583333333333333 0.7067708333333333 0.860648148611111 0.7119791666666667 0.8550925930555555 0.7130208333333333 0.8430555555555556 0.7080729166666667 0.8324074069444445 0.70234375 0.8305555555555556
0 0.7752604166666667 0.75 0.7708333333333334 0.7587962958333334 0.7708333333333334 0.7671296291666667 0.7763020833333333 0.7777777777777778 0.7817708333333333 0.7791666666666667 0.7869791666666667 0.7726851847222223 0.7875 0.7587962958333334 0.7815104166666667 0.75 0.7752604166666667 0.75
1 0.23958333333333334 0.9495370375 0.240625 0.9273148152777777 0.24505208333333334 0.9194444444444444 0.25286458333333334 0.9203703708333333 0.25703125 0.9277777777777778 0.2638020833333333 0.9305555555555556 0.2747395833333333 0.9185185180555556 0.29453125 0.9129629625000001 0.3028645833333333 0.9166666666666666 0.31171875 0.9305555555555556 0.3341145833333333 0.9287037041666666 0.3372395833333333 0.9314814819444444 0.3385416666666667 0.9208333333333333 0.34088541666666666 0.9185185180555556 0.3611979166666667 0.9148148152777777 0.36484375 0.9083333333333333 0.37265625 0.9046296291666667 0.3768229166666667 0.9120370375 0.37994791666666666 0.9037037041666666 0.3880208333333333 0.8995370374999999 0.38697916666666665 0.8930555555555556 0.3888020833333333 0.8888888888888888 0.39609375 0.8888888888888888 0.4049479166666667 0.875 0.43828125 0.8657407402777778 0.4421875 0.8523148152777777 0.44166666666666665 0.8300925930555555 0.43723958333333335 0.8222222222222222 0.40598958333333335 0.826851851388889 0.4036458333333333 0.8236111111111111 0.4041666666666667 0.8078703708333332 0.4002604166666667 0.8 0.39088541666666665 0.8027777777777778 0.38515625 0.7990740736111112 0.37994791666666666 0.8009259263888888 0.3768229166666667 0.7925925930555555 0.36484375 0.7972222222222223 0.3611979166666667 0.7898148152777777 0.3575520833333333 0.7953703708333333 0.3450520833333333 0.7944444444444444 0.34088541666666666 0.7990740736111112 0.334375 0.7902777777777777 0.334375 0.7810185180555556 0.3375 0.7745370374999999 0.33515625 0.7675925930555555 0.33151041666666664 0.7657407402777778 0.3138020833333333 0.7666666666666667 0.30885416666666665 0.7745370374999999 0.31015625 0.7916666666666666 0.31692708333333336 0.7805555555555556 0.3221354166666667 0.7824074069444446 0.32526041666666666 0.7796296291666667 0.33151041666666664 0.7833333333333333 0.33151041666666664 0.7907407402777779 0.32578125 0.7962962958333334 0.32317708333333334 0.7916666666666666 0.31796875 0.7925925930555555 0.31354166666666666 0.7986111111111112 0.3145833333333333 0.810648148611111 0.3111979166666667 0.8148148152777778 0.30130208333333336 0.8120370374999999 0.29401041666666666 0.8037037041666666 0.26796875 0.8231481486111111 0.2557291666666667 0.8439814819444444 0.2552083333333333 0.8578703708333333 0.25286458333333334 0.8620370374999999 0.24166666666666667 0.8597222222222223 0.240625 0.8310185180555556 0.23671875 0.8222222222222222 0.21744791666666666 0.826851851388889 0.20807291666666666 0.8231481486111111 0.2046875 0.8300925930555555 0.20572916666666666 0.8662037041666666 0.20390625 0.8722222222222222 0.19739583333333333 0.8782407402777779 0.196875 0.9004629625 0.1984375 0.9199074069444445 0.20026041666666666 0.925 0.20572916666666666 0.9282407402777778 0.20833333333333334 0.9412037041666667 0.20520833333333333 0.9486111111111111 0.20833333333333334 0.9504629625000001 0.21145833333333333 0.9662037041666666 0.21302083333333333 0.9662037041666666 0.22057291666666667 0.9601851847222223 0.23203125 0.9592592597222221 0.23776041666666667 0.9537037041666666 0.23958333333333334 0.9495370375