1 0.8057291666666667 0.835648148611111 0.7942708333333334 0.8078703708333332 0.7942708333333334 0.7912037041666666 0.7911458333333333 0.7810185180555556 0.7901041666666667 0.7662037041666666 0.7916666666666666 0.7597222222222222 0.7901041666666667 0.7532407402777779 0.79375 0.7439814819444444 0.7963541666666667 0.7226851847222223 0.79296875 0.7166666666666667 0.7809895833333333 0.7240740736111112 0.7736979166666667 0.7212962958333334 0.76015625 0.7027777777777777 0.7557291666666667 0.6912037041666667 0.7578125 0.6856481486111111 0.75625 0.6763888888888889 0.7442708333333333 0.6560185180555556 0.7494791666666667 0.6439814819444445 0.7505208333333333 0.6347222222222222 0.7442708333333333 0.6254629625 0.7377604166666667 0.6074074069444444 0.7221354166666667 0.5935185180555556 0.7143229166666667 0.5962962958333333 0.7106770833333333 0.6111111111111112 0.69921875 0.6175925930555556 0.6932291666666667 0.6282407402777778 0.690625 0.6449074069444444 0.6776041666666667 0.6763888888888889 0.6817708333333333 0.6958333333333333 0.6872395833333333 0.6944444444444444 0.6963541666666667 0.7115740736111111 0.6947916666666667 0.7171296291666667 0.6958333333333333 0.7236111111111111 0.7046875 0.7254629625000001 0.70390625 0.7351851847222223 0.6901041666666666 0.7439814819444444 0.6885416666666667 0.7504629625000001 0.6901041666666666 0.7606481486111111 0.7018229166666666 0.7777777777777778 0.7059895833333333 0.7796296291666667 0.71015625 0.775 0.71796875 0.7740740736111111 0.72265625 0.7907407402777779 0.7299479166666667 0.8 0.73359375 0.7990740736111112 0.7354166666666667 0.8115740736111111 0.7291666666666666 0.8208333333333333 0.7291666666666666 0.8254629625000001 0.7377604166666667 0.8398148152777777 0.7455729166666667 0.8453703708333333 0.7479166666666667 0.8430555555555556 0.74921875 0.8342592597222221 0.7638020833333333 0.8370370374999999 0.759375 0.8439814819444444 0.78046875 0.8462962958333334 0.7841145833333333 0.8583333333333333 0.79375 0.8625 0.80234375 0.8592592597222222 0.80625 0.8541666666666666 0.8072916666666666 0.8476851847222223 0.8057291666666667 0.835648148611111
0 0.48671875 0.1953703708333333 0.4822916666666667 0.2013888888888889 0.48125 0.21342592638888888 0.48515625 0.22407407361111112 0.49166666666666664 0.22453703749999998 0.49583333333333335 0.21805555555555556 0.496875 0.20787037083333332 0.49296875 0.19722222222222222 0.48671875 0.1953703708333333
3 0.8200520833333333 0.15925925972222224 0.8166666666666667 0.1634259263888889 0.8166666666666667 0.18287037083333332 0.81796875 0.18703703749999998 0.8213541666666667 0.1865740736111111 0.828125 0.1763888888888889 0.828125 0.16805555555555557 0.82421875 0.1601851847222222 0.8200520833333333 0.15925925972222224
3 0.6377604166666667 0.09629629583333332 0.6322916666666667 0.10324074027777777 0.63125 0.11620370416666667 0.6346354166666667 0.1240740736111111 0.6401041666666667 0.1254629625 0.6453125 0.11898148194444445 0.6463541666666667 0.10509259305555556 0.64296875 0.09722222222222222 0.6377604166666667 0.09629629583333332
3 0.4471354166666667 0.14444444444444443 0.44166666666666665 0.15324074027777776 0.44114583333333335 0.16157407361111112 0.44505208333333335 0.17222222222222222 0.4515625 0.1745370375 0.45625 0.16805555555555557 0.45729166666666665 0.15601851805555556 0.45338541666666665 0.14629629583333334 0.4471354166666667 0.14444444444444443
3 0.28984375 0.10648148194444446 0.28489583333333335 0.11620370416666667 0.28541666666666665 0.12638888888888888 0.28984375 0.1351851847222222 0.296875 0.1375 0.3015625 0.13287037083333333 0.3026041666666667 0.11898148194444445 0.2981770833333333 0.10833333333333334 0.28984375 0.10648148194444446
3 0.45234375 0.35370370416666663 0.4473958333333333 0.35879629583333333 0.44583333333333336 0.3699074069444444 0.44921875 0.37962962916666665 0.4552083333333333 0.3819444444444444 0.4609375 0.3754629625 0.46197916666666666 0.36435185138888887 0.45859375 0.35555555555555557 0.45234375 0.35370370416666663
3 0.50390625 0.3629629625 0.4984375 0.3699074069444444 0.4979166666666667 0.3819444444444444 0.50234375 0.3907407402777778 0.5078125 0.39120370416666667 0.5130208333333334 0.3837962958333333 0.5135416666666667 0.3726851847222222 0.5096354166666667 0.3638888888888889 0.50390625 0.3629629625
3 0.57265625 0.3870370375 0.5666666666666667 0.3939814819444445 0.5661458333333333 0.40601851805555556 0.56953125 0.41388888888888886 0.575 0.4152777777777778 0.5807291666666666 0.4097222222222222 0.5817708333333333 0.39675925972222226 0.57890625 0.3898148152777778 0.57265625 0.3870370375
3 0.19973958333333333 0.7064814819444445 0.19166666666666668 0.7134259263888888 0.18958333333333333 0.7254629625000001 0.19296875 0.7351851847222223 0.20104166666666667 0.7375 0.20677083333333332 0.7319444444444444 0.20885416666666667 0.7171296291666667 0.20546875 0.7092592597222223 0.19973958333333333 0.7064814819444445
3 0.17265625 0.8787037041666667 0.16484375 0.8814814819444444 0.159375 0.8967592597222221 0.16223958333333333 0.9083333333333333 0.16927083333333334 0.9115740736111112 0.17526041666666667 0.9074074069444446 0.17916666666666667 0.8949074069444445 0.178125 0.8856481486111111 0.17265625 0.8787037041666667
3 0.24088541666666666 0.7777777777777778 0.23359375 0.7814814819444444 0.2296875 0.7930555555555555 0.23359375 0.8074074069444445 0.23958333333333334 0.8097222222222222 0.24609375 0.8037037041666666 0.2484375 0.7967592597222222 0.24791666666666667 0.7847222222222222 0.24088541666666666 0.7777777777777778
3 0.37890625 0.8833333333333333 0.3729166666666667 0.8921296291666667 0.3723958333333333 0.9087962958333334 0.3763020833333333 0.9148148152777777 0.38229166666666664 0.9152777777777777 0.3890625 0.9087962958333334 0.39010416666666664 0.8976851847222223 0.38671875 0.8851851847222223 0.37890625 0.8833333333333333