3 0.16536458333333334 0.8953703708333333 0.15703125 0.898148148611111 0.15260416666666668 0.9106481486111111 0.15364583333333334 0.9226851847222223 0.15755208333333334 0.9277777777777778 0.16197916666666667 0.9282407402777778 0.16796875 0.9240740736111112 0.17135416666666667 0.9162037041666666 0.17083333333333334 0.9023148152777777 0.16536458333333334 0.8953703708333333
3 0.17682291666666666 0.8361111111111111 0.16901041666666666 0.8379629625 0.16354166666666667 0.8504629625000001 0.16458333333333333 0.8625 0.16901041666666666 0.8685185180555556 0.1734375 0.8689814819444444 0.17890625 0.8657407402777778 0.18333333333333332 0.8523148152777777 0.18125 0.8402777777777778 0.17682291666666666 0.8361111111111111
3 0.22213541666666667 0.7564814819444444 0.21380208333333334 0.7574074069444445 0.20885416666666667 0.7671296291666667 0.20989583333333334 0.7819444444444444 0.21614583333333334 0.7875 0.22317708333333333 0.7842592597222222 0.22708333333333333 0.7754629625 0.22708333333333333 0.7652777777777777 0.22213541666666667 0.7564814819444444
3 0.16588541666666667 0.04814814861111111 0.16197916666666667 0.05601851805555556 0.1625 0.06805555555555555 0.16692708333333334 0.07685185138888889 0.17395833333333333 0.07824074027777778 0.1796875 0.07175925972222222 0.1796875 0.05787037083333333 0.17317708333333334 0.04722222222222222 0.16588541666666667 0.04814814861111111
3 0.23515625 0.05 0.23229166666666667 0.059722222222222225 0.23333333333333334 0.06990740694444444 0.23880208333333333 0.07870370416666667 0.24479166666666666 0.07916666666666666 0.25052083333333336 0.06898148194444444 0.24895833333333334 0.05601851805555556 0.24296875 0.04814814861111111 0.23515625 0.05
3 0.30963541666666666 0.05555555555555555 0.30625 0.06342592638888889 0.3072916666666667 0.07731481527777777 0.3111979166666667 0.08425925972222222 0.3182291666666667 0.08564814861111111 0.3234375 0.07731481527777777 0.3223958333333333 0.06157407361111111 0.31692708333333336 0.05462962916666667 0.30963541666666666 0.05555555555555555
3 0.26640625 0.10555555555555556 0.26145833333333335 0.11527777777777778 0.2625 0.12824074027777776 0.2669270833333333 0.1351851847222222 0.27239583333333334 0.1365740736111111 0.2791666666666667 0.12824074027777776 0.2786458333333333 0.11527777777777778 0.27369791666666665 0.10648148194444446 0.26640625 0.10555555555555556
3 0.44973958333333336 0.3518518513888889 0.4432291666666667 0.35879629583333333 0.4427083333333333 0.36712962916666664 0.4471354166666667 0.37962962916666665 0.45260416666666664 0.3800925930555556 0.4578125 0.3726851847222222 0.4583333333333333 0.3625 0.4549479166666667 0.3546296291666667 0.44973958333333336 0.3518518513888889
3 0.50234375 0.34907407361111115 0.4979166666666667 0.35694444444444445 0.4979166666666667 0.36898148194444447 0.5018229166666667 0.3759259263888889 0.5078125 0.3763888888888889 0.5125 0.3699074069444444 0.5130208333333334 0.35787037083333334 0.50859375 0.34907407361111115 0.50234375 0.34907407361111115
3 0.5950520833333334 0.42592592638888893 0.5901041666666667 0.4337962958333333 0.5901041666666667 0.4439814819444445 0.5934895833333333 0.45185185138888884 0.5989583333333334 0.4532407402777778 0.6041666666666666 0.4476851847222222 0.6052083333333333 0.4356481486111111 0.6013020833333333 0.42685185138888887 0.5950520833333334 0.42592592638888893
3 0.5505208333333333 0.5319444444444444 0.5489583333333333 0.5449074069444444 0.5528645833333333 0.5537037041666667 0.5583333333333333 0.5550925930555556 0.5640625 0.5476851847222222 0.5645833333333333 0.5365740736111111 0.55703125 0.5259259263888889 0.5505208333333333 0.5319444444444444
0 0.7731770833333333 0.751851851388889 0.7708333333333334 0.7578703708333333 0.7723958333333333 0.7726851847222223 0.77734375 0.7787037041666666 0.7822916666666667 0.7791666666666667 0.7875 0.7708333333333334 0.7869791666666667 0.7578703708333333 0.7809895833333333 0.75 0.7731770833333333 0.751851851388889
1 0.34270833333333334 0.48194444444444445 0.346875 0.47453703750000004 0.346875 0.4671296291666666 0.33984375 0.46111111111111114 0.3333333333333333 0.44675925972222225 0.3341145833333333 0.4425925930555556 0.3380208333333333 0.44027777777777777 0.33489583333333334 0.43472222222222223 0.33697916666666666 0.4254629625 0.3333333333333333 0.4226851847222222 0.3229166666666667 0.39861111111111114 0.3229166666666667 0.39212962916666666 0.3184895833333333 0.38796296249999995 0.3151041666666667 0.37916666666666665 0.3151041666666667 0.36898148194444447 0.321875 0.36342592638888893 0.3151041666666667 0.3412037041666667 0.3106770833333333 0.3379629625 0.30546875 0.3268518513888889 0.29401041666666666 0.3462962958333333 0.2890625 0.3412037041666667 0.2838541666666667 0.3171296291666667 0.26484375 0.2833333333333333 0.2559895833333333 0.2777777777777778 0.24713541666666666 0.28148148194444444 0.24036458333333333 0.27962962916666667 0.2375 0.2652777777777778 0.24895833333333334 0.24398148194444444 0.24895833333333334 0.2375 0.23255208333333333 0.19907407361111112 0.21328125 0.21481481527777777 0.20807291666666666 0.20740740694444446 0.20546875 0.20833333333333334 0.19192708333333333 0.2231481486111111 0.18697916666666667 0.2356481486111111 0.18958333333333333 0.25324074027777776 0.18098958333333334 0.26203703749999996 0.17447916666666666 0.27268518472222225 0.175 0.2754629625 0.17994791666666668 0.27962962916666667 0.18645833333333334 0.2921296291666667 0.19244791666666666 0.3138888888888889 0.20130208333333333 0.30277777777777776 0.20859375 0.3009259263888889 0.21171875 0.29444444444444445 0.21822916666666667 0.30416666666666664 0.21666666666666667 0.32083333333333336 0.21875 0.3412037041666667 0.24114583333333334 0.3754629625 0.24322916666666666 0.38287037083333336 0.24322916666666666 0.40324074027777773 0.24114583333333334 0.4125 0.246875 0.4310185180555555 0.25546875 0.43148148194444447 0.25364583333333335 0.4365740736111111 0.25546875 0.4425925930555556 0.26276041666666666 0.4444444444444444 0.2830729166666667 0.4796296291666666 0.29244791666666664 0.4861111111111111 0.29453125 0.4962962958333333 0.2986979166666667 0.49722222222222223 0.30182291666666666 0.49166666666666664 0.3065104166666667 0.4962962958333333 0.3104166666666667 0.5032407402777778 0.31276041666666665 0.5166666666666667 0.31796875 0.5111111111111111 0.3221354166666667 0.5203703708333334 0.32708333333333334 0.5245370375 0.33541666666666664 0.5421296291666666 0.3377604166666667 0.5537037041666667 0.34453125 0.5601851847222222 0.35 0.5597222222222222 0.35651041666666666 0.5537037041666667 0.36302083333333335 0.5375 0.34322916666666664 0.48842592638888893 0.34270833333333334 0.48194444444444445