3 0.4940104166666667 0.09840542916666667 0.4895833333333333 0.10442394722222223 0.48854166666666665 0.12016468749999999 0.4934895833333333 0.12896098472222223 0.49895833333333334 0.12849802083333334 0.5036458333333333 0.12016468749999999 0.5041666666666667 0.10905357638888889 0.5002604166666667 0.10025728055555556 0.4940104166666667 0.09840542916666667
3 0.659274323611111 0.1262099097222222 0.6525034902777778 0.1299136125 0.6485972402777778 0.1396358347222222 0.6501597402777778 0.1525987986111111 0.6574514069444444 0.1572284277777778 0.6637014069444445 0.14982102083333332 0.6652639069444444 0.1414876875 0.6637014069444445 0.13130250138888888 0.659274323611111 0.1262099097222222
3 0.7903645833333334 0.1601851847222222 0.784375 0.16712962916666665 0.7833333333333333 0.18194444444444444 0.7872395833333333 0.18888888888888888 0.79375 0.1884259263888889 0.7984375 0.18194444444444444 0.7994791666666666 0.16805555555555557 0.7955729166666666 0.16111111111111112 0.7903645833333334 0.1601851847222222
3 0.80703125 0.13240740694444444 0.8020833333333334 0.14027777777777778 0.8020833333333334 0.15324074027777776 0.80546875 0.15925925972222224 0.8125 0.1597222222222222 0.8171875 0.15138888888888888 0.8177083333333334 0.1375 0.8138020833333334 0.13240740694444444 0.80703125 0.13240740694444444
3 0.8075520833333333 0.24009943333333333 0.8 0.24704387777777775 0.7984375 0.2581549888888889 0.80078125 0.26602535972222224 0.809375 0.2683401736111111 0.8151041666666666 0.2618586930555556 0.8161458333333333 0.25074758194444446 0.8143229166666667 0.24380313750000002 0.8075520833333333 0.24009943333333333
3 0.81015625 0.37777777777777777 0.8052083333333333 0.38657407361111107 0.8052083333333333 0.3958333333333333 0.80859375 0.4027777777777778 0.8161458333333333 0.4041666666666667 0.8208333333333333 0.3976851847222222 0.821875 0.38564814861111113 0.8158854166666667 0.3759259263888889 0.81015625 0.37777777777777777
3 0.71796875 0.42777777777777776 0.7106770833333333 0.42962962916666664 0.70625 0.4393518513888889 0.7072916666666667 0.4486111111111111 0.7111979166666667 0.45462962916666666 0.7151041666666667 0.4550925930555556 0.71953125 0.4527777777777778 0.7229166666666667 0.44305555555555554 0.721875 0.43287037083333335 0.71796875 0.42777777777777776
3 0.5018229166666667 0.8944444444444445 0.4973958333333333 0.8995370374999999 0.49583333333333335 0.9152777777777777 0.4986979166666667 0.9240740736111112 0.50625 0.9263888888888889 0.5109375 0.9199074069444445 0.5125 0.9069444444444444 0.50859375 0.8962962958333334 0.5018229166666667 0.8944444444444445
3 0.7846354166666667 0.748148148611111 0.7802083333333333 0.7597222222222222 0.7817708333333333 0.7689814819444444 0.7861979166666667 0.775 0.7927083333333333 0.7754629625 0.7973958333333333 0.7689814819444444 0.7963541666666667 0.7532407402777779 0.7924479166666667 0.748148148611111 0.7846354166666667 0.748148148611111
3 0.8044270833333333 0.7962962958333334 0.8005208333333333 0.8023148152777777 0.8005208333333333 0.8162037041666667 0.80703125 0.825 0.8125 0.8245370375 0.8166666666666667 0.8171296291666668 0.815625 0.8013888888888889 0.81171875 0.7962962958333334 0.8044270833333333 0.7962962958333334
0 0.18776041666666668 0.9092592597222222 0.18072916666666666 0.9171296291666667 0.17916666666666667 0.9300925930555555 0.18307291666666667 0.9407407402777779 0.18958333333333333 0.9421296291666668 0.19583333333333333 0.935648148611111 0.1984375 0.9208333333333333 0.19401041666666666 0.9111111111111111 0.18776041666666668 0.9092592597222222
1 0.7510416666666667 0.914351851388889 0.7494791666666667 0.8754629625000001 0.74609375 0.8685185180555556 0.7411458333333333 0.8680555555555556 0.7338541666666667 0.8254629625000001 0.71796875 0.8287037041666666 0.71015625 0.8194444444444444 0.7075520833333333 0.8212962958333334 0.7083333333333334 0.8310185180555556 0.7057291666666666 0.8421296291666667 0.7072916666666667 0.8652777777777778 0.69765625 0.8694444444444445 0.6953125 0.8652777777777778 0.6947916666666667 0.8523148152777777 0.6903645833333333 0.8444444444444444 0.6638020833333333 0.8222222222222222 0.65390625 0.8185185180555556 0.6471354166666666 0.8287037041666666 0.6361979166666667 0.8305555555555556 0.6364583333333333 0.8236111111111111 0.6401041666666667 0.8171296291666668 0.6411458333333333 0.7995370374999999 0.6395833333333333 0.7902777777777777 0.6325520833333333 0.7842592597222222 0.6216145833333333 0.7842592597222222 0.61640625 0.7879629625000001 0.6130208333333333 0.7949074069444445 0.6122395833333333 0.8194444444444444 0.6028645833333334 0.8148148152777778 0.59921875 0.8092592597222221 0.5893229166666667 0.8083333333333333 0.59140625 0.8120370374999999 0.59765625 0.8129629625000001 0.5979166666666667 0.8162037041666667 0.5841145833333333 0.8240740736111112 0.5809895833333333 0.8342592597222221 0.5765625 0.8300925930555555 0.5802083333333333 0.8134259263888889 0.5854166666666667 0.8087962958333333 0.58046875 0.8074074069444445 0.5723958333333333 0.8189814819444444 0.5653645833333333 0.8407407402777778 0.5611979166666666 0.8351851847222223 0.5557291666666667 0.8384259263888888 0.5528645833333333 0.8629629625 0.52578125 0.8648148152777777 0.5203125 0.8782407402777779 0.5208333333333334 0.9004629625 0.52421875 0.9083333333333333 0.5580729166666667 0.9120370375 0.56484375 0.9185185180555556 0.56953125 0.9175925930555555 0.5768229166666666 0.9333333333333333 0.5856770833333333 0.9398148152777778 0.5903645833333333 0.95 0.6080729166666666 0.9527777777777777 0.6231770833333333 0.9407407402777779 0.6403645833333333 0.9425925930555555 0.6463541666666667 0.9337962958333333 0.64765625 0.9268518513888889 0.6518229166666667 0.9305555555555556 0.65546875 0.9259259263888888 0.66640625 0.9240740736111112 0.67109375 0.9240740736111112 0.68359375 0.9342592597222221 0.68671875 0.9416666666666667 0.68828125 0.9379629625000001 0.69765625 0.9379629625000001 0.7015625 0.9236111111111112 0.7044270833333334 0.923148148611111 0.7130208333333333 0.9273148152777777 0.7135416666666666 0.9421296291666668 0.7229166666666667 0.9587962958333334 0.7455729166666667 0.9583333333333334 0.7479166666666667 0.9486111111111111 0.746875 0.9273148152777777 0.7510416666666667 0.914351851388889
3 0.52578125 0.6 0.5208333333333334 0.6087962958333333 0.5208333333333334 0.6208333333333333 0.5252604166666667 0.6277777777777778 0.53125 0.6273148152777778 0.5354166666666667 0.6208333333333333 0.5354166666666667 0.6069444444444444 0.53046875 0.6 0.52578125 0.6