3 0.23307291666666666 0.2722222222222222 0.23125 0.2837962958333333 0.23333333333333334 0.2921296291666667 0.23828125 0.2981481486111111 0.24479166666666666 0.2976851847222222 0.25 0.28657407361111115 0.24791666666666667 0.27453703749999997 0.24036458333333333 0.26759259305555555 0.23307291666666666 0.2722222222222222
3 0.45078125 0.1361111111111111 0.446875 0.14120370416666667 0.4453125 0.15416666666666667 0.44973958333333336 0.16481481527777778 0.4552083333333333 0.16620370416666666 0.45989583333333334 0.16064814861111112 0.4609375 0.14583333333333334 0.45807291666666666 0.1388888888888889 0.45078125 0.1361111111111111
3 0.54765625 0.12870370416666668 0.5416666666666666 0.13564814861111113 0.540625 0.14768518472222222 0.5450520833333333 0.15833333333333333 0.55 0.15879629583333332 0.5552083333333333 0.1523148152777778 0.55625 0.1393518513888889 0.5528645833333333 0.13055555555555556 0.54765625 0.12870370416666668
3 0.74140625 0.11574074027777777 0.7359375 0.12268518472222222 0.734375 0.13472222222222222 0.7372395833333333 0.14259259305555555 0.74375 0.14398148194444446 0.7484375 0.1393518513888889 0.7505208333333333 0.12638888888888888 0.7466145833333333 0.11666666666666667 0.74140625 0.11574074027777777
3 0.6768229166666667 0.2861111111111111 0.6713541666666667 0.29305555555555557 0.6697916666666667 0.3013888888888889 0.6736979166666667 0.3129629625 0.6796875 0.3143518513888889 0.6854166666666667 0.30694444444444446 0.6864583333333333 0.2995370375 0.6825520833333333 0.2870370375 0.6768229166666667 0.2861111111111111
3 0.6325520833333333 0.425 0.6270833333333333 0.43287037083333335 0.6265625 0.44305555555555554 0.6299479166666667 0.4509259263888889 0.6364583333333333 0.4523148152777778 0.6421875 0.44583333333333336 0.6427083333333333 0.43472222222222223 0.6393229166666666 0.42685185138888887 0.6325520833333333 0.425
3 0.65859375 0.575 0.653125 0.5810185180555555 0.6520833333333333 0.5939814819444444 0.6559895833333333 0.6027777777777777 0.6614583333333334 0.6041666666666666 0.6671875 0.5986111111111111 0.6682291666666667 0.5847222222222223 0.6653645833333334 0.5777777777777777 0.65859375 0.575
3 0.4278645833333333 0.5 0.4234375 0.5060185180555555 0.42239583333333336 0.5171296291666666 0.42630208333333336 0.5268518513888889 0.4328125 0.5282407402777778 0.4375 0.5226851847222223 0.43854166666666666 0.5087962958333333 0.43359375 0.5 0.4278645833333333 0.5
3 0.44921875 0.3740740736111111 0.44375 0.3837962958333333 0.44427083333333334 0.39212962916666666 0.44765625 0.4 0.453125 0.4013888888888889 0.4588541666666667 0.3958333333333333 0.45989583333333334 0.3837962958333333 0.4549479166666667 0.3740740736111111 0.44921875 0.3740740736111111
3 0.6278645833333333 0.6305555555555555 0.6234375 0.638425926388889 0.6234375 0.6495370375 0.6278645833333333 0.6574074069444444 0.6333333333333333 0.6578703708333333 0.6385416666666667 0.6504629625 0.6385416666666667 0.6393518513888888 0.63359375 0.6305555555555555 0.6278645833333333 0.6305555555555555
3 0.59609375 0.6666666666666666 0.5921875 0.6736111111111112 0.5921875 0.6865740736111111 0.5966145833333333 0.6935185180555555 0.6020833333333333 0.6939814819444444 0.60625 0.6884259263888889 0.6072916666666667 0.6763888888888889 0.60234375 0.6666666666666666 0.59609375 0.6666666666666666
0 0.75234375 0.7092592597222223 0.7484375 0.7152777777777778 0.7479166666666667 0.7273148152777777 0.75234375 0.7361111111111112 0.7588541666666667 0.7375 0.7635416666666667 0.7328703708333333 0.7645833333333333 0.7208333333333333 0.7606770833333333 0.7111111111111111 0.75234375 0.7092592597222223