3 0.4596354166666667 0.09722222222222222 0.4546875 0.10416666666666667 0.45364583333333336 0.11342592638888889 0.45755208333333336 0.1259259263888889 0.4635416666666667 0.12824074027777776 0.46822916666666664 0.12361111111111112 0.4703125 0.1115740736111111 0.46588541666666666 0.0990740736111111 0.4596354166666667 0.09722222222222222
3 0.18307291666666667 0.12777777777777777 0.17916666666666667 0.1393518513888889 0.18072916666666666 0.1486111111111111 0.18723958333333332 0.15740740694444444 0.19322916666666667 0.15694444444444444 0.19791666666666666 0.1486111111111111 0.19635416666666666 0.13287037083333333 0.18984375 0.1259259263888889 0.18307291666666667 0.12777777777777777
3 0.23567708333333334 0.26944444444444443 0.23125 0.2782407402777778 0.2328125 0.29120370416666663 0.23776041666666667 0.2981481486111111 0.24427083333333333 0.2986111111111111 0.24947916666666667 0.2902777777777778 0.24895833333333334 0.27731481527777774 0.24296875 0.26851851805555554 0.23567708333333334 0.26944444444444443
3 0.3606770833333333 0.45555555555555555 0.35625 0.4625 0.35520833333333335 0.4736111111111111 0.35859375 0.48148148194444446 0.3651041666666667 0.48379629583333333 0.3703125 0.47824074027777774 0.371875 0.4662037041666667 0.3684895833333333 0.45740740694444443 0.3606770833333333 0.45555555555555555
3 0.28463541666666664 0.5027777777777778 0.28020833333333334 0.5106481486111112 0.28020833333333334 0.5217592597222223 0.28515625 0.5305555555555556 0.2911458333333333 0.5310185180555556 0.296875 0.5236111111111111 0.296875 0.5087962958333333 0.29192708333333334 0.5018518513888889 0.28463541666666664 0.5027777777777778
3 0.3690104166666667 0.5962962958333333 0.3645833333333333 0.6060185180555555 0.3651041666666667 0.6152777777777778 0.36953125 0.6231481486111111 0.37552083333333336 0.6236111111111111 0.3802083333333333 0.6180555555555556 0.38125 0.6050925930555556 0.3763020833333333 0.5953703708333333 0.3690104166666667 0.5962962958333333
3 0.34713541666666664 0.6925925930555555 0.3416666666666667 0.6976851847222222 0.33958333333333335 0.7115740736111111 0.3424479166666667 0.7203703708333333 0.3494791666666667 0.7236111111111111 0.35520833333333335 0.7180555555555556 0.3572916666666667 0.7032407402777777 0.3528645833333333 0.6935185180555555 0.34713541666666664 0.6925925930555555
3 0.20911458333333333 0.6759259263888889 0.20260416666666667 0.6828703708333334 0.2015625 0.6949074069444444 0.20494791666666667 0.7046296291666666 0.21302083333333333 0.7060185180555555 0.21875 0.6995370375000001 0.2203125 0.6865740736111111 0.21588541666666666 0.6768518513888888 0.20911458333333333 0.6759259263888889
3 0.16015625 0.5003011486111112 0.1546875 0.5100233708333334 0.15520833333333334 0.5192826305555556 0.16015625 0.5290048527777778 0.16666666666666666 0.5294678152777779 0.17291666666666666 0.5229863347222222 0.17395833333333333 0.5090974458333334 0.16901041666666666 0.5003011486111112 0.16015625 0.5003011486111112
3 0.19036458333333334 0.05462962916666667 0.18802083333333333 0.0625 0.1890625 0.07731481527777777 0.19401041666666666 0.08425925972222222 0.20052083333333334 0.08472222222222223 0.20520833333333333 0.07824074027777778 0.2046875 0.06157407361111111 0.19921875 0.053703704166666665 0.19036458333333334 0.05462962916666667
3 0.17526041666666667 0.04814814861111111 0.171875 0.05509259305555555 0.1734375 0.07083333333333333 0.17890625 0.07777777777777778 0.18541666666666667 0.07731481527777777 0.18854166666666666 0.07268518472222223 0.18802083333333333 0.05416666666666667 0.18255208333333334 0.04722222222222222 0.17526041666666667 0.04814814861111111
0 0.24348958333333334 0.5493575625 0.23645833333333333 0.5563020069444444 0.23489583333333333 0.5683390444444445 0.23880208333333333 0.5780612666666667 0.24479166666666666 0.5803760819444445 0.2515625 0.5748205263888889 0.25364583333333335 0.5627834888888888 0.24973958333333332 0.5521353402777778 0.24348958333333334 0.5493575625