3 0.33619791666666665 0.22685185138888891 0.33177083333333335 0.23657407361111113 0.3333333333333333 0.24861111111111112 0.34036458333333336 0.2592592597222222 0.346875 0.25879629583333336 0.3515625 0.2513888888888889 0.35052083333333334 0.23657407361111113 0.3455729166666667 0.22777777777777777 0.33619791666666665 0.22685185138888891
3 0.23671875 0.26851851805555554 0.23125 0.2782407402777778 0.23177083333333334 0.2875 0.23671875 0.2972222222222222 0.24375 0.2986111111111111 0.2484375 0.29305555555555557 0.24947916666666667 0.2791666666666667 0.24296875 0.26851851805555554 0.23671875 0.26851851805555554
3 0.16432291666666668 0.5027777777777778 0.15911458333333334 0.5064814819444444 0.15520833333333334 0.5180555555555556 0.15859375 0.5305555555555556 0.165625 0.5337962958333333 0.1734375 0.5273148152777778 0.175 0.5152777777777777 0.17005208333333333 0.5046296291666666 0.16432291666666668 0.5027777777777778
3 0.20859375 0.6759259263888889 0.20208333333333334 0.6837962958333333 0.2015625 0.6949074069444444 0.20494791666666667 0.7046296291666666 0.2125 0.7060185180555555 0.21822916666666667 0.7004629625 0.2203125 0.6865740736111111 0.21588541666666666 0.6768518513888888 0.20859375 0.6759259263888889
3 0.37265625 0.5944444444444444 0.36614583333333334 0.6004629625 0.3645833333333333 0.611574073611111 0.36796875 0.6212962958333333 0.375 0.6236111111111111 0.3807291666666667 0.6162037041666667 0.38125 0.6050925930555556 0.37734375 0.5962962958333333 0.37265625 0.5944444444444444
3 0.34661458333333334 0.6925925930555555 0.34010416666666665 0.7013888888888888 0.33958333333333335 0.7115740736111111 0.34348958333333335 0.7212962958333334 0.35104166666666664 0.7226851847222223 0.3572916666666667 0.7125 0.3572916666666667 0.7023148152777778 0.35390625 0.6944444444444444 0.34661458333333334 0.6925925930555555
3 0.59921875 0.6694444444444444 0.5958333333333333 0.6745370375 0.5953125 0.6893518513888889 0.5997395833333333 0.6972222222222222 0.6052083333333333 0.6976851847222222 0.6104166666666667 0.6893518513888889 0.6104166666666667 0.6773148152777778 0.6059895833333333 0.6694444444444444 0.59921875 0.6694444444444444
3 0.44921875 0.3740740736111111 0.44375 0.3837962958333333 0.44427083333333334 0.39212962916666666 0.44765625 0.4 0.453125 0.4013888888888889 0.4588541666666667 0.3958333333333333 0.45989583333333334 0.3837962958333333 0.45755208333333336 0.3768518513888889 0.44921875 0.3740740736111111
3 0.45078125 0.1361111111111111 0.446875 0.14120370416666667 0.4453125 0.15416666666666667 0.44973958333333336 0.16481481527777778 0.4552083333333333 0.16620370416666666 0.45989583333333334 0.16064814861111112 0.4609375 0.14675925972222223 0.45703125 0.1379629625 0.45078125 0.1361111111111111
3 0.5455729166666666 0.12962962916666665 0.540625 0.1393518513888889 0.540625 0.1486111111111111 0.5450520833333333 0.15833333333333333 0.5505208333333333 0.15879629583333332 0.5552083333333333 0.1523148152777778 0.55625 0.1393518513888889 0.5528645833333333 0.13055555555555556 0.5455729166666666 0.12962962916666665
3 0.7450520833333333 0.11481481527777779 0.7385416666666667 0.12268518472222222 0.7369791666666666 0.13287037083333333 0.74140625 0.14351851805555554 0.746875 0.14305555555555555 0.7520833333333333 0.1365740736111111 0.753125 0.12361111111111112 0.74921875 0.11574074027777777 0.7450520833333333 0.11481481527777779
0 0.6471354166666666 0.8009259263888888 0.63984375 0.7990740736111112 0.6354166666666666 0.8060185180555556 0.6348958333333333 0.8180555555555555 0.63828125 0.8277777777777777 0.64375 0.8310185180555556 0.64765625 0.8296296291666667 0.6515625 0.8226851847222223 0.6515625 0.8097222222222222 0.6471354166666666 0.8009259263888888