3 0.5091145833333334 0.09722222222222222 0.503125 0.10509259305555556 0.5026041666666666 0.11712962916666667 0.50703125 0.12685185138888888 0.5119791666666667 0.12731481527777777 0.5171875 0.12083333333333333 0.5182291666666666 0.10879629583333333 0.5138020833333333 0.09814814861111111 0.5091145833333334 0.09722222222222222
3 0.5002604166666667 0.15740740694444444 0.49453125 0.15925925972222224 0.490625 0.16805555555555557 0.4921875 0.18194444444444444 0.4984375 0.1875 0.50234375 0.18611111111111112 0.50625 0.1773148152777778 0.5057291666666667 0.1643518513888889 0.5002604166666667 0.15740740694444444
3 0.19557291666666668 0.3185185180555556 0.190625 0.3254629625 0.19010416666666666 0.33657407361111114 0.19661458333333334 0.3481481486111111 0.20052083333333334 0.3486111111111111 0.20833333333333334 0.3412037041666667 0.20885416666666667 0.3282407402777778 0.20286458333333332 0.3185185180555556 0.19557291666666668 0.3185185180555556
3 0.18203125 0.3388888888888889 0.17760416666666667 0.3486111111111111 0.178125 0.35694444444444445 0.18307291666666667 0.36666666666666664 0.18958333333333333 0.36712962916666664 0.19583333333333333 0.36064814861111116 0.19635416666666666 0.3486111111111111 0.19140625 0.3388888888888889 0.18203125 0.3388888888888889
3 0.23255208333333333 0.7398148152777777 0.225 0.7486111111111111 0.22395833333333334 0.7606481486111111 0.22838541666666667 0.7703703708333333 0.23541666666666666 0.7708333333333334 0.2421875 0.7615740736111112 0.24322916666666666 0.7513888888888889 0.23932291666666666 0.7416666666666667 0.23255208333333333 0.7398148152777777
3 0.3528645833333333 0.7657407402777778 0.3453125 0.7745370374999999 0.34427083333333336 0.7856481486111111 0.34713541666666664 0.7944444444444444 0.3536458333333333 0.7967592597222222 0.36041666666666666 0.7875 0.3614583333333333 0.7763888888888889 0.35911458333333335 0.7694444444444445 0.3528645833333333 0.7657407402777778
3 0.5981770833333333 0.8805555555555555 0.5932291666666667 0.8865740736111112 0.5921875 0.8986111111111111 0.5966145833333333 0.9092592597222222 0.6026041666666667 0.9106481486111111 0.6078125 0.9032407402777778 0.6083333333333333 0.8921296291666667 0.6044270833333333 0.8824074069444445 0.5981770833333333 0.8805555555555555
3 0.5565104166666667 0.9009259263888888 0.5515625 0.9078703708333333 0.5505208333333333 0.9199074069444445 0.55390625 0.9296296291666667 0.5614583333333333 0.9310185180555556 0.565625 0.9263888888888889 0.5666666666666667 0.9125 0.5622395833333333 0.9018518513888889 0.5565104166666667 0.9009259263888888
3 0.7393229166666667 0.876851851388889 0.734375 0.8847222222222222 0.7348958333333333 0.8967592597222221 0.7408854166666666 0.9055555555555556 0.7458333333333333 0.9050925930555554 0.75 0.8986111111111111 0.7494791666666667 0.8847222222222222 0.7455729166666667 0.8777777777777778 0.7393229166666667 0.876851851388889
0 0.64296875 0.7092592597222223 0.6369791666666667 0.7171296291666667 0.6364583333333333 0.7273148152777777 0.63984375 0.7361111111111112 0.6473958333333333 0.7384259263888888 0.6515625 0.7337962958333334 0.6526041666666667 0.7199074069444446 0.6486979166666667 0.7111111111111111 0.64296875 0.7092592597222223
3 0.5096354166666667 0.4796296291666666 0.503125 0.4865740736111111 0.5026041666666666 0.4949074069444444 0.5059895833333333 0.5074074069444444 0.5109375 0.5078703708333333 0.5153645833333333 0.5046296291666666 0.5177083333333333 0.49583333333333335 0.5166666666666667 0.4875 0.5096354166666667 0.4796296291666666
3 0.8182291666666667 0.14675925972222223 0.8177083333333334 0.14583333333333334 0.8177083333333334 0.14027777777777778 0.8166666666666667 0.1365740736111111 0.8158854166666667 0.1351851847222222 0.81328125 0.13333333333333333 0.80703125 0.13333333333333333 0.8049479166666667 0.1351851847222222 0.8020833333333334 0.14027777777777778 0.8010416666666667 0.14490740694444443 0.8010416666666667 0.15416666666666667 0.8018229166666667 0.15462962916666667 0.8044270833333333 0.15925925972222224 0.8080729166666667 0.1620370375 0.809375 0.16157407361111112 0.8122395833333333 0.16111111111111112 0.81328125 0.1601851847222222 0.8161458333333333 0.15509259305555556 0.8182291666666667 0.14675925972222223
1 0.765625 0.33009259305555555 0.7661458333333333 0.3134259263888889 0.7846354166666667 0.28518518472222226 0.7890625 0.2856481486111111 0.7864583333333334 0.29120370416666663 0.7888020833333333 0.2981481486111111 0.796875 0.28009259305555556 0.7984375 0.26898148194444443 0.7958333333333333 0.2606481486111111 0.7942708333333334 0.2375 0.8020833333333334 0.22453703749999998 0.8005208333333333 0.20231481527777775 0.809375 0.17824074027777778 0.809375 0.1634259263888889 0.80546875 0.15370370416666668 0.7924479166666667 0.15555555555555556 0.784375 0.16805555555555557 0.7783854166666667 0.18518518472222223 0.7731770833333333 0.18888888888888888 0.7690104166666667 0.18981481527777777 0.7638020833333333 0.18240740694444446 0.7611979166666667 0.18333333333333332 0.75703125 0.19444444444444445 0.7533854166666667 0.19351851805555556 0.7408854166666666 0.1796296291666667 0.7369791666666666 0.19212962916666668 0.7375 0.20231481527777775 0.7416666666666667 0.20787037083333332 0.740625 0.21805555555555556 0.73359375 0.22592592638888886 0.72578125 0.24444444444444444 0.7216145833333333 0.24259259305555553 0.71796875 0.23518518472222225 0.7096354166666666 0.2361111111111111 0.696875 0.25879629583333336 0.696875 0.26620370416666667 0.6997395833333333 0.2722222222222222 0.7088541666666667 0.2791666666666667 0.7057291666666666 0.2837962958333333 0.7041666666666667 0.2995370375 0.6921875 0.3217592597222222 0.6916666666666667 0.3347222222222222 0.7041666666666667 0.3541666666666667 0.7067708333333333 0.3699074069444444 0.71015625 0.375 0.72578125 0.3861111111111111 0.7385416666666667 0.4013888888888889 0.7572916666666667 0.3773148152777778 0.7635416666666667 0.3560185180555555 0.7609375 0.34212962916666667 0.765625 0.33009259305555555