3 0.16484375 0.049074073611111116 0.16197916666666667 0.05601851805555556 0.16302083333333334 0.06990740694444444 0.16692708333333334 0.07685185138888889 0.17395833333333333 0.07824074027777778 0.18020833333333333 0.06990740694444444 0.17916666666666667 0.05601851805555556 0.17317708333333334 0.04722222222222222 0.16484375 0.049074073611111116
3 0.23619791666666667 0.049074073611111116 0.2328125 0.05601851805555556 0.23333333333333334 0.06990740694444444 0.23880208333333333 0.07870370416666667 0.24479166666666666 0.07916666666666666 0.25 0.07083333333333333 0.24895833333333334 0.05601851805555556 0.24296875 0.04814814861111111 0.23619791666666667 0.049074073611111116
3 0.30963541666666666 0.05555555555555555 0.30625 0.06342592638888889 0.3072916666666667 0.07731481527777777 0.31223958333333335 0.08518518472222222 0.3182291666666667 0.08564814861111111 0.3234375 0.07731481527777777 0.321875 0.059722222222222225 0.31536458333333334 0.053703704166666665 0.30963541666666666 0.05555555555555555
3 0.2674479166666667 0.10462962916666665 0.2630208333333333 0.10879629583333333 0.2609375 0.11990740694444443 0.26536458333333335 0.13425925972222222 0.2713541666666667 0.1375 0.278125 0.13287037083333333 0.2796875 0.11898148194444445 0.27421875 0.10648148194444446 0.2674479166666667 0.10462962916666665
3 0.22213541666666667 0.7564814819444444 0.21536458333333333 0.7564814819444444 0.20885416666666667 0.7671296291666667 0.20989583333333334 0.7819444444444444 0.21614583333333334 0.7875 0.22317708333333333 0.7842592597222222 0.22708333333333333 0.7754629625 0.22708333333333333 0.7652777777777777 0.22213541666666667 0.7564814819444444
3 0.17682291666666666 0.8361111111111111 0.16848958333333333 0.8388888888888889 0.16354166666666667 0.8513888888888889 0.16510416666666666 0.8643518513888889 0.1734375 0.8689814819444444 0.17890625 0.8657407402777778 0.1828125 0.8569444444444444 0.18229166666666666 0.8430555555555556 0.17682291666666666 0.8361111111111111
3 0.16536458333333334 0.8953703708333333 0.15703125 0.898148148611111 0.15260416666666668 0.9106481486111111 0.15364583333333334 0.9226851847222223 0.15703125 0.9277777777777778 0.1625 0.9282407402777778 0.16796875 0.9240740736111112 0.17135416666666667 0.9152777777777777 0.17083333333333334 0.9023148152777777 0.16536458333333334 0.8953703708333333
3 0.44973958333333336 0.3518518513888889 0.4432291666666667 0.35879629583333333 0.4427083333333333 0.3680555555555556 0.4471354166666667 0.37962962916666665 0.45260416666666664 0.3800925930555556 0.4578125 0.3726851847222222 0.4583333333333333 0.36342592638888893 0.4549479166666667 0.3546296291666667 0.44973958333333336 0.3518518513888889
3 0.50234375 0.34907407361111115 0.4979166666666667 0.35694444444444445 0.4979166666666667 0.36898148194444447 0.5028645833333333 0.3768518513888889 0.5078125 0.3763888888888889 0.5125 0.3699074069444444 0.5130208333333334 0.35787037083333334 0.50859375 0.34907407361111115 0.50234375 0.34907407361111115
3 0.5950520833333334 0.42592592638888893 0.5901041666666667 0.4337962958333333 0.5901041666666667 0.4449074069444444 0.5924479166666666 0.4509259263888889 0.5994791666666667 0.4532407402777778 0.6041666666666666 0.4476851847222222 0.6052083333333333 0.4365740736111111 0.6002604166666666 0.42592592638888893 0.5950520833333334 0.42592592638888893
3 0.55703125 0.5259259263888889 0.55 0.5328703708333333 0.5489583333333333 0.5458333333333333 0.5533854166666666 0.5546296291666667 0.5588541666666667 0.5550925930555556 0.5635416666666667 0.5495370375 0.5645833333333333 0.5365740736111111 0.5611979166666666 0.5287037041666667 0.55703125 0.5259259263888889
1 0.3046875 0.4949074069444444 0.30911458333333336 0.48055555555555557 0.32265625 0.46851851805555556 0.32708333333333334 0.46064814861111114 0.32447916666666665 0.4495370375 0.325 0.43472222222222223 0.32135416666666666 0.4310185180555555 0.31875 0.4199074069444444 0.3104166666666667 0.40601851805555556 0.31197916666666664 0.3884259263888889 0.30833333333333335 0.37175925972222224 0.31015625 0.3601851847222222 0.31484375 0.3601851847222222 0.31953125 0.3675925930555556 0.3260416666666667 0.3560185180555555 0.3229166666666667 0.34212962916666667 0.3138020833333333 0.3240740736111111 0.3020833333333333 0.3263888888888889 0.2989583333333333 0.2995370375 0.2947916666666667 0.29490740694444445 0.28802083333333334 0.27453703749999997 0.28229166666666666 0.2652777777777778 0.2796875 0.24398148194444444 0.2760416666666667 0.23657407361111113 0.27109375 0.23148148194444443 0.2591145833333333 0.22962962916666668 0.25416666666666665 0.20972222222222223 0.25 0.20231481527777775 0.246875 0.18194444444444444 0.23932291666666666 0.17037037083333334 0.23046875 0.16944444444444445 0.22317708333333333 0.1759259263888889 0.21979166666666666 0.1875 0.23020833333333332 0.2504629625 0.221875 0.2782407402777778 0.2203125 0.28657407361111115 0.22239583333333332 0.29305555555555557 0.2203125 0.30046296250000004 0.22395833333333334 0.3050925930555555 0.22604166666666667 0.3254629625 0.23072916666666668 0.3347222222222222 0.23541666666666666 0.3560185180555555 0.240625 0.36898148194444447 0.2359375 0.38472222222222224 0.24114583333333334 0.4097222222222222 0.24765625 0.42037037083333334 0.25494791666666666 0.42314814861111116 0.25677083333333334 0.4300925930555556 0.2557291666666667 0.4384259263888889 0.24713541666666666 0.44722222222222224 0.24114583333333334 0.46064814861111114 0.2484375 0.47824074027777774 0.25052083333333336 0.49583333333333335 0.26015625 0.5138888888888888 0.2677083333333333 0.5189814819444445 0.27786458333333336 0.5046296291666666 0.28828125 0.5064814819444444 0.2986979166666667 0.5018518513888889 0.3046875 0.4949074069444444
0 0.7731770833333333 0.751851851388889 0.7708333333333334 0.7578703708333333 0.7713541666666667 0.7699074069444445 0.77734375 0.7787037041666666 0.7822916666666667 0.7791666666666667 0.7875 0.7708333333333334 0.7869791666666667 0.7578703708333333 0.7809895833333333 0.75 0.7731770833333333 0.751851851388889