3 0.18307291666666667 0.7305555555555555 0.175 0.7402777777777778 0.17395833333333333 0.7486111111111111 0.17838541666666666 0.7601851847222223 0.1859375 0.7606481486111111 0.19166666666666668 0.7532407402777779 0.19322916666666667 0.7412037041666666 0.18932291666666667 0.7324074069444445 0.18307291666666667 0.7305555555555555
3 0.18151041666666667 0.851851851388889 0.17213541666666668 0.8546296291666667 0.16822916666666668 0.8643518513888889 0.16875 0.8763888888888889 0.17213541666666668 0.8824074069444445 0.17708333333333334 0.8837962958333334 0.18255208333333334 0.8805555555555555 0.18697916666666667 0.8689814819444444 0.1859375 0.8578703708333333 0.18151041666666667 0.851851851388889
3 0.17786458333333333 0.9141906736111111 0.1703125 0.9211351180555555 0.16770833333333332 0.9331721555555555 0.17161458333333332 0.9456721555555556 0.17708333333333334 0.9461351180555555 0.18307291666666667 0.9419684513888888 0.18645833333333334 0.9313203041666667 0.18541666666666667 0.9211351180555555 0.17786458333333333 0.9141906736111111
3 0.5019946569444445 0.8928979097222222 0.49652590694444443 0.9026201319444443 0.49652590694444443 0.9155830944444444 0.5009529902777777 0.9243793902777778 0.5074634069444445 0.9248423541666666 0.5126717402777777 0.9137312430555555 0.5126717402777777 0.9026201319444443 0.5092863236111111 0.8947497611111112 0.5019946569444445 0.8928979097222222
3 0.7829030041666667 0.7472222222222222 0.7805592541666666 0.7523148152777778 0.7816009208333333 0.7662037041666666 0.7870696708333333 0.773148148611111 0.7930592541666667 0.7726851847222223 0.7977467541666666 0.7634259263888888 0.7961842541666666 0.7504629625000001 0.7901946708333333 0.7444444444444445 0.7829030041666667 0.7472222222222222
3 0.8096354166666667 0.7928761513888888 0.8028645833333333 0.7956539291666667 0.8 0.8025983736111111 0.8015625 0.8155613375 0.8044270833333333 0.8206539291666666 0.8119791666666667 0.8220428180555555 0.8153645833333333 0.8197280041666667 0.8171875 0.8127835597222222 0.815625 0.7979687444444445 0.8096354166666667 0.7928761513888888
3 0.5252604166666667 0.5981481486111111 0.5203125 0.6069444444444444 0.5208333333333334 0.6208333333333333 0.5247395833333334 0.6259259263888889 0.5307291666666667 0.6254629625 0.5348958333333333 0.6180555555555556 0.5354166666666667 0.6069444444444444 0.5315104166666667 0.5990740736111111 0.5252604166666667 0.5981481486111111
3 0.7678093277777778 0.17870370416666664 0.7610384944444445 0.18148148194444444 0.7566114111111111 0.19583333333333333 0.7610384944444445 0.20740740694444446 0.7659864111111111 0.20787037083333332 0.7714551611111111 0.20370370416666667 0.7737989111111111 0.19675925972222222 0.7732780777777778 0.18472222222222223 0.7678093277777778 0.17870370416666664
3 0.6876008361111111 0.125 0.6792675027777778 0.12870370416666668 0.6758820861111111 0.1393518513888889 0.6764029194444444 0.14768518472222222 0.6792675027777778 0.15370370416666668 0.6852570861111111 0.15509259305555556 0.6904654194444445 0.1495370375 0.6925487527777778 0.14120370416666667 0.6915070861111111 0.13101851805555556 0.6876008361111111 0.125
3 0.4940104166666667 0.09657229583333334 0.4890625 0.10259081527777777 0.48802083333333335 0.11647970416666667 0.49192708333333335 0.125276 0.4984375 0.12666488888888888 0.5026041666666666 0.12110933333333332 0.503125 0.10536859305555556 0.5002604166666667 0.09842414861111111 0.4940104166666667 0.09657229583333334
0 0.19105358194444447 0.060484215277777774 0.18558483194444444 0.06928051111111111 0.18610566527777778 0.0831694 0.19053274861111114 0.09196569583333333 0.19808483194444446 0.09242865972222222 0.20381399861111113 0.08502125138888889 0.2032931652777778 0.0702064375 0.1967827486111111 0.060484215277777774 0.19105358194444447 0.060484215277777774
1 0.5333333333333333 0.35694444444444445 0.5380208333333333 0.3375 0.5380208333333333 0.3282407402777778 0.5354166666666667 0.32083333333333336 0.5411458333333333 0.29305555555555557 0.5356770833333333 0.2768518513888889 0.5205729166666667 0.26851851805555554 0.5138020833333333 0.2611111111111111 0.5072916666666667 0.28101851805555556 0.5002604166666667 0.28888888888888886 0.496875 0.28657407361111115 0.4984375 0.2791666666666667 0.4940104166666667 0.2722222222222222 0.4830729166666667 0.2657407402777778 0.47994791666666664 0.2657407402777778 0.47890625 0.2722222222222222 0.4796875 0.2578703708333333 0.4747395833333333 0.24166666666666667 0.46171875 0.22962962916666668 0.45807291666666666 0.22962962916666668 0.4549479166666667 0.23518518472222225 0.44817708333333334 0.2231481486111111 0.44192708333333336 0.21944444444444444 0.43645833333333334 0.20972222222222223 0.4393229166666667 0.1953703708333333 0.4356770833333333 0.19351851805555556 0.4315104166666667 0.20833333333333334 0.42916666666666664 0.19490740694444447 0.4348958333333333 0.1893518513888889 0.41953125 0.17685185138888887 0.4171875 0.17916666666666667 0.41875 0.1884259263888889 0.4158854166666667 0.19907407361111112 0.40859375 0.19166666666666668 0.4044270833333333 0.19629629583333336 0.3966145833333333 0.19351851805555556 0.39296875 0.2 0.3841145833333333 0.19629629583333336 0.38359375 0.18703703749999998 0.39375 0.18194444444444444 0.3888020833333333 0.17870370416666664 0.37786458333333334 0.18703703749999998 0.37265625 0.18703703749999998 0.35703125 0.1731481486111111 0.34791666666666665 0.18194444444444444 0.3453125 0.19305555555555556 0.3453125 0.20416666666666666 0.34739583333333335 0.20972222222222223 0.3765625 0.2375 0.37864583333333335 0.24398148194444444 0.3723958333333333 0.25231481527777777 0.3731770833333333 0.2611111111111111 0.3768229166666667 0.2648148152777778 0.38203125 0.2638888888888889 0.38255208333333335 0.2731481486111111 0.39296875 0.27407407361111114 0.3953125 0.2782407402777778 0.39375 0.2875 0.396875 0.29398148194444446 0.38958333333333334 0.30694444444444446 0.3924479166666667 0.30833333333333335 0.40182291666666664 0.2972222222222222 0.41432291666666665 0.31666666666666665 0.42213541666666665 0.3203703708333333 0.4239583333333333 0.3282407402777778 0.41875 0.3402777777777778 0.41875 0.34768518472222226 0.43046875 0.3648148152777778 0.43828125 0.3685185180555555 0.44296875 0.3638888888888889 0.446875 0.3495370375 0.4453125 0.3402777777777778 0.4471354166666667 0.33518518472222225 0.4549479166666667 0.3379629625 0.45729166666666665 0.34212962916666667 0.4557291666666667 0.3495370375 0.45755208333333336 0.3527777777777778 0.4669270833333333 0.3546296291666667 0.4747395833333333 0.3518518513888889 0.48411458333333335 0.34351851805555556 0.4861979166666667 0.3379629625 0.48802083333333335 0.34212962916666667 0.48489583333333336 0.35231481527777775 0.484375 0.36435185138888887 0.4901041666666667 0.37824074027777776 0.4986979166666667 0.3824074069444444 0.51015625 0.3972222222222222 0.515625 0.3976851847222222 0.5177083333333333 0.3763888888888889 0.5221354166666666 0.36666666666666664 0.5283854166666667 0.3648148152777778 0.5333333333333333 0.35694444444444445