3 0.6549479166666666 0.26203703749999996 0.6473958333333333 0.2699074069444445 0.646875 0.2791666666666667 0.6513020833333333 0.28240740694444444 0.653125 0.2902777777777778 0.6557291666666667 0.2921296291666667 0.6619791666666667 0.28657407361111115 0.6635416666666667 0.27361111111111114 0.6596354166666667 0.2638888888888889 0.6549479166666666 0.26203703749999996
3 0.6549479166666666 0.2925925930555555 0.6494791666666667 0.31527777777777777 0.65078125 0.32129629583333336 0.6572916666666667 0.32083333333333336 0.6619791666666667 0.31527777777777777 0.6630208333333333 0.3060185180555556 0.6591145833333333 0.29351851805555557 0.6549479166666666 0.2925925930555555
3 0.6486979166666667 0.33981481527777774 0.6463541666666667 0.3550925930555555 0.6473958333333333 0.3625 0.659375 0.36342592638888893 0.6614583333333334 0.3560185180555555 0.6598958333333333 0.34305555555555556 0.65546875 0.3379629625 0.6486979166666667 0.33981481527777774
3 0.6596354166666667 0.36666666666666664 0.6552083333333333 0.3736111111111111 0.6515625 0.3902777777777778 0.6635416666666667 0.3958333333333333 0.6692708333333334 0.3902777777777778 0.6708333333333333 0.37916666666666665 0.6674479166666667 0.36944444444444446 0.6596354166666667 0.36666666666666664
3 0.63984375 0.3638888888888889 0.6315104166666666 0.3611111111111111 0.6328125 0.3754629625 0.640625 0.37916666666666665 0.6458333333333334 0.36898148194444447 0.6447916666666667 0.35879629583333333 0.6434895833333333 0.3574074069444444 0.63984375 0.3638888888888889
3 0.63125 0.3976851847222222 0.6317708333333333 0.4115740736111111 0.6361979166666667 0.41759259305555557 0.640625 0.4171296291666666 0.646875 0.40694444444444444 0.646875 0.39675925972222226 0.6434895833333333 0.3907407402777778 0.63125 0.3976851847222222
3 0.6393229166666666 0.42777777777777776 0.6348958333333333 0.4356481486111111 0.6348958333333333 0.44583333333333336 0.63984375 0.45462962916666666 0.6453125 0.45416666666666666 0.6505208333333333 0.44583333333333336 0.65 0.43472222222222223 0.64609375 0.42777777777777776 0.6393229166666666 0.42777777777777776
3 0.6216145833333333 0.44722222222222224 0.6161458333333333 0.4495370375 0.6135416666666667 0.4671296291666666 0.6153645833333333 0.4740740736111111 0.6197916666666666 0.4754629625 0.62421875 0.47314814861111115 0.6276041666666666 0.4634259263888889 0.6270833333333333 0.45416666666666666 0.6216145833333333 0.44722222222222224
3 0.5841145833333333 0.4287037041666667 0.5802083333333333 0.4375 0.5807291666666666 0.44675925972222225 0.5846354166666666 0.45370370416666667 0.5901041666666667 0.45416666666666666 0.5942708333333333 0.44675925972222225 0.5947916666666667 0.43287037083333335 0.5893229166666667 0.42685185138888887 0.5841145833333333 0.4287037041666667
3 0.5768229166666666 0.38425925972222225 0.5734375 0.39120370416666667 0.5739583333333333 0.40509259305555556 0.5768229166666666 0.4101851847222222 0.5838541666666667 0.41064814861111115 0.5890625 0.39861111111111114 0.5885416666666666 0.39305555555555555 0.58359375 0.38425925972222225 0.5768229166666666 0.38425925972222225
0 0.6018229166666667 0.48703703750000005 0.5973958333333333 0.49583333333333335 0.5979166666666667 0.5069444444444444 0.60234375 0.5138888888888888 0.6078125 0.5143518513888888 0.6130208333333333 0.5069444444444444 0.6130208333333333 0.4949074069444444 0.6091145833333333 0.48703703750000005 0.6018229166666667 0.48703703750000005
1 0.6322916666666667 0.39120370416666667 0.6307291666666667 0.3837962958333333 0.6328125 0.3662037041666667 0.646875 0.3560185180555555 0.6473958333333333 0.33379629583333337 0.64375 0.3263888888888889 0.6494791666666667 0.32083333333333336 0.6520833333333333 0.3060185180555556 0.6572916666666667 0.30046296250000004 0.6588541666666666 0.2791666666666667 0.64765625 0.2777777777777778 0.64375 0.27268518472222225 0.6484375 0.2393518513888889 0.6572916666666667 0.21620370416666665 0.6583333333333333 0.19583333333333333 0.6526041666666667 0.1884259263888889 0.6552083333333333 0.16712962916666665 0.6580729166666667 0.1638888888888889 0.678125 0.16064814861111112 0.6802083333333333 0.12824074027777776 0.6828125 0.11898148194444445 0.6643229166666667 0.1111111111111111 0.6619791666666667 0.10509259305555556 0.6625 0.09861111111111111 0.65703125 0.09351851805555556 0.6393229166666666 0.09166666666666666 0.6364583333333333 0.10138888888888889 0.6315104166666666 0.10740740694444444 0.6119791666666666 0.10509259305555556 0.6130208333333333 0.11990740694444443 0.6109375 0.1375 0.6080729166666666 0.14444444444444443 0.6036458333333333 0.14675925972222223 0.61015625 0.15370370416666668 0.62734375 0.16111111111111112 0.6291666666666667 0.16527777777777777 0.628125 0.1773148152777778 0.62421875 0.18333333333333332 0.6158854166666666 0.18611111111111112 0.6080729166666666 0.1981481486111111 0.6 0.22453703749999998 0.5958333333333333 0.24027777777777778 0.6010416666666667 0.2643518513888889 0.6 0.27361111111111114 0.59609375 0.27962962916666667 0.59140625 0.2638888888888889 0.58046875 0.26018518472222224 0.5765625 0.2652777777777778 0.5729166666666666 0.2847222222222222 0.5729166666666666 0.3013888888888889 0.5763020833333333 0.30740740694444446 0.5875 0.3143518513888889 0.5838541666666667 0.33194444444444443 0.5854166666666667 0.3495370375 0.5838541666666667 0.36342592638888893 0.5877604166666667 0.36666666666666664 0.5924479166666666 0.3601851847222222 0.5953125 0.36342592638888893 0.5895833333333333 0.3902777777777778 0.5916666666666667 0.4013888888888889 0.5963541666666666 0.40324074027777773 0.59375 0.4134259263888889 0.5942708333333333 0.4384259263888889 0.590625 0.47453703750000004 0.5997395833333333 0.48703703750000005 0.6098958333333333 0.4865740736111111 0.6140625 0.47453703750000004 0.6239583333333333 0.40324074027777773 0.6283854166666667 0.4 0.6322916666666667 0.39120370416666667