2 0.6549479171875 0.26203703749999996 0.6473958328125 0.2699074078125 0.646875 0.2791666671875 0.6513020828125 0.2824074078125 0.653125 0.290277778125 0.6557291671875001 0.2921296296875 0.6619791671875 0.2865740734375 0.6635416671875001 0.2736111109375 0.6596354171875001 0.2638888890625 0.6549479171875 0.26203703749999996
2 0.6549479171875 0.2925925921875 0.6494791671875 0.315277778125 0.65078125 0.321296296875 0.6572916671875 0.32083333281250004 0.6619791671875 0.315277778125 0.6630208328125 0.30601851875 0.6591145828125 0.29351851875 0.6549479171875 0.2925925921875
2 0.6486979171875 0.3398148140625 0.6463541671875 0.3550925921875 0.6473958328125 0.3625 0.659375 0.3634259265625 0.6614583328125 0.35601851875 0.6598958328125 0.34305555625 0.65546875 0.3379629625 0.6486979171875 0.3398148140625
2 0.6596354171875001 0.36666666718749996 0.6552083328125 0.3736111109375 0.6515625 0.39027777812500003 0.6635416671875001 0.3958333328125 0.6692708328125 0.39027777812500003 0.6708333328125 0.3791666671875 0.6674479171875001 0.36944444375 0.6596354171875001 0.36666666718749996
2 0.63984375 0.3638888890625 0.6315104171875 0.3611111109375 0.6328125 0.3754629625 0.640625 0.3791666671875 0.6458333328125 0.36898148124999997 0.6447916671875 0.358796296875 0.6434895828125 0.3574074078125 0.63984375 0.3638888890625
2 0.63125 0.3976851859375 0.6317708328125 0.41157407343749997 0.6361979171875001 0.4175925921875 0.640625 0.4171296296875 0.646875 0.40694444374999994 0.646875 0.396759259375 0.6434895828125 0.39074074062499997 0.63125 0.3976851859375
2 0.6393229171875 0.427777778125 0.6348958328125 0.4356481484375 0.6348958328125 0.4458333328125 0.63984375 0.4546296296875 0.6453125 0.45416666718750004 0.6505208328125 0.4458333328125 0.65 0.434722221875 0.64609375 0.427777778125 0.6393229171875 0.427777778125
2 0.6216145828124999 0.447222221875 0.6161458328125 0.4495370375 0.6135416671875 0.4671296296875 0.6153645828125 0.47407407343749997 0.6197916671875 0.4754629625 0.62421875 0.4731481484375 0.6276041671875 0.46342592656250003 0.6270833328125 0.45416666718750004 0.6216145828124999 0.447222221875
2 0.5841145828125 0.42870370312499995 0.5802083328125 0.4375 0.5807291671875 0.446759259375 0.5846354171875 0.45370370312499997 0.5901041671875 0.45416666718750004 0.5942708328124999 0.446759259375 0.5947916671875 0.4328703703125 0.5893229171875001 0.4268518515625 0.5841145828125 0.42870370312499995
2 0.5768229171875 0.384259259375 0.5734375 0.391203703125 0.5739583328125 0.4050925921875 0.5768229171875 0.41018518593750003 0.5838541671875 0.4106481484375 0.5890625 0.3986111109375 0.5885416671875 0.39305555625 0.58359375 0.384259259375 0.5768229171875 0.384259259375
0 0.6018229171875 0.48703703750000005 0.5973958328125 0.49583333281249997 0.5979166671875 0.5069444437499999 0.60234375 0.5138888890625 0.6078125 0.5143518515625 0.6130208328125 0.5069444437499999 0.6130208328125 0.49490740781250003 0.6091145828125 0.48703703750000005 0.6018229171875 0.48703703750000005
1 0.6322916671875001 0.391203703125 0.6307291671875 0.383796296875 0.6328125 0.366203703125 0.646875 0.35601851875 0.6473958328125 0.333796296875 0.64375 0.3263888890625 0.6494791671875 0.32083333281250004 0.6520833328125 0.30601851875 0.6572916671875 0.30046296250000004 0.6588541671875 0.2791666671875 0.64765625 0.27777777812500004 0.64375 0.2726851859375 0.6484375 0.2393518515625 0.6572916671875 0.216203703125 0.6583333328125 0.19583333281249998 0.6526041671875 0.18842592656249998 0.6552083328125 0.1671296296875 0.6580729171875 0.16388888906250001 0.678125 0.1606481484375 0.6802083328124999 0.128240740625 0.6828125 0.11898148125 0.6643229171875 0.1111111109375 0.6619791671875 0.1050925921875 0.6625 0.0986111109375 0.65703125 0.09351851875 0.6393229171875 0.0916666671875 0.6364583328125 0.10138888906250001 0.6315104171875 0.1074074078125 0.6119791671875 0.1050925921875 0.6130208328125 0.1199074078125 0.6109375 0.1375 0.6080729171875 0.14444444375 0.6036458328125 0.146759259375 0.61015625 0.15370370312499998 0.62734375 0.1611111109375 0.6291666671875 0.165277778125 0.628125 0.1773148140625 0.62421875 0.1833333328125 0.6158854171875 0.1861111109375 0.6080729171875 0.1981481484375 0.6 0.22453703749999998 0.5958333328125 0.240277778125 0.6010416671875001 0.26435185156249996 0.6 0.2736111109375 0.59609375 0.2796296296875 0.59140625 0.2638888890625 0.58046875 0.2601851859375 0.5765625 0.26527777812500003 0.5729166671875 0.28472222187499996 0.5729166671875 0.3013888890625 0.5763020828125 0.30740740781250003 0.5875 0.3143518515625 0.5838541671875 0.33194444375 0.5854166671875001 0.3495370375 0.5838541671875 0.3634259265625 0.5877604171875 0.36666666718749996 0.5924479171875 0.3601851859375 0.5953125 0.3634259265625 0.5895833328125 0.39027777812500003 0.5916666671875 0.40138888906250003 0.5963541671875 0.403240740625 0.59375 0.41342592656250005 0.5942708328124999 0.4384259265625 0.590625 0.47453703750000004 0.5997395828125 0.48703703750000005 0.6098958328124999 0.4865740734375 0.6140625 0.47453703750000004 0.6239583328125 0.403240740625 0.6283854171875001 0.4 0.6322916671875001 0.391203703125