2 0.18671875 0.3120370375 0.1817708328125 0.31805555625 0.18020833281249998 0.32824074062499997 0.18307291718750002 0.3379629625 0.190625 0.3421296296875 0.1979166671875 0.3356481484375 0.1989583328125 0.3236111109375 0.1950520828125 0.3148148140625 0.18671875 0.3120370375
2 0.50859375 0.097222221875 0.5036458328125 0.103240740625 0.5026041671875 0.11805555625 0.50703125 0.1268518515625 0.5125 0.1273148140625 0.5171875 0.1208333328125 0.5182291671875 0.10787037031249999 0.51484375 0.0990740734375 0.50859375 0.097222221875
2 0.5528645828125 0.2148148140625 0.5473958328124999 0.2208333328125 0.5458333328125 0.2328703703125 0.5497395828125 0.24259259218749998 0.5546875 0.24398148125 0.5604166671875 0.2375 0.5619791671875001 0.23009259218749997 0.5580729171875001 0.2166666671875 0.5528645828125 0.2148148140625
2 0.54921875 0.3583333328125 0.54375 0.3671296296875 0.54375 0.378240740625 0.5471354171875 0.3851851859375 0.5541666671875001 0.3856481484375 0.5588541671875 0.378240740625 0.559375 0.36805555624999997 0.5549479171875 0.35925925937500003 0.54921875 0.3583333328125
2 0.60703125 0.46481481406249997 0.6015625 0.47083333281249995 0.6 0.4828703703125 0.60390625 0.49259259218749996 0.6083333328125 0.49398148124999997 0.6145833328125 0.48842592656250006 0.6161458328125 0.47453703750000004 0.61328125 0.4675925921875 0.60703125 0.46481481406249997
2 0.5127604171875 0.45277777812500003 0.5067708328125 0.4606481484375 0.50625 0.46805555625000006 0.5078125 0.4763888890625 0.5140625 0.48194444374999995 0.5208333328125 0.4754629625 0.521875 0.4625 0.5184895828125 0.4546296296875 0.5127604171875 0.45277777812500003
2 0.52109375 0.4768518515625 0.5145833328125 0.48472222187499997 0.5140625 0.49583333281249997 0.51796875 0.5046296296875 0.5234375 0.5050925921875 0.5291666671875 0.4986111109375 0.5296875 0.4865740734375 0.5263020828125 0.4796296296875 0.52109375 0.4768518515625
2 0.4908854171875 0.5574074078125 0.48541666718750004 0.565277778125 0.4848958328125 0.5745370375000001 0.48984375 0.5851851859375 0.4953125 0.584722221875 0.5005208328124999 0.578240740625 0.5 0.565277778125 0.49713541718750004 0.5583333328125 0.4908854171875 0.5574074078125
2 0.49036458281249995 0.6268518515625 0.484375 0.6347222218749999 0.48333333281249996 0.64398148125 0.48671875 0.6537037031249999 0.4916666671875 0.6560185187500001 0.4984375 0.6495370375 0.4994791671875 0.6384259265625001 0.4955729171875 0.628703703125 0.49036458281249995 0.6268518515625
2 0.74140625 0.615740740625 0.7354166671875 0.6208333328125 0.7338541671875001 0.633796296875 0.7377604171875001 0.6425925921875 0.74375 0.64398148125 0.7494791671875001 0.6375 0.7505208328124999 0.6273148140625 0.74765625 0.61944444375 0.74140625 0.615740740625
2 0.5611979171875 0.9009259265624999 0.5549479171875 0.9018518515625 0.5505208328125 0.9115740734375001 0.5526041671875 0.928240740625 0.5583333328125 0.93194444375 0.5638020828125 0.9296296296875 0.5666666671875 0.921759259375 0.565625 0.9078703703125001 0.5611979171875 0.9009259265624999
1 0.2747395828125 0.6574074078125001 0.2770833328125 0.6495370375 0.275 0.6208333328125 0.2815104171875 0.6148148140624999 0.2877604171875 0.6148148140624999 0.2903645828125 0.6203703703125 0.29453125 0.6203703703125 0.2981770828125 0.6361111109375 0.3153645828125 0.63055555625 0.3372395828125 0.63055555625 0.3377604171875 0.6453703703125 0.3611979171875 0.64351851875 0.3684895828125 0.6324074078125 0.3734375 0.6356481484375001 0.37265625 0.6203703703125 0.3736979171875 0.625 0.3815104171875 0.6259259265625 0.39401041718749996 0.6175925921875 0.40026041718750005 0.60648148125 0.41119791718750004 0.609259259375 0.41302083281249996 0.60694444375 0.4125 0.5995370375 0.41588541718750005 0.5962962968750001 0.42005208281249995 0.597222221875 0.42369791718750005 0.60555555625 0.42760416718750005 0.5995370375 0.42760416718750005 0.5930555562500001 0.43151041718750005 0.5833333328125 0.46276041718750005 0.575 0.4671875 0.5615740734375 0.4661458328125 0.5458333328125 0.46276041718750005 0.5361111109375 0.43567708281249995 0.5388888890625 0.42994791718750003 0.5361111109375 0.42369791718750005 0.5259259265625 0.41171875 0.534259259375 0.40703125 0.5314814812499999 0.4049479171875 0.5231481484375 0.3981770828125 0.5259259265625 0.3888020828125 0.5111111109375 0.3841145828125 0.5120370375000001 0.37942708281250004 0.51944444375 0.3768229171875 0.5074074078125 0.3752604171875 0.5148148140625 0.3690104171875 0.521296296875 0.36484375 0.521296296875 0.3625 0.5097222218749999 0.35703125 0.503703703125 0.3377604171875 0.5046296296875 0.3299479171875 0.509259259375 0.3338541671875 0.521759259375 0.33151041718749996 0.5305555562500001 0.29765625 0.5361111109375 0.28828125 0.5583333328125 0.2794270828125 0.5648148140625 0.2747395828125 0.565740740625 0.2703125 0.5606481484375 0.2669270828125 0.5296296296875 0.2440104171875 0.5351851859375001 0.23932291718749998 0.5305555562500001 0.2338541671875 0.54305555625 0.2348958328125 0.5708333328124999 0.22760416718749998 0.578240740625 0.2270833328125 0.603240740625 0.23151041718749998 0.6231481484375 0.23958333281250002 0.6245370375 0.24322916718749998 0.6541666671875 0.2453125 0.6625 0.2479166671875 0.6643518515625 0.2580729171875 0.6583333328125 0.2627604171875 0.6583333328125 0.2684895828125 0.6638888890625 0.2747395828125 0.6574074078125001
0 0.59140625 0.12592592656249998 0.5846354171875 0.127777778125 0.5807291671875 0.13935185156250002 0.5822916671875 0.1504629625 0.5890625 0.15601851875 0.5924479171875 0.1546296296875 0.596875 0.1449074078125 0.5963541671875 0.13287037031249999 0.59140625 0.12592592656249998