1 0.284375 0.48194444374999995 0.2833333328125 0.47453703750000004 0.2903645828125 0.471296296875 0.2981770828125 0.44907407343749994 0.30390625 0.45185185156249996 0.32473958281250004 0.4074074078125 0.3294270828125 0.40833333281249995 0.3377604171875 0.41851851875 0.35 0.3986111109375 0.3515625 0.383796296875 0.34921875 0.377777778125 0.34140625 0.36759259218749996 0.33828125 0.36759259218749996 0.33359375 0.378703703125 0.3307291671875 0.36990740781250003 0.33151041718749996 0.3611111109375 0.33671875 0.352777778125 0.3440104171875 0.35 0.3463541671875 0.34305555625 0.346875 0.308796296875 0.34140625 0.3009259265625 0.3369791671875 0.30046296250000004 0.340625 0.29398148125 0.3385416671875 0.2865740734375 0.34140625 0.272222221875 0.3434895828125 0.27870370312500004 0.3533854171875 0.2870370375 0.36276041718749996 0.2851851859375 0.378125 0.24398148125 0.3736979171875 0.23518518593749999 0.36171875 0.22407407343750002 0.3578125 0.20231481406250001 0.34609375 0.1879629625 0.3388020828125 0.184259259375 0.3330729171875 0.1879629625 0.31796875 0.172222221875 0.3138020828125 0.17314814843749998 0.3078125 0.178240740625 0.29635416718749996 0.2125 0.2958333328125 0.2171296296875 0.30130208281250004 0.22685185156249998 0.31197916718749996 0.2384259265625 0.31197916718749996 0.246759259375 0.3075520828125 0.253703703125 0.30234375 0.2546296296875 0.2979166671875 0.26435185156249996 0.2979166671875 0.2726851859375 0.3010416671875 0.2800925921875 0.2966145828125 0.290740740625 0.2903645828125 0.29814814843750004 0.28515625 0.29444444375 0.2765625 0.30694444375 0.2645833328125 0.346759259375 0.2526041671875 0.3736111109375 0.25052083281250004 0.38194444375000003 0.2526041671875 0.39305555625 0.25 0.4050925921875 0.2453125 0.4106481484375 0.2479166671875 0.4263888890625 0.2427083328125 0.4393518515625 0.2427083328125 0.4606481484375 0.23958333281250002 0.47453703750000004 0.228125 0.5041666671875 0.2265625 0.516203703125 0.2299479171875 0.5240740734375 0.23567708281250002 0.5324074078125001 0.24739583281250002 0.534722221875 0.253125 0.5254629625 0.2669270828125 0.4861111109375 0.28203125 0.4888888890625 0.284375 0.48194444374999995
2 0.1690104171875 0.0509259265625 0.16458333281249998 0.058796296875 0.16458333281249998 0.07083333281250001 0.1690104171875 0.07962962968750001 0.1755208328125 0.08194444375 0.1817708328125 0.0754629625 0.1822916671875 0.0625 0.17630208281249998 0.051851851562499995 0.1690104171875 0.0509259265625
2 0.23515625 0.05 0.2322916671875 0.0615740734375 0.23333333281250002 0.0699074078125 0.2377604171875 0.077777778125 0.24479166718749998 0.0791666671875 0.25 0.07083333281250001 0.24895833281250002 0.05601851875 0.24296875 0.048148148437499996 0.23515625 0.05
2 0.26640625 0.10555555624999999 0.2619791671875 0.1125 0.2619791671875 0.1254629625 0.2669270828125 0.1351851859375 0.2723958328125 0.1365740734375 0.2786458328125 0.1300925921875 0.2786458328125 0.115277778125 0.2736979171875 0.10648148125000001 0.26640625 0.10555555624999999
2 0.3106770828125 0.0546296296875 0.30625 0.0634259265625 0.3067708328125 0.0754629625 0.3106770828125 0.08333333281250001 0.3177083328125 0.0856481484375 0.3234375 0.0773148140625 0.3229166671875 0.0634259265625 0.31796875 0.0546296296875 0.3106770828125 0.0546296296875
2 0.2153645828125 0.75648148125 0.2088541671875 0.7671296296875 0.20833333281250002 0.7754629625 0.21223958281250002 0.7851851859375001 0.21979166718749998 0.7865740734375 0.2265625 0.7773148140624999 0.2270833328125 0.765277778125 0.2221354171875 0.75648148125 0.2153645828125 0.75648148125
2 0.1768229171875 0.8361111109375001 0.1690104171875 0.8379629625 0.1640625 0.8486111109375001 0.16458333281249998 0.8625 0.1690104171875 0.86851851875 0.1729166671875 0.86898148125 0.17890625 0.865740740625 0.1833333328125 0.8523148140625001 0.18125 0.840277778125 0.1768229171875 0.8361111109375001
2 0.1658854171875 0.8953703703125001 0.1575520828125 0.897222221875 0.1526041671875 0.9106481484375 0.1536458328125 0.9226851859374999 0.1575520828125 0.9277777781250001 0.1619791671875 0.928240740625 0.16848958281249998 0.9231481484374999 0.17135416718750002 0.916203703125 0.17135416718750002 0.9041666671874999 0.1658854171875 0.8953703703125001
2 0.44713541718750005 0.352777778125 0.44322916718750005 0.358796296875 0.44322916718750005 0.371759259375 0.44713541718750005 0.3796296296875 0.4526041671875 0.38009259218749997 0.4578125 0.3726851859375 0.4583333328125 0.3625 0.45338541718750003 0.352777778125 0.44713541718750005 0.352777778125
2 0.50234375 0.3490740734375 0.49791666718750005 0.35694444375 0.49791666718750005 0.36898148124999997 0.5018229171875 0.3759259265625 0.5078125 0.3763888890625 0.5125 0.36990740781250003 0.5130208328125 0.3578703703125 0.50859375 0.3490740734375 0.50234375 0.3490740734375
2 0.55 0.5328703703125 0.5489583328125 0.5449074078125 0.5528645828125 0.553703703125 0.5583333328125 0.5550925921875 0.5640625 0.5476851859375 0.5645833328125 0.5365740734375 0.55703125 0.5259259265625 0.55 0.5328703703125
2 0.5966145828125 0.425 0.5911458328125 0.43101851875 0.5895833328125 0.440277778125 0.59296875 0.4509259265625 0.5984375 0.45324074062499997 0.6041666671875 0.44768518593750006 0.6057291671875 0.4393518515625 0.6013020828125 0.4268518515625 0.5966145828125 0.425
0 0.77421875 0.7509259265625 0.7708333328125 0.7578703703125 0.7708333328125 0.7671296296875 0.7763020828125 0.777777778125 0.7817708328124999 0.7791666671875 0.7869791671875 0.7726851859375 0.7875 0.7597222218749999 0.7809895828125 0.75 0.77421875 0.7509259265625