4 0.43203125 0.603125 0.0484375 0.02265625
4 0.4796875 0.47421875 0.04609375 0.0203125
4 0.38203125 0.359375 0.03984375 0.01875
9 0.53125 0.2609375 0.0390625 0.01875
9 0.16953125 0.28828125 0.0390625 0.01796875
9 0.70703125 0.33515625 0.0390625 0.01875
9 0.596875 0.39609375 0.04296875 0.01953125
9 0.08984375 0.38828125 0.04609375 0.0203125
9 0.2296875 0.42890625 0.04375 0.0203125
9 0.38203125 0.4921875 0.04375 0.02109375
9 0.53203125 0.490625 0.04296875 0.02109375
9 0.6859375 0.4453125 0.04375 0.01953125
9 0.78984375 0.4796875 0.04375 0.02109375
9 0.93359375 0.496875 0.04453125 0.02109375
9 0.8890625 0.52109375 0.0453125 0.02109375
9 0.72421875 0.53828125 0.04140625 0.02109375