5 0.3140625 0.78046875 0.13125 0.1375
5 0.11171875 0.5859375 0.13984375 0.134375
5 0.440625 0.28828125 0.1265625 0.1390625
1 0.85 0.70234375 0.13203125 0.1328125
1 0.74296875 0.79765625 0.13671875 0.134375
1 0.4203125 0.8796875 0.13671875 0.1484375
1 0.21015625 0.89140625 0.1359375 0.146875
1 0.20703125 0.68828125 0.1390625 0.140625
9 0.11171875 0.38828125 0.14375 0.1453125
9 0.2125 0.290625 0.14453125 0.14453125
9 0.5453125 0.38203125 0.12890625 0.13671875
9 0.65625 0.290625 0.134375 0.1390625
9 0.75 0.4015625 0.134375 0.13671875
9 0.85859375 0.50859375 0.1515625 0.13671875
10 0.83125 0.28046875 0.1484375 0.134375
10 0.3328125 0.37265625 0.1359375 0.1359375
10 0.4390625 0.4875 0.12890625 0.12578125
10 0.63515625 0.4921875 0.13359375 0.13125
10 0.734375 0.596875 0.13125 0.1328125
10 0.534375 0.584375 0.128125 0.13359375
10 0.2234375 0.48828125 0.1328125 0.134375
10 0.3328125 0.58046875 0.134375 0.13359375
10 0.10234375 0.79296875 0.1484375 0.14453125
10 0.41484375 0.6890625 0.13203125 0.1359375
10 0.634375 0.69609375 0.1359375 0.1296875
10 0.528125 0.78046875 0.13203125 0.14765625
10 0.6390625 0.87578125 0.128125 0.13984375