1 0.47890625 0.24140625 0.13203125 0.13359375
1 0.20859375 0.38515625 0.13359375 0.1296875
1 0.48125 0.38359375 0.13203125 0.13125
1 0.48515625 0.5171875 0.125 0.12578125
1 0.48984375 0.92265625 0.13203125 0.1390625
1 0.9015625 0.36953125 0.13984375 0.13359375
1 0.903125 0.22734375 0.14140625 0.1375
2 0.7609375 0.515625 0.13359375 0.1328125
2 0.76796875 0.9171875 0.1359375 0.1375
6 0.35234375 0.921875 0.13359375 0.13671875
6 0.61875 0.37578125 0.13125 0.12890625
6 0.7609375 0.2328125 0.13203125 0.13359375
6 0.3375 0.24296875 0.1328125 0.1359375
6 0.33515625 0.10625 0.1359375 0.1375
10 0.75703125 0.0875 0.13671875 0.14140625
10 0.759375 0.375 0.134375 0.12890625
10 0.9 0.51328125 0.1359375 0.13203125
10 0.90703125 0.915625 0.13203125 0.13359375
10 0.7640625 0.7796875 0.134375 0.1265625
10 0.62265625 0.64765625 0.128125 0.13125
10 0.48671875 0.7828125 0.128125 0.12890625
10 0.34921875 0.7828125 0.13203125 0.134375
10 0.215625 0.78515625 0.13203125 0.12890625
10 0.08359375 0.7875 0.1296875 0.128125
10 0.07734375 0.6578125 0.13359375 0.1296875
10 0.21171875 0.65390625 0.1359375 0.13203125
10 0.2125 0.51796875 0.13359375 0.128125
10 0.34609375 0.51796875 0.13359375 0.13203125
9 0.89765625 0.07890625 0.140625 0.140625
9 0.61015625 0.09609375 0.1390625 0.14140625
9 0.471875 0.10390625 0.1328125 0.13984375
9 0.19296875 0.11171875 0.13984375 0.14140625
9 0.06875 0.25546875 0.13671875 0.1296875
9 0.075 0.3921875 0.1359375 0.1328125
9 0.34296875 0.38515625 0.13203125 0.13359375
9 0.0765625 0.52421875 0.13359375 0.1296875
9 0.61953125 0.5140625 0.13359375 0.1359375
9 0.3484375 0.6515625 0.12890625 0.12890625
9 0.48515625 0.65234375 0.13125 0.13125
9 0.76015625 0.65078125 0.1359375 0.1296875
9 0.89921875 0.64765625 0.1375 0.1328125
9 0.9046875 0.78203125 0.1328125 0.134375
9 0.6265625 0.7828125 0.1296875 0.13359375
9 0.21796875 0.9234375 0.13359375 0.1359375