1 0.04375 0.51796875 0.08671875 0.14765625
1 0.04921875 0.3703125 0.0984375 0.1359375
1 0.16875 0.50078125 0.146875 0.140625
1 0.2015625 0.37734375 0.1375 0.1296875
1 0.1734375 0.26015625 0.13125 0.121875
1 0.3234375 0.25234375 0.1140625 0.11796875
1 0.45 0.22890625 0.109375 0.1125
1 0.559375 0.2125 0.10546875 0.115625
1 0.6765625 0.2078125 0.10859375 0.1125
1 0.83828125 0.1984375 0.11015625 0.10078125
1 0.83828125 0.28984375 0.1125 0.11015625
1 0.72890625 0.30390625 0.11015625 0.11328125
1 0.90390625 0.4046875 0.12578125 0.1171875
1 0.75703125 0.41015625 0.1203125 0.12109375
1 0.64140625 0.41484375 0.1234375 0.121875
1 0.6109375 0.30234375 0.11328125 0.11640625
1 0.4828125 0.33515625 0.11796875 0.11875
1 0.50390625 0.4484375 0.1265625 0.1234375
1 0.35078125 0.36015625 0.128125 0.121875
1 0.3328125 0.47421875 0.134375 0.13203125