7 0.34637865625 0.5859210312500001 0.348801278125 0.5869129328125 0.357150715625 0.5871070171875 0.3627759609375 0.5872074515625 0.38246405 0.588145421875 0.39178047031249996 0.5907057515624999 0.40072691093749996 0.6028843625 0.40371634062500006 0.6053741296874999 0.41248581250000005 0.6034671031250001 0.43164019375 0.6001658765625 0.4483305640625 0.5990821796875 0.4553891140625 0.5929307078125 0.4657432375 0.5916576078125 0.4684958484375 0.59253575625 0.481027215625 0.606741446875 0.4892683625 0.6129342531249999 0.50444996875 0.6113759187500001 0.513758421875 0.5955389921875 0.5153713859375 0.5840567937500001 0.5171626125000001 0.5648550203125 0.5211367874999999 0.558948496875 0.5254432640625 0.5413149875000001 0.524683284375 0.515786953125 0.510916359375 0.4848380109375 0.5272606468750001 0.4446595203125 0.5561454546875 0.40799030937499997 0.5702357484375 0.3721857625 0.60427140625 0.29284651875 0.60990085 0.274288278125 0.6174247515625 0.25267642343749996 0.6216020531249999 0.2386391046875 0.628015696875 0.2186053234375 0.6319045078125 0.20112650156249998 0.6348184796874999 0.1804371984375 0.645333534375 0.154731790625 0.6376245890625001 0.1495949484375 0.6108679390625 0.13751119843749998 0.60199728125 0.1454996984375 0.5608072703125 0.28300887812500003 0.527389284375 0.3669892171875 0.4768009359375 0.44232218124999995 0.45235382656249995 0.4705170328125 0.42199567031249996 0.5014329531249999 0.384528696875 0.5234724578125001 0.3388106203125 0.5382524125 0.3366505453125 0.5700289609375 0.339851446875 0.5831591078125 0.34637865625 0.5859210312500001
9 0.1859375 0.1234375 0.021875 0.0265625
9 0.40859375 0.17109375 0.02109375 0.0296875
9 0.55234375 0.27578125 0.01953125 0.03515625
9 0.640625 0.50703125 0.0265625 0.0375
9 0.628125 0.675 0.02578125 0.03515625
9 0.778125 0.7546875 0.028125 0.040625
9 0.5640625 0.77421875 0.0296875 0.03828125
9 0.4703125 0.790625 0.02734375 0.03828125
9 0.3234375 0.78125 0.0296875 0.03515625
9 0.28125 0.5125 0.02734375 0.03515625
3 0.01314215 0.7981229109375 0.0435718359375 0.7989429296874999 0.113862590625 0.46007348124999997 0.10060332187500001 0.4433684984375 0.1172560171875 0.3544957390625 0.1322322359375 0.36336440625 0.175635390625 0.136134153125 0.162127675 0.0943451734375 0.160470090625 0.09541284375 0.15961199375 0.09391534375 0.1123096390625 0.31357913593750003 0.0807290046875 0.4627811484375 0.0411277921875 0.65061369375 0.01314215 0.7981229109375
0 0.10192026093749999 0.43613026093749996 0.1128747796875 0.45767195781250003 0.129586571875 0.3750096875 0.1176670625 0.36200766562500003 0.10192026093749999 0.43613026093749996
3 0.4669707234375 0.3306353125 0.4635424203125 0.33691115625 0.46274681093750003 0.3378185296875 0.46164031874999994 0.3381833671875 0.45816842031249994 0.34041268593749996 0.45510729687499996 0.343240646875 0.451042915625 0.35244734843750003 0.45095529218749997 0.3591705 0.45171171875000005 0.3651303078125 0.4547072859375 0.37415729531249997 0.45815162656249997 0.379851971875 0.46178790156250005 0.38120249687499996 0.47142230625000003 0.37948995937499996 0.47509571875 0.3766774171875 0.4802867203125 0.373973059375 0.4870524734375 0.36993723125 0.4885342171875 0.3623046875 0.4910137296875 0.35320084218750003 0.49477702656250006 0.3475175484375 0.496084815625 0.347978703125 0.5043681578125 0.3521201328125 0.5093057625 0.356119428125 0.5145179703125 0.360888284375 0.5225458703125 0.3625942015625 0.5278080265625 0.36060260624999996 0.53149241875 0.357427646875 0.5323596125 0.35450349062500003 0.5335609390625 0.34636809375 0.535465515625 0.3421852078125 0.534254609375 0.33707427968750003 0.5324691968749999 0.3301959171875 0.530730178125 0.32534939375 0.5218746984375 0.32102106406250003 0.5139190296875 0.31073082812499997 0.5241684140625 0.29633516875 0.5253924546875 0.271313178125 0.5064745703125 0.2575181828125 0.48331727343750003 0.2984183984375 0.45847693281249996 0.2784437140625 0.45327688750000006 0.30267665 0.4735449734375 0.32142857187499996 0.47751839374999994 0.32062251875 0.4728347265625 0.3228710515625 0.4669707234375 0.3306353125
3 0.38006064375 0.108858784375 0.510353478125 0.0992963671875 0.67690679375 0.08524278125 0.817234153125 0.07382617968750001 0.8229798546874999 0.0293596859375 0.7679722156250001 0.0330674515625 0.6655062453125 0.04156990625 0.5088830375 0.055825128125 0.3818109640625 0.06499586093750001 0.1702480421875 0.0816077171875 0.1701596640625 0.0838523734375 0.1795231796875 0.1276706921875 0.38006064375 0.108858784375
3 0.87174974375 0.3317765328125 0.8798309265625001 0.381283471875 0.866705678125 0.4125376703125 0.9327097625 0.8056316875 0.9612293281250001 0.7960913125 0.936453359375 0.6478745390625 0.829805996875 0.0396825390625 0.816151990625 0.0832883640625 0.854427384375 0.3469475234375 0.87174974375 0.3317765328125
3 0.037531292187499996 0.8336762921875 0.057602656249999995 0.8355582109374999 0.154651353125 0.8361759890625 0.204280415625 0.8369540265625 0.279002409375 0.8406940437499999 0.3868999171875 0.8444770125 0.517441521875 0.8476510828125001 0.6981587625000001 0.8463094390625001 0.9441668265625 0.8456731718749999 0.9352559093749999 0.799597846875 0.786893653125 0.8049354359375 0.570614015625 0.8102428296875 0.39347944375 0.8136970484375 0.235276371875 0.8071627343750001 0.014536809375000001 0.7972064953125 0.013516434375 0.792496615625 0.0108748609375 0.7996892375 0.037531292187499996 0.8336762921875
8 0.8675462828124999 0.3407460375 0.8527336859375 0.3492063484375 0.8642592125 0.40667401718749996 0.8766280343749999 0.3852491421875 0.8675462828124999 0.3407460375