9 0.55234375 0.971875 0.0390625 0.05625
9 0.36171875 0.92265625 0.03984375 0.06484375
9 0.6859375 0.93515625 0.03984375 0.06484375
4 0.6609375 0.56484375 0.0390625 0.0609375
9 0.69375 0.803125 0.04296875 0.0625
9 0.95546875 0.76015625 0.0421875 0.06171875
9 0.3895061734375 0.38240740781250004 0.399382715625 0.3981481484375 0.41419753125 0.397222221875 0.42283950625 0.3879629625 0.42469135781249995 0.3796296296875 0.4216049375 0.33703703749999997 0.41234567968749997 0.31944444375000003 0.400617284375 0.3166666671875 0.3895061734375 0.3240740734375 0.38703703749999996 0.33055555625 0.3895061734375 0.38240740781250004
9 0.13888888906250002 0.9333333328125001 0.1512345671875 0.9425925921875 0.1648148140625 0.9361111109375001 0.173456790625 0.9166666671874999 0.172222221875 0.9 0.16728395000000001 0.890740740625 0.1604938265625 0.8861111109375001 0.1530864203125 0.8861111109375001 0.13888888906250002 0.9 0.1351851859375 0.9148148140625001 0.13888888906250002 0.9333333328125001
3 0.22407407343750002 1 0.0697530859375 0.9638888890624999 0 0.9425925921875 0 1 0.22407407343750002 1
3 1 1 0.9993827156249999 0.0009259265625 0.995061728125 0.013888889062500001 0.9956790124999999 0.1203703703125 0.9895061734375 0.20833333281250002 0.9901234562499999 0.25648148125 0.9870370375 0.29814814843750004 0.98580246875 0.4888888890625 0.9820987656250001 0.5990740734375 0.98271605 0.7740740734375 0.9740740734375001 0.872222221875 0.9703703703125001 1 1 1
3 0 0 0.0006172843750000001 0.6111111109375 0.008641975 0.5722222218749999 0.0154320984375 0.5203703703125 0.0203703703125 0.4620370375 0.054320987499999994 0.177777778125 0.06728395000000001 0.08055555625000001 0.08148148125 0 0 0