9 0.77734375 0.75703125 0.03125 0.04453125
9 0.56328125 0.77421875 0.0296875 0.03984375
9 0.6421875 0.50859375 0.025 0.0375
9 0.32421875 0.7828125 0.0296875 0.04375
9 0.47265625 0.79296875 0.03203125 0.0390625
9 0.18515625 0.12421875 0.02734375 0.03203125
9 0.553125 0.27734375 0.021875 0.034375
9 0.62890625 0.675 0.02578125 0.03828125
9 0.284375 0.51875 0.03046875 0.04375
9 0.41328125 0.1734375 0.02734375 0.0359375
3 0.450617284375 0.2898148140625 0.45370370312499997 0.30648148124999997 0.47345679062499996 0.322222221875 0.4574074078125 0.353703703125 0.45864197500000004 0.36666666718749996 0.46296296249999996 0.372222221875 0.46851851875 0.3768518515625 0.47283950625 0.3759259265625 0.480864196875 0.3648148140625 0.491975309375 0.33888888906250003 0.5203703703125 0.3611111109375 0.5240740734375 0.3611111109375 0.5296296296875 0.35 0.5296296296875 0.334259259375 0.50555555625 0.3148148140625 0.5209876546875 0.28611111093749997 0.5203703703125 0.272222221875 0.508024690625 0.26574074062499997 0.4882716046875 0.29907407343750003 0.4604938265625 0.27870370312500004 0.450617284375 0.2898148140625
7 0.51419753125 0.3879629625 0.477777778125 0.44166666718750003 0.47283950625 0.44444444375 0.46481481406249997 0.4379629625 0.45679012343750003 0.4546296296875 0.45432098749999994 0.46944444374999994 0.44444444375 0.478703703125 0.432098765625 0.4879629625 0.427777778125 0.4796296296875 0.4129629625 0.48425925937500003 0.4012345671875 0.497222221875 0.3987654328125 0.5175925921875 0.3888888890625 0.521296296875 0.38148148125 0.5148148140625 0.3759259265625 0.5148148140625 0.372222221875 0.5175925921875 0.3697530859375 0.5324074078125001 0.34012345625 0.5416666671875 0.33580246874999997 0.5509259265625001 0.3351851859375 0.5648148140625 0.341975309375 0.5824074078125 0.3567901234375 0.584259259375 0.37716049375 0.577777778125 0.399382715625 0.590740740625 0.40493827187500003 0.603703703125 0.41728395 0.60555555625 0.43518518593750005 0.5981481484375 0.44012345625 0.5740740734374999 0.45617283906250006 0.5694444437499999 0.458024690625 0.5731481484375001 0.45308642031249996 0.5898148140624999 0.46666666718750005 0.5888888890625 0.47592592656250005 0.5833333328125 0.4783950625 0.5851851859375 0.48148148125 0.603703703125 0.48703703750000005 0.6101851859375 0.4975308640625 0.6111111109375 0.5135802468749999 0.602777778125 0.5160493828125 0.5953703703125 0.5154320984375 0.5768518515625 0.50555555625 0.5611111109375 0.522222221875 0.5481481484375 0.52283950625 0.5351851859375001 0.5197530859375 0.50648148125 0.5111111109375 0.49444444374999996 0.5154320984375 0.477777778125 0.508641975 0.46944444374999994 0.540740740625 0.42129629687500003 0.5870370375 0.328703703125 0.6129629624999999 0.25555555625 0.6339506171875 0.16851851874999998 0.6339506171875 0.1574074078125 0.6234567906249999 0.147222221875 0.6024691359375 0.1416666671875 0.5827160499999999 0.2259259265625 0.5611111109375 0.2925925921875 0.51419753125 0.3879629625
3 0.867201921875 0.3417659046875 0.8788266124999999 0.39523948125 0.8679769 0.40105182656249994 0.93307516875 0.8055910609374999 0.96174940625 0.80675353125 0.8269029937499999 0.0325491328125 0.8145033234374999 0.0709106125 0.8602271078125 0.3510656578125 0.867201921875 0.3417659046875
3 0.9547192578124999 0.8009411859375 0.4393579734375 0.8102409375 0.183614778125 0.8055910609374999 0.0169942125 0.7928039015625 0.0162192328125 0.81372834375 0.0371436765625 0.823028096875 0.26266267499999996 0.8323278500000001 0.6873513734375 0.8369777265625 0.95006938125 0.8276779734374999 0.9547192578124999 0.8009411859375
3 0.1161915734375 0.4568503421875 0.1014669640625 0.4370883671875 0.12084144999999999 0.3545530640625 0.1324661390625 0.36617775468749997 0.181289840625 0.1243841890625 0.1634653140625 0.08369777187500001 0.1595904171875 0.0976474015625 0.013894295312499999 0.7928039015625 0.0084694390625 0.7939663703125001 0.046443429687499996 0.797453778125 0.1161915734375 0.4568503421875
3 0.8229727640625001 0.033711603125 0.1673402125 0.08369777187500001 0.1843897578125 0.1220592515625 0.8128980312499999 0.0732355515625 0.8229727640625001 0.033711603125
0 0.1025072625 0.4432839140625 0.11313510625 0.458197178125 0.1299339546875 0.365632090625 0.12067744531249999 0.35637558281250004 0.1025072625 0.4432839140625
8 0.8677119765624999 0.40111537343750003 0.8776541515625 0.3887733625 0.866683475 0.3394053171875 0.859141134375 0.3507188265625 0.8677119765624999 0.40111537343750003