1 0.21570659 0.32920766 0.13312285 0.45053646
4 0.5465075 0.50919604 0.014844298 0.035040114
4 0.80876315 0.05159113 0.016081989 0.03779267
4 0.8096693 0.9272849 0.017708182 0.038462
4 0.6759013 0.94233525 0.016394913 0.03598955
4 0.27718413 0.30552354 0.01648873 0.049596123
4 0.6124339 0.11324349 0.01614511 0.03756587
4 0.21208178 0.66795594 0.015656948 0.036797523
3 0.19257379 0.28182474 0.023816898 0.05247598
0 0.7656282 0.3626696 0.017032206 0.03201106
2 0.22359593 0.53716195 0.024739742 0.0464903