1 0.3068458 0.34361592 0.16350013 0.33323798
4 0.5469487 0.509692 0.014441788 0.03506157
4 0.67578375 0.9422937 0.016555846 0.035702176
4 0.8096154 0.9271879 0.017491877 0.03766208
4 0.80869496 0.051474776 0.016279995 0.037900016
4 0.2130366 0.6673456 0.015594766 0.038117994
4 0.17200586 0.095042214 0.015069023 0.03600863
4 0.61228424 0.11356428 0.015313268 0.037333984
2 0.23897019 0.20919731 0.020774364 0.053086
3 0.30685323 0.34919992 0.023833752 0.057293866
0 0.7657128 0.3625185 0.01673901 0.031976487