1 0.27892253 0.31049022 0.11947651 0.4477283
3 0.2581923 0.25819394 0.024039194 0.06134245
4 0.54661214 0.50944775 0.014892876 0.03488493
2 0.23082462 0.49279293 0.020760342 0.05379486
4 0.8096266 0.9270132 0.01776427 0.03856034
4 0.80876064 0.051332124 0.016268134 0.038395032
4 0.6757758 0.9423487 0.01651764 0.035875745
4 0.21204321 0.66832334 0.015621901 0.037759412
4 0.17142113 0.095290184 0.014950454 0.036166847
4 0.6124958 0.113373466 0.016040027 0.037120085
4 0.13145088 0.32701594 0.01611469 0.03582104
0 0.7654687 0.3629605 0.016960144 0.032071937
4 0.33372203 0.315304 0.014033675 0.042585928
4 0.31323653 0.16472313 0.012694359 0.036178418