1 0.27759272 0.43230355 0.10988827 0.40685174
4 0.33397067 0.47387177 0.013141006 0.044648755
4 0.5978492 0.75019306 0.014957666 0.037338417
4 0.782768 0.92079777 0.01707524 0.03902923
2 0.2721589 0.23854133 0.017800748 0.040470388
3 0.2570282 0.4791948 0.026334867 0.055296157
4 0.14006677 0.08512966 0.016168684 0.035840962
0 0.6891128 0.06302526 0.01796341 0.03641684
4 0.7874254 0.042397127 0.017239928 0.036700852
2 0.27549848 0.23801926 0.021250725 0.043255527
3 0.28834897 0.49981797 0.013846785 0.047006555