1 0.2837554 0.33445537 0.120171174 0.43767226
3 0.2662995 0.2830295 0.02379018 0.06191344
4 0.65466297 0.053451505 0.016492426 0.036165718
4 0.7945341 0.6745332 0.017114222 0.037490368
4 0.5366821 0.69835514 0.01527971 0.03535223
2 0.23725739 0.51513326 0.020671606 0.05453915
4 0.11535642 0.91317296 0.016217679 0.037644915
4 0.13315746 0.19455491 0.014356419 0.035110645
4 0.79100084 0.8060649 0.017537296 0.036580402
4 0.6923928 0.08324876 0.016798377 0.035961654
4 0.7524487 0.18335138 0.016100109 0.035027146
0 0.12954132 0.40440312 0.015953831 0.03209721
4 0.33984458 0.3380635 0.0141197145 0.042845964