1 0.2131617 0.32573777 0.13407534 0.43811297
4 0.54664004 0.5091401 0.01485765 0.035337448
2 0.1558761 0.49537748 0.020420909 0.054798234
3 0.1915113 0.278134 0.024106354 0.05856077
4 0.80967987 0.92717344 0.017836988 0.038198896
4 0.80888975 0.05152805 0.016210139 0.0379148
4 0.675828 0.9424554 0.016599476 0.03631486
4 0.61241084 0.1131228 0.016082168 0.037414975
4 0.21203563 0.66833764 0.015289262 0.037076633
0 0.76579404 0.36271298 0.016568005 0.032028012
4 0.27341753 0.3418935 0.015572935 0.04093933