1 0.31466687 0.36735216 0.14153115 0.3707067
4 0.65462077 0.053458247 0.01633662 0.035814647
4 0.7945412 0.67452097 0.017028213 0.037253805
4 0.1154495 0.9131682 0.016319707 0.03756375
4 0.53685915 0.69860345 0.015077531 0.03527154
2 0.26166165 0.21038094 0.021982819 0.047875006
4 0.69246393 0.083257124 0.016688108 0.03599604
4 0.752426 0.18325558 0.01606828 0.035116196
4 0.7909137 0.80624074 0.017587721 0.036504798
4 0.13352257 0.19393638 0.014803782 0.034412213
0 0.12954393 0.40446416 0.015794046 0.032984417
3 0.31042352 0.3756338 0.024617016 0.056736577