1 0.21596557 0.38293374 0.1520011 0.45405737
4 0.5465454 0.5092576 0.014729083 0.035188835
3 0.19986421 0.3387031 0.022260636 0.0563679
4 0.80966216 0.9273453 0.017741919 0.038483303
4 0.80884075 0.051742304 0.016120136 0.037701968
4 0.6758733 0.9425765 0.016349971 0.03593816
4 0.21178824 0.66815484 0.015503779 0.03546058
4 0.6123751 0.113375545 0.015872955 0.03758524
0 0.76563764 0.3627783 0.017050922 0.031968515
4 0.28290337 0.3364358 0.015380293 0.04566243
2 0.2591605 0.58191764 0.02260591 0.04994933