4 0.54639685 0.50929016 0.014718652 0.034933303
1 0.23998776 0.47044888 0.1266017 0.47011715
4 0.29885152 0.43666306 0.015070975 0.047436584
4 0.80881286 0.05171479 0.016051829 0.037746422
4 0.67587924 0.942434 0.01639241 0.03595988
4 0.80966187 0.92727035 0.017729938 0.03820144
4 0.6123954 0.113284044 0.016165197 0.03747452
3 0.21620011 0.42316118 0.025029466 0.05864276
0 0.76567656 0.36277318 0.017005563 0.03187916
2 0.22976151 0.66176075 0.022496507 0.052174304
4 0.20963895 0.66708827 0.013823122 0.033403397
4 0.25501966 0.30644226 0.012361705 0.035705224