1 0.26929843 0.431771 0.1480729 0.4435355
3 0.25718704 0.38436309 0.02272892 0.055143755
4 0.65470487 0.05342806 0.016443014 0.035920154
4 0.7945163 0.67460674 0.01709801 0.037673105
4 0.115416184 0.9130768 0.016195439 0.037565548
4 0.5369369 0.69813424 0.015013814 0.03525236
4 0.7910141 0.80620545 0.0175125 0.036476664
4 0.75245935 0.18321173 0.01597476 0.034787826
4 0.69246763 0.08320439 0.016623974 0.035809305
4 0.13185671 0.19533058 0.014742471 0.034969885
0 0.12925872 0.40535465 0.015622303 0.03179728