1 0.30644578 0.40924054 0.25413376 0.18768294
4 0.6546364 0.05329432 0.016358197 0.036054336
4 0.11609481 0.91279435 0.016592361 0.037309542
4 0.794478 0.6745667 0.017068624 0.037306733
4 0.5368823 0.69815344 0.015324771 0.035092883
4 0.7910297 0.8061692 0.017484605 0.03651889
4 0.6924692 0.083253354 0.016581416 0.035903085
3 0.28192776 0.39607784 0.026592672 0.05465791
4 0.752452 0.18349648 0.015964508 0.034956362
4 0.13234484 0.19539396 0.015002817 0.03579729
4 0.42968446 0.3617908 0.024529845 0.05992227
0 0.12927574 0.40533414 0.015233241 0.031381898
4 0.11296437 0.9129303 0.015670106 0.03804864