1 0.22821778 0.442171 0.12373938 0.46255663
4 0.5464214 0.5093761 0.014694393 0.03496647
4 0.28644973 0.41017523 0.015265077 0.046828058
4 0.80882835 0.05156364 0.016054332 0.037993763
4 0.80958235 0.92725074 0.017682672 0.038371723
4 0.6758399 0.9423489 0.016407192 0.036025472
4 0.6125126 0.11320768 0.016088486 0.03749648
3 0.20191261 0.38936546 0.024819717 0.058923323
2 0.21160904 0.63200325 0.022308499 0.053302605
0 0.7655818 0.3626091 0.017134666 0.032034982
4 0.21085024 0.66495717 0.01809454 0.03406848
2 0.21200141 0.6426714 0.021373555 0.07037539
4 0.21199496 0.6594813 0.01910773 0.042247932