1 0.27219838 0.32352212 0.13669042 0.45607796
4 0.54686445 0.50956243 0.014825821 0.034711946
4 0.8095813 0.92710334 0.017699242 0.038381364
4 0.80880713 0.05121192 0.01632613 0.038476944
3 0.25926238 0.27122942 0.023828596 0.055126693
4 0.675876 0.9423859 0.016496837 0.035960305
4 0.6124238 0.11362796 0.015925229 0.036984675
4 0.17214105 0.095051594 0.015668198 0.03597631
4 0.21227327 0.66843253 0.015527815 0.03672674
4 0.13083786 0.3264749 0.015753254 0.034816742
0 0.7655326 0.36281747 0.01681459 0.03182332
4 0.3345733 0.28345594 0.013697088 0.044220395
2 0.30563205 0.52443314 0.024822325 0.051914323