3 0.08828125 0.87890625 0.0234375 0.02890625
3 0.2890625 0.67890625 0.021875 0.028125
3 0.23125 0.37109375 0.021875 0.0265625
3 0.1421875 0.18828125 0.02265625 0.028125
3 0.23125 0.1046875 0.021875 0.028125
0 0.265625 0.15 0.02109375 0.0296875
3 0.684375 0.11875 0.0203125 0.0296875
3 0.7671875 0.11171875 0.02109375 0.02890625
3 0.8875 0.0953125 0.021875 0.02890625
3 0.63125 0.7171875 0.021875 0.02890625
0 0.81953125 0.6328125 0.02265625 0.02890625
0 0.84765625 0.75625 0.02265625 0.028125
3 0.896875 0.8671875 0.02265625 0.028125
3 0.4078125 0.77578125 0.0203125 0.02890625
3 0.46796875 0.8 0.02265625 0.02890625
3 0.53125 0.79375 0.02109375 0.0296875
3 0.46171875 0.46328125 0.0203125 0.02734375
3 0.57734375 0.31796875 0.0203125 0.028125
2 0.3913984109375 0.4743651765625 0.3986472125 0.46819662500000003 0.4061459671875 0.46302838749999997 0.4132697796875 0.45802686406250004 0.41614430625 0.45152488281250003 0.41551941093749994 0.44452274999999997 0.41239492968749997 0.4376873375 0.40814563281250005 0.43085192499999997 0.40502115156249996 0.4250168171875 0.4008968421875 0.4248500953125 0.39527277656250004 0.4301850546875 0.3880239765625 0.43552001249999994 0.38115011718749997 0.44118840156249994 0.3737763390625 0.4461899234375 0.366437496875 0.45149999999999996 0.38090016250000003 0.4827010484375 0.3858993328125 0.47853311249999997 0.3913984109375 0.4743651765625
1 0.2515625 0.49583333281249997 0.2109375 0.5479166671875 0.1953125 0.5583333328125 0.190625 0.5791666671875 0.178125 0.5770833328125 0.159375 0.55625 0.1578125 0.5666666671875 0.1296875 0.5791666671875 0.14375 0.6125 0.1359375 0.6291666671875 0.1484375 0.65625 0.153125 0.6625 0.16875 0.6604166671875 0.1890625 0.6895833328125 0.19375 0.6729166671875 0.2171875 0.6625 0.2078125 0.625 0.2203125 0.6354166671875 0.240625 0.6354166671875 0.26875 0.63125 0.2859375 0.6166666671875001 0.296875 0.6270833328125 0.3203125 0.60625 0.3171875 0.5895833328125 0.371875 0.5354166671875 0.3796875 0.5125 0.378125 0.4916666671875 0.4171875 0.4583333328125 0.415625 0.43958333281249995 0.4 0.42291666718750004 0.3703125 0.4479166671875 0.321875 0.45 0.2515625 0.49583333281249997