3 0.1203125 0.9 0.021875 0.0296875
3 0.10234375 0.78984375 0.02265625 0.0296875
3 0.24375 0.81875 0.021875 0.0296875
3 0.2375 0.87890625 0.02265625 0.03046875
3 0.24921875 0.10234375 0.021875 0.028125
3 0.8890625 0.86015625 0.02265625 0.0296875
3 0.8765625 0.57734375 0.02265625 0.028125
0 0.86171875 0.615625 0.0234375 0.028125
3 0.7546875 0.478125 0.021875 0.028125
3 0.71953125 0.41796875 0.021875 0.02734375
3 0.89453125 0.15546875 0.021875 0.028125
3 0.62578125 0.103125 0.0203125 0.028125
0 0.60078125 0.10859375 0.0203125 0.03046875
3 0.41015625 0.7203125 0.0203125 0.028125
3 0.45390625 0.428125 0.0203125 0.028125
3 0.46171875 0.465625 0.0203125 0.02734375
3 0.50234375 0.48203125 0.0203125 0.02734375
0 0.50703125 0.41328125 0.02109375 0.02734375
2 0.504554165625 0.5358996296874999 0.5086784843750001 0.5402342859375 0.513427690625 0.5439020640625001 0.52005159375 0.5484034359375001 0.5270504296875 0.5530715265625 0.5334243703125 0.5570727484375 0.53879848125 0.5620742703125 0.551421384375 0.5275637578125 0.544547525 0.5238959734375 0.53692379375 0.5182275859375001 0.5293000609375 0.5122257546875 0.5208014671875 0.5068908015625 0.5158022984375 0.5062239296875 0.5109281046875 0.5093915625000001 0.507374996875 0.5144166671875 0.505554003125 0.5208950609375 0.5041792328125 0.52839734375 0.504554165625 0.5358996296874999
1 0.5359375 0.5604166671875 0.5546875 0.6104166671875 0.603125 0.65 0.6171875 0.6729166671875 0.640625 0.6875 0.6546875 0.6791666671875001 0.678125 0.6916666671875 0.715625 0.68125 0.71875 0.6916666671875 0.7109375 0.71875 0.73125 0.7291666671875 0.734375 0.7416666671875001 0.7484375 0.7416666671875001 0.7546875 0.71875 0.7609375 0.7104166671875001 0.771875 0.7125 0.778125 0.6979166671875 0.7796875 0.61875 0.771875 0.6229166671875 0.7453125 0.6041666671875 0.7390625 0.6291666671875 0.728125 0.6333333328124999 0.7234375 0.6083333328125 0.7078125 0.5958333328125 0.7078125 0.5854166671875001 0.6890625 0.575 0.6875 0.5604166671875 0.6609375 0.54375 0.65 0.55 0.6015625 0.5229166671875001 0.5484375 0.525 0.5234375 0.50625 0.5125 0.50625 0.5046875 0.51875 0.503125 0.5395833328124999 0.5359375 0.5604166671875