3 0.30234375 0.16171875 0.01875 0.02578125
3 0.29609375 0.40703125 0.01875 0.02421875
3 0.28515625 0.434375 0.01875 0.025
3 0.22265625 0.4734375 0.01953125 0.02421875
3 0.19765625 0.58671875 0.0203125 0.02578125
0 0.221875 0.721875 0.021875 0.02734375
3 0.50546875 0.96484375 0.0203125 0.02890625
3 0.74765625 0.990625 0.0203125 0.01875
3 0.92265625 0.86484375 0.01953125 0.025
0 0.840625 0.6265625 0.01875 0.025
2 0.25315863906249997 0.49284722500000006 0.2530197328125 0.5019212984375 0.255381221875 0.5087731484375 0.26357698125 0.51136575625 0.2723283953125 0.5135879703125 0.27982960625 0.5167361125000001 0.2908036296875 0.5196990890625 0.2969157046875 0.48618055781249997 0.284969328125 0.48358796406250004 0.2742731546875 0.48025463124999995 0.2632986109375 0.4760648140625 0.25857618437499996 0.4793287015625 0.254825578125 0.4848842609375 0.25315863906249997 0.49284722500000006
1 0.2609375 0.475 0.253125 0.48333333281249996 0.2515625 0.5083333328124999 0.2890625 0.5229166671875001 0.315625 0.54375 0.3234375 0.5645833328125 0.340625 0.5625 0.375 0.575 0.38125 0.6020833328124999 0.4109375 0.6104166671875 0.4140625 0.5979166671875 0.4359375 0.6041666671875 0.4453125 0.6 0.459375 0.60625 0.465625 0.6166666671875001 0.475 0.6125 0.48125 0.5854166671875001 0.49375 0.56875 0.49375 0.5458333328125 0.4890625 0.5375 0.4921875 0.5041666671875 0.4859375 0.5083333328124999 0.4796875 0.5 0.459375 0.5 0.4578125 0.49375 0.446875 0.5020833328125 0.4296875 0.48541666718750004 0.4125 0.4791666671875 0.3953125 0.48333333281249996 0.3421875 0.46875 0.328125 0.48125 0.2890625 0.48333333281249996 0.2609375 0.475