3 0.63828125 0.1140625 0.01796875 0.02890625
3 0.53203125 0.584375 0.015625 0.0296875
3 0.50546875 0.36484375 0.01640625 0.02890625
3 0.60234375 0.590625 0.015625 0.028125
3 0.21953125 0.77109375 0.0171875 0.02890625
3 0.590625 0.62734375 0.015625 0.028125
3 0.45 0.36796875 0.0171875 0.02734375
3 0.65078125 0.48125 0.015625 0.028125
3 0.70390625 0.8453125 0.015625 0.028125
3 0.1625 0.91171875 0.01640625 0.0296875
3 0.175 0.853125 0.015625 0.02890625
0 0.77734375 0.7640625 0.015625 0.02734375
1 0.7515625 0.1359375 0.75 0.14375 0.709375 0.2015625 0.7 0.228125 0.7140625 0.2609375 0.7109375 0.3078125 0.73125 0.340625 0.759375 0.359375 0.7796875 0.3359375 0.7859375 0.2546875 0.803125 0.2 0.8046875 0.1625 0.79375 0.1390625 0.8015625 0.090625 0.790625 0.084375 0.778125 0.0984375 0.7703125 0.1296875 0.7515625 0.1359375