3 0.18828125 0.2046296296875 0.1848958328125 0.215277778125 0.1859375 0.2236111109375 0.19140625 0.23240740781250002 0.1984375 0.2328703703125 0.20416666718749998 0.22453703749999998 0.2036458328125 0.21064814843750002 0.1971354171875 0.2018518515625 0.18828125 0.2046296296875
3 0.40130208281249996 0.17314814843749998 0.3953125 0.18194444375000002 0.3947916671875 0.19120370312499999 0.3997395828125 0.20370370312500002 0.4046875 0.20509259218749998 0.4109375 0.1986111109375 0.41197916718750005 0.184722221875 0.40807291718750005 0.175 0.40130208281249996 0.17314814843749998
3 0.6299479171875 0.127777778125 0.6234375 0.1356481484375 0.6223958328125 0.1476851859375 0.6268229171875 0.1574074078125 0.6317708328125 0.1578703703125 0.6380208328125 0.14861111093749999 0.6385416671875 0.1375 0.63515625 0.1296296296875 0.6299479171875 0.127777778125
3 0.69921875 0.30740740781250003 0.69375 0.3134259265625 0.6912626390625001 0.3239176734375 0.6944075187500001 0.3352516296875 0.7026041671875001 0.3356481484375 0.7078125 0.32824074062499997 0.7088541671875 0.3171296296875 0.70546875 0.309259259375 0.69921875 0.30740740781250003
3 0.7450520828125 0.39074074062499997 0.7395833328125 0.39953703749999997 0.7395833328125 0.4106481484375 0.7434895828125 0.41851851875 0.7494791671875001 0.41898148125 0.7552083328125 0.4106481484375 0.7557291671875 0.39953703749999997 0.7513020828125 0.3916666671875 0.7450520828125 0.39074074062499997
3 0.5263020828125 0.58148148125 0.5213541671875 0.5893518515625 0.5213541671875 0.6004629625 0.5247395828125 0.6083333328125 0.5307291671875001 0.609722221875 0.5354166671875 0.6041666671875 0.5369791671875 0.5921296296875 0.53359375 0.5833333328125 0.5263020828125 0.58148148125
3 0.49244791718750003 0.902777778125 0.48854166718750003 0.9069444437499999 0.48645833281249995 0.9208333328125 0.49036458281249995 0.93148148125 0.4953125 0.9328703703125001 0.5020833328125 0.9263888890624999 0.5026041671875 0.9115740734375001 0.49817708281249995 0.9037037031249999 0.49244791718750003 0.902777778125
3 0.46276041718750005 0.902777778125 0.45598958281249996 0.9055555562500001 0.45208333281249996 0.916203703125 0.4536458328125 0.9291666671875 0.4604166671875 0.934722221875 0.46588541718750004 0.93148148125 0.46875 0.9236111109375 0.4671875 0.9078703703125001 0.46276041718750005 0.902777778125
3 0.18828125 0.8898148140625001 0.18020833281249998 0.8986111109375001 0.1786458328125 0.9134259265625 0.18203125 0.921296296875 0.1890625 0.9236111109375 0.1979166671875 0.9134259265625 0.1984375 0.9013888890624999 0.1950520828125 0.8925925921875001 0.18828125 0.8898148140625001
3 0.20338541718749997 0.9120370375 0.1955729171875 0.9148148140625001 0.1901041671875 0.9273148140625 0.19296875 0.9416666671874999 0.2010416671875 0.94305555625 0.2075520828125 0.9379629625 0.20989583281250002 0.928240740625 0.20833333281250002 0.91805555625 0.20338541718749997 0.9120370375
1 0.4244791671875 0.5171296296875 0.425 0.5097222218749999 0.41822916718750003 0.5041666671875 0.41770833281249997 0.4865740734375 0.4205729171875 0.48333333281249996 0.4231770828125 0.490740740625 0.42604166718750003 0.48842592656250006 0.4192708328125 0.47361111093749997 0.42786458281249995 0.4620370375 0.43567708281249995 0.4601851859375 0.43932291718750005 0.46388888906250003 0.4401041671875 0.446759259375 0.42994791718750003 0.4379629625 0.4291666671875 0.440277778125 0.4328125 0.4458333328125 0.4328125 0.45324074062499997 0.4234375 0.4550925921875 0.42083333281249996 0.4384259265625 0.4244791671875 0.4328703703125 0.4192708328125 0.42731481406249994 0.41614583281249995 0.4125 0.4270833328125 0.3986111109375 0.4213541671875 0.3634259265625 0.42005208281249995 0.35925925937500003 0.4075520828125 0.3611111109375 0.4057291671875 0.3578703703125 0.3963541671875 0.303240740625 0.38828125 0.2916666671875 0.3846354171875 0.2888888890625 0.38046875 0.290740740625 0.3770833328125 0.2791666671875 0.3760416671875 0.271759259375 0.37838541718749996 0.2648148140625 0.3924479171875 0.25740740781250004 0.3958333328125 0.2513888890625 0.3916666671875 0.24212962968750001 0.3880208328125 0.2236111109375 0.3890625 0.20972222187499998 0.38046875 0.2046296296875 0.3684895828125 0.21111111093749999 0.3606770828125 0.1981481484375 0.34453125 0.20370370312500002 0.3380208328125 0.20972222187499998 0.3361979171875 0.22685185156249998 0.3174479171875 0.2370370375 0.3166666671875 0.24490740781250003 0.32083333281250004 0.2513888890625 0.3239583328125 0.26342592656249997 0.321875 0.2791666671875 0.32421875 0.2870370375 0.3294270828125 0.2888888890625 0.3440104171875 0.28148148125 0.3494791671875 0.28472222187499996 0.3505208328125 0.30046296250000004 0.3458333328125 0.30694444375 0.34322916718749996 0.31990740781250004 0.34322916718749996 0.3291666671875 0.3526041671875 0.36990740781250003 0.35208333281250004 0.38101851875000003 0.34322916718749996 0.391203703125 0.346875 0.4254629625 0.34921875 0.43333333281249997 0.3572916671875 0.43194444374999996 0.3583333328125 0.446759259375 0.3552083328125 0.4550925921875 0.3614583328125 0.4625 0.36770833281250004 0.4875 0.3731770828125 0.48703703750000005 0.37447916718749996 0.490277778125 0.3731770828125 0.5018518515625 0.36666666718749996 0.5023148140625 0.3807291671875 0.5097222218749999 0.3817708328125 0.516203703125 0.3791666671875 0.5300925921874999 0.3841145828125 0.5379629625 0.38828125 0.534259259375 0.3927083328125 0.541203703125 0.4 0.5884259265625 0.40390625 0.5944444437499999 0.4140625 0.5949074078125001 0.42395833281249995 0.5856481484375 0.41770833281249997 0.5254629625 0.42005208281249995 0.5175925921875 0.4244791671875 0.5171296296875
0 0.8059895828125001 0.1324074078125 0.8026041671874999 0.14398148125000002 0.8059895828125001 0.15648148125 0.8119791671875 0.15879629687500002 0.8197916671875 0.146759259375 0.8197916671875 0.133796296875 0.81484375 0.12870370312499999 0.8059895828125001 0.1324074078125