1 0.8057291671875 0.8356481484374999 0.7942708328125 0.8078703703125001 0.7942708328125 0.791203703125 0.7911458328125 0.7810185187500001 0.7901041671875 0.766203703125 0.7916666671875 0.7597222218749999 0.7901041671875 0.753240740625 0.79375 0.74398148125 0.7963541671875001 0.7226851859375001 0.79296875 0.7166666671875 0.7809895828125 0.7240740734375 0.7736979171875 0.7212962968750001 0.76015625 0.702777778125 0.7557291671875 0.691203703125 0.7578125 0.6856481484375 0.75625 0.6763888890625 0.7442708328125 0.6560185187500001 0.7494791671875001 0.64398148125 0.7505208328124999 0.6347222218749999 0.7442708328125 0.6254629625 0.7377604171875001 0.6074074078125 0.7221354171875001 0.5935185187500001 0.7143229171875001 0.5962962968750001 0.7106770828125 0.6111111109375 0.69921875 0.6175925921875 0.6932291671875 0.628240740625 0.690625 0.6449074078125 0.6776041671875 0.6763888890625 0.6817708328125 0.6958333328124999 0.6872395828125 0.6944444437499999 0.6963541671875 0.7115740734375 0.6947916671875001 0.7171296296875 0.6958333328124999 0.7236111109375 0.7046875 0.7254629625 0.70390625 0.7351851859375 0.6901041671875 0.74398148125 0.6885416671875 0.7504629625 0.6901041671875 0.7606481484375001 0.7018229171875 0.777777778125 0.7059895828125 0.7796296296875 0.71015625 0.775 0.71796875 0.7740740734375 0.72265625 0.790740740625 0.7299479171875001 0.8 0.73359375 0.7990740734374999 0.7354166671875 0.8115740734375001 0.7291666671875 0.8208333328125 0.7291666671875 0.8254629625 0.7377604171875001 0.8398148140625 0.7455729171875001 0.8453703703125001 0.7479166671875 0.8430555562500001 0.74921875 0.834259259375 0.7638020828125 0.8370370375 0.759375 0.8439814812499999 0.78046875 0.8462962968750001 0.7841145828125 0.8583333328125 0.79375 0.8625 0.80234375 0.859259259375 0.80625 0.8541666671874999 0.8072916671874999 0.8476851859375 0.8057291671875 0.8356481484374999
0 0.48671875 0.19537037031249999 0.48229166718750005 0.20138888906250002 0.48125 0.21342592656249998 0.48515625 0.22407407343750002 0.4916666671875 0.22453703749999998 0.49583333281249997 0.21805555625 0.496875 0.2078703703125 0.49296875 0.197222221875 0.48671875 0.19537037031249999
2 0.8200520828125001 0.15925925937500002 0.8166666671874999 0.1634259265625 0.8166666671874999 0.1828703703125 0.81796875 0.1870370375 0.8213541671875 0.18657407343750002 0.828125 0.1763888890625 0.828125 0.16805555625 0.82421875 0.1601851859375 0.8200520828125001 0.15925925937500002
2 0.6377604171875 0.09629629687499999 0.6322916671875001 0.103240740625 0.63125 0.11620370312499999 0.6346354171875 0.12407407343750002 0.6401041671875001 0.1254629625 0.6453125 0.11898148125 0.6463541671875 0.1050925921875 0.64296875 0.097222221875 0.6377604171875 0.09629629687499999
2 0.44713541718750005 0.14444444375 0.44166666718750003 0.15324074062499998 0.44114583281249997 0.16157407343750002 0.44505208281249997 0.172222221875 0.4515625 0.1745370375 0.45625 0.16805555625 0.45729166718750003 0.15601851875 0.45338541718750003 0.146296296875 0.44713541718750005 0.14444444375
2 0.28984375 0.10648148125000001 0.2848958328125 0.11620370312499999 0.2854166671875 0.1263888890625 0.28984375 0.1351851859375 0.296875 0.1375 0.3015625 0.13287037031249999 0.3026041671875 0.11898148125 0.2981770828125 0.10833333281249999 0.28984375 0.10648148125000001
2 0.45234375 0.353703703125 0.44739583281249995 0.358796296875 0.4458333328125 0.36990740781250003 0.44921875 0.3796296296875 0.45520833281249995 0.38194444375000003 0.4609375 0.3754629625 0.46197916718750004 0.3643518515625 0.45859375 0.35555555625 0.45234375 0.353703703125
2 0.50390625 0.36296296250000004 0.4984375 0.36990740781250003 0.49791666718750005 0.38194444375000003 0.50234375 0.39074074062499997 0.5078125 0.391203703125 0.5130208328125 0.383796296875 0.5135416671875 0.3726851859375 0.5096354171875 0.3638888890625 0.50390625 0.36296296250000004
2 0.57265625 0.38703703749999996 0.5666666671875 0.39398148125 0.5661458328125 0.40601851875 0.56953125 0.4138888890625 0.575 0.415277778125 0.5807291671875 0.40972222187499996 0.5817708328125 0.396759259375 0.57890625 0.3898148140625 0.57265625 0.38703703749999996
2 0.19973958281249998 0.70648148125 0.1916666671875 0.7134259265625 0.1895833328125 0.7254629625 0.19296875 0.7351851859375 0.2010416671875 0.7375 0.20677083281250003 0.73194444375 0.2088541671875 0.7171296296875 0.20546875 0.709259259375 0.19973958281249998 0.70648148125
2 0.17265625 0.878703703125 0.16484375 0.88148148125 0.159375 0.896759259375 0.1622395828125 0.9083333328125001 0.1692708328125 0.9115740734375001 0.17526041718750002 0.9074074078125 0.17916666718750002 0.8949074078124999 0.178125 0.8856481484375 0.17265625 0.878703703125
2 0.24088541718749998 0.777777778125 0.23359375 0.7814814812499999 0.2296875 0.79305555625 0.23359375 0.8074074078125 0.23958333281250002 0.809722221875 0.24609375 0.803703703125 0.2484375 0.796759259375 0.2479166671875 0.784722221875 0.24088541718749998 0.777777778125
2 0.37890625 0.8833333328125 0.3729166671875 0.8921296296874999 0.3723958328125 0.9087962968750001 0.3763020828125 0.9148148140625001 0.38229166718749996 0.915277778125 0.3890625 0.9087962968750001 0.39010416718749996 0.8976851859374999 0.38671875 0.8851851859375 0.37890625 0.8833333328125