1 0.7359375 0.54305555625 0.7354166671875 0.558796296875 0.7377604171875001 0.5629629625 0.7471354171875 0.5583333328125 0.7515625 0.5513888890625 0.746875 0.5449074078125 0.7453125 0.5375 0.7591145828125 0.5240740734375 0.7690104171875001 0.497222221875 0.77265625 0.502777778125 0.7919270828125 0.49629629687500004 0.7963541671875001 0.48842592656250006 0.796875 0.47453703750000004 0.7947916671875 0.4671296296875 0.7888020828125 0.4601851859375 0.7606770828125 0.4583333328125 0.7526041671875 0.4458333328125 0.7497395828125 0.43518518593750005 0.7432291671875 0.43379629687500004 0.7401041671875 0.41342592656250005 0.7372395828125 0.4074074078125 0.7296875 0.41898148125 0.7263020828125 0.4388888890625 0.7138020828125 0.43981481406249995 0.7059895828125 0.447222221875 0.70234375 0.44629629687500005 0.69453125 0.427777778125 0.6747395828125 0.43055555625 0.66328125 0.44444444375 0.6356770828125 0.4453703703125 0.6328125 0.45324074062499997 0.634375 0.48194444374999995 0.6302083328125 0.5050925921875 0.6328125 0.51898148125 0.6380208328125 0.5300925921874999 0.6421875 0.5615740734375 0.6591145828125 0.5638888890625 0.6638020828125 0.5574074078125 0.6747395828125 0.5546296296875 0.67890625 0.5629629625 0.6848958328125 0.5634259265625 0.70234375 0.5611111109375 0.7059895828125 0.5453703703125 0.73359375 0.5398148140625 0.7359375 0.54305555625
0 0.5716145828125 0.184259259375 0.5666666671875 0.190277778125 0.565625 0.20509259218749998 0.5705729171875 0.2138888890625 0.5755208328125 0.21342592656249998 0.5807291671875 0.20694444375 0.5817708328125 0.1949074078125 0.5768229171875 0.184259259375 0.5716145828125 0.184259259375
2 0.6388020828125 0.09629629687499999 0.6322916671875001 0.103240740625 0.6307291671875 0.1125 0.6341145828125 0.12407407343750002 0.640625 0.1254629625 0.6458333328125 0.11805555625 0.6463541671875 0.10694444375 0.64296875 0.0981481484375 0.6388020828125 0.09629629687499999
2 0.46276041718750005 0.1324074078125 0.45598958281249996 0.13333333281249998 0.45208333281249996 0.1458333328125 0.4557291671875 0.15879629687500002 0.45989583281249996 0.1625 0.46484375 0.1611111109375 0.4682291671875 0.15324074062499998 0.46770833281249996 0.140277778125 0.46276041718750005 0.1324074078125
2 0.44713541718750005 0.1481481484375 0.44166666718750003 0.1541666671875 0.440625 0.16805555625 0.44453125 0.1768518515625 0.45104166718750005 0.178240740625 0.45520833281249995 0.17361111093749998 0.45625 0.15972222187500001 0.45286458281249997 0.15092592656249998 0.44713541718750005 0.1481481484375
2 0.2903645828125 0.10648148125000001 0.2854166671875 0.11435185156250001 0.2854166671875 0.1273148140625 0.2908854171875 0.13703703750000001 0.29739583281250004 0.1375 0.3026041671875 0.128240740625 0.3020833328125 0.1171296296875 0.29765625 0.10833333281249999 0.2903645828125 0.10648148125000001
2 0.13229166718750002 0.44398148125 0.13125 0.45416666718750004 0.1346354171875 0.46388888906250003 0.1385416671875 0.466203703125 0.14010416718750002 0.4606481484375 0.1395833328125 0.4393518515625 0.13723958281249998 0.4379629625 0.13229166718750002 0.44398148125
2 0.2747395828125 0.525 0.2658854171875 0.5287037031249999 0.2630208328125 0.5365740734375 0.2645833328125 0.5504629624999999 0.2713541671875 0.55601851875 0.2763020828125 0.5546296296875 0.28125 0.5458333328125 0.28125 0.534722221875 0.2747395828125 0.525
2 0.25078125 0.865740740625 0.24348958281250002 0.86851851875 0.2390625 0.8800925921875 0.2401041671875 0.8921296296874999 0.24348958281250002 0.897222221875 0.24895833281250002 0.8976851859374999 0.2557291671875 0.890277778125 0.2578125 0.8800925921875 0.25625 0.871759259375 0.25078125 0.865740740625
2 0.41692708281249996 0.39074074062499997 0.4125 0.3976851859375 0.4125 0.41157407343749997 0.41640625 0.41851851875 0.42291666718750004 0.41898148125 0.428125 0.4106481484375 0.42760416718750005 0.3976851859375 0.42421875 0.3916666671875 0.41692708281249996 0.39074074062499997
2 0.4486979171875 0.3518518515625 0.44427083281249996 0.35601851875 0.4427083328125 0.3671296296875 0.44609375 0.377777778125 0.45208333281249996 0.38009259218749997 0.4583333328125 0.3708333328125 0.4583333328125 0.36157407343750003 0.45546875 0.3546296296875 0.4486979171875 0.3518518515625
2 0.6388020828125 0.8629629624999999 0.6354166671875 0.8680555562500001 0.634375 0.8819444437499999 0.6377604171875 0.890740740625 0.6442708328125 0.89305555625 0.6505208328125 0.8865740734375 0.6510416671875 0.8736111109375001 0.6450520828124999 0.8629629624999999 0.6388020828125 0.8629629624999999
2 0.6580729171875 0.8611111109375 0.6546875 0.8652777781250001 0.6526041671875 0.8800925921875 0.6565104171875 0.8898148140625001 0.6630208328125 0.8921296296874999 0.6692708328125 0.8856481484375 0.6697916671875 0.871759259375 0.66640625 0.8638888890624999 0.6580729171875 0.8611111109375