0 0.7752604171875 0.75 0.7708333328125 0.758796296875 0.7713541671875 0.76898148125 0.7763020828125 0.777777778125 0.78125 0.7791666671875 0.7869791671875 0.7726851859375 0.7875 0.758796296875 0.7815104171875 0.75 0.7752604171875 0.75
1 0.24635416718749997 0.8523148140625001 0.24765625 0.847222221875 0.2549479171875 0.8453703703125001 0.2578125 0.8365740734375 0.2546875 0.8143518515625001 0.24739583281250002 0.8023148140625 0.25859375 0.7916666671875 0.2677083328125 0.790277778125 0.2669270828125 0.7861111109375 0.2549479171875 0.7870370375 0.2494791671875 0.7837962968750001 0.246875 0.7745370375 0.2484375 0.7671296296875 0.24739583281250002 0.753240740625 0.2390625 0.73194444375 0.23697916718749998 0.7125 0.23541666718749998 0.7115740734375 0.24088541718749998 0.7120370375 0.24244791718749997 0.7203703703125 0.2479166671875 0.7180555562500001 0.2421875 0.7115740734375 0.24713541718749998 0.7074074078125 0.2484375 0.7143518515625 0.2513020828125 0.7148148140624999 0.2536458328125 0.7078703703125 0.2515625 0.6875 0.2466145828125 0.6759259265625001 0.24296875 0.675 0.23723958281250002 0.68148148125 0.2309895828125 0.6824074078125 0.22760416718749998 0.690277778125 0.22916666718749998 0.6976851859375001 0.22369791718749998 0.7018518515625 0.21770833281250002 0.684722221875 0.21770833281250002 0.6773148140624999 0.2208333328125 0.6708333328125 0.21953125 0.665740740625 0.20338541718749997 0.6546296296875 0.1924479171875 0.652777778125 0.18359375 0.64351851875 0.17265625 0.647222221875 0.1697916671875 0.6421296296875 0.1708333328125 0.6384259265625001 0.1859375 0.6152777781250001 0.1859375 0.60601851875 0.178125 0.584722221875 0.1770833328125 0.571759259375 0.17421875 0.5638888890625 0.1497395828125 0.5851851859375 0.14505208281249998 0.5759259265625001 0.14140625 0.575 0.1263020828125 0.5861111109375 0.1171875 0.6004629625 0.1171875 0.609722221875 0.1091145828125 0.6166666671875001 0.1015625 0.63101851875 0.1 0.6421296296875 0.10729166718750001 0.6550925921874999 0.11328125 0.678703703125 0.1330729171875 0.665740740625 0.1377604171875 0.6675925921875 0.14114583281249998 0.683796296875 0.1380208328125 0.6958333328124999 0.140625 0.70694444375 0.14505208281249998 0.7111111109375 0.15286458281249998 0.709259259375 0.1598958328125 0.7254629625 0.1651041671875 0.7754629625 0.17135416718750002 0.79398148125 0.1703125 0.8023148140625 0.1609375 0.816203703125 0.1625 0.8236111109375001 0.1739583328125 0.8421296296874999 0.1768229171875 0.8601851859374999 0.1809895828125 0.8629629624999999 0.1856770828125 0.8490740734375001 0.1924479171875 0.8435185187500001 0.1966145828125 0.8583333328125 0.2052083328125 0.8652777781250001 0.20026041718749998 0.8703703703125001 0.18671875 0.872222221875 0.20338541718749997 0.8731481484374999 0.20859375 0.8675925921875001 0.21588541718749998 0.8675925921875001 0.23802083281250003 0.9273148140625 0.24296875 0.9324074078125 0.24739583281250002 0.93194444375 0.25234375 0.928703703125 0.2614583328125 0.9069444437499999 0.2609375 0.8995370375 0.24635416718749997 0.8523148140625001
2 0.6388020828125 0.09629629687499999 0.6322916671875001 0.103240740625 0.6307291671875 0.1125 0.63515625 0.12592592656249998 0.6401041671875001 0.1263888890625 0.6458333328125 0.11898148125 0.6463541671875 0.10694444375 0.64296875 0.0981481484375 0.6388020828125 0.09629629687499999
2 0.4486979171875 0.3518518515625 0.44322916718750005 0.358796296875 0.4427083328125 0.3671296296875 0.44713541718750005 0.3796296296875 0.4526041671875 0.38009259218749997 0.4578125 0.3726851859375 0.4583333328125 0.3625 0.4544270828125 0.353703703125 0.4486979171875 0.3518518515625
2 0.4174479171875 0.39074074062499997 0.4125 0.3976851859375 0.41197916718750005 0.408796296875 0.41588541718750005 0.41851851875 0.4203125 0.4199074078125 0.4270833328125 0.4143518515625 0.42864583281249996 0.40416666718750005 0.42473958281249996 0.3925925921875 0.4174479171875 0.39074074062499997
2 0.5033854171875001 0.3481481484375 0.4984375 0.3541666671875 0.4973958328125 0.366203703125 0.50078125 0.375 0.50625 0.3773148140625 0.5130208328125 0.36990740781250003 0.5135416671875 0.35972222187499997 0.51015625 0.35 0.5033854171875001 0.3481481484375
2 0.62578125 0.403703703125 0.621875 0.4106481484375 0.621875 0.42268518593750004 0.6252604171875 0.4296296296875 0.6317708328125 0.43009259218749996 0.6359375 0.42453703750000005 0.6369791671875 0.4125 0.6315104171875 0.40277777812500004 0.62578125 0.403703703125
2 0.6658854171875 0.4148148140625 0.6614583328125 0.42268518593750004 0.6614583328125 0.43379629687500004 0.66484375 0.440740740625 0.671875 0.44120370312499996 0.6770833328125 0.4328703703125 0.6770833328125 0.4236111109375 0.6716145828125 0.4138888890625 0.6658854171875 0.4148148140625
2 0.6450520828124999 0.48148148125 0.6416666671875 0.4875 0.6416666671875 0.5013888890625 0.64609375 0.5083333328124999 0.6520833328125 0.5078703703125 0.6567708328124999 0.5004629625 0.6567708328124999 0.48842592656250006 0.6518229171875001 0.48055555625 0.6450520828124999 0.48148148125
2 0.5299479171875 0.56851851875 0.525 0.5745370375000001 0.5239583328124999 0.5875 0.5278645828124999 0.5953703703125 0.5338541671875 0.596759259375 0.5390625 0.5893518515625 0.5395833328124999 0.578240740625 0.5361979171875 0.5703703703125 0.5299479171875 0.56851851875
2 0.6002604171875 0.575 0.5947916671875 0.58194444375 0.59375 0.5912037031249999 0.5971354171875001 0.6018518515625 0.6026041671875 0.6041666671875 0.6088541671875001 0.5976851859375001 0.6098958328124999 0.5856481484375 0.6065104171875 0.577777778125 0.6002604171875 0.575
2 0.5877604171875 0.6129629624999999 0.5833333328125 0.621759259375 0.5838541671875 0.633796296875 0.58828125 0.640740740625 0.59375 0.640277778125 0.5984375 0.63101851875 0.5984375 0.6208333328125 0.5940104171875 0.6129629624999999 0.5877604171875 0.6129629624999999
2 0.7013020828125 0.83148148125 0.6973958328125 0.8375 0.696875 0.8486111109375001 0.70078125 0.8583333328125 0.7067708328125 0.8606481484374999 0.7119791671875 0.8550925921875001 0.7130208328125 0.8430555562500001 0.7080729171875 0.8324074078124999 0.7013020828125 0.83148148125