1 0.1768229171875 0 0.1700520828125 0.009259259374999999 0.16067708281249998 0.003703703125 0.153125 0.015277778124999999 0.1463541671875 0.03194444375 0.14895833281249998 0.05601851875 0.1395833328125 0.0773148140625 0.14114583281249998 0.0875 0.1533854171875 0.097222221875 0.1609375 0.1115740734375 0.1609375 0.11898148125 0.1638020828125 0.1203703703125 0.16484375 0.12592592656249998 0.1651041671875 0.1199074078125 0.16796875 0.11851851875 0.1736979171875 0.10555555624999999 0.1809895828125 0.097222221875 0.1861979171875 0.0981481484375 0.1885416671875 0.128240740625 0.1927083328125 0.1476851859375 0.21901041718749997 0.1898148140625 0.23151041718749998 0.196296296875 0.2401041671875 0.2171296296875 0.23567708281250002 0.21944444375 0.23151041718749998 0.21203703749999997 0.2244791671875 0.22453703749999998 0.22369791718749998 0.23148148124999998 0.23984375 0.25740740781250004 0.2427083328125 0.25509259218749997 0.24322916718749998 0.2384259265625 0.24765625 0.240740740625 0.25052083281250004 0.24490740781250003 0.2484375 0.2513888890625 0.2513020828125 0.252777778125 0.2580729171875 0.2666666671875 0.2669270828125 0.2703703703125 0.2747395828125 0.2824074078125 0.27890625 0.2824074078125 0.28203125 0.2731481484375 0.2861979171875 0.2731481484375 0.28984375 0.2870370375 0.29453125 0.2851851859375 0.3005208328125 0.29305555625 0.3028645828125 0.309259259375 0.3059895828125 0.3111111109375 0.3127604171875 0.303703703125 0.3174479171875 0.3046296296875 0.3372395828125 0.33703703749999997 0.34322916718749996 0.3384259265625 0.3515625 0.3273148140625 0.3552083328125 0.3171296296875 0.3552083328125 0.3106481484375 0.3333333328125 0.271759259375 0.3338541671875 0.2523148140625 0.3299479171875 0.253703703125 0.3161458328125 0.241203703125 0.3135416671875 0.22175925937500002 0.3190104171875 0.22407407343750002 0.3239583328125 0.216203703125 0.32109375 0.2138888890625 0.3174479171875 0.2166666671875 0.315625 0.21342592656249998 0.3036458328125 0.1828703703125 0.296875 0.17268518593749999 0.2958333328125 0.16805555625 0.2979166671875 0.1606481484375 0.2903645828125 0.14444444375 0.27890625 0.127777778125 0.2747395828125 0.127777778125 0.2669270828125 0.140740740625 0.2627604171875 0.140740740625 0.25833333281250004 0.1273148140625 0.23046875 0.07685185156249999 0.20442708281250002 0.0648148140625 0.2010416671875 0.05601851875 0.2010416671875 0.0495370375 0.20625 0.0356481484375 0.20572916718749998 0.0208333328125 0.1924479171875 0 0.1768229171875 0
2 0.4828125 0.08101851875 0.47942708281249996 0.07685185156249999 0.47473958281249995 0.0759259265625 0.46875 0.0856481484375 0.46875 0.0976851859375 0.475 0.10787037031249999 0.48151041718750004 0.10555555624999999 0.484375 0.0986111109375 0.48541666718750004 0.09120370312500001 0.4828125 0.08101851875
2 0.48828125 0.0638888890625 0.48333333281249996 0.0699074078125 0.48229166718750005 0.078240740625 0.484375 0.090277778125 0.49114583281249996 0.0949074078125 0.49635416718750003 0.0893518515625 0.49791666718750005 0.07638888906249999 0.49453125 0.065740740625 0.48828125 0.0638888890625
2 0.5408854171875 0.2916666671875 0.5364583328125 0.30046296250000004 0.5369791671875 0.3134259265625 0.5408854171875 0.31944444375000003 0.546875 0.31898148125 0.5510416671875 0.3115740734375 0.5515625 0.30046296250000004 0.5471354171875 0.2916666671875 0.5408854171875 0.2916666671875
2 0.65078125 0.1416666671875 0.6458333328125 0.1513888890625 0.6458333328125 0.16157407343750002 0.6497395828125 0.16944444375 0.6557291671875001 0.1699074078125 0.6614583328125 0.1606481484375 0.6614583328125 0.1495370375 0.6575520828125 0.1416666671875 0.65078125 0.1416666671875
2 0.7294270828125 0.2296296296875 0.7229166671875 0.2375 0.721875 0.2486111109375 0.72578125 0.25833333281250004 0.7307291671875 0.258796296875 0.7375 0.2513888890625 0.7385416671875 0.241203703125 0.73515625 0.23148148124999998 0.7294270828125 0.2296296296875
2 0.7731770828125 0.2259259265625 0.7684895828125 0.2259259265625 0.7619791671875 0.2356481484375 0.7625 0.2486111109375 0.7692708328125 0.25509259218749997 0.77578125 0.2518518515625 0.7786458328125 0.24398148125 0.7776041671875 0.23101851875 0.7731770828125 0.2259259265625
2 0.6752604171875001 0.509259259375 0.6713541671875001 0.5143518515625 0.6697916671875 0.5236111109375 0.67421875 0.5351851859375001 0.6796875 0.5356481484375 0.6854166671875 0.5291666671875 0.6859375 0.51805555625 0.6809895828125 0.509259259375 0.6752604171875001 0.509259259375
2 0.44348958281249995 0.4768518515625 0.4375 0.48194444374999995 0.43541666718750005 0.49490740781250003 0.43932291718750005 0.503703703125 0.44427083281249996 0.5050925921875 0.45104166718750005 0.496759259375 0.45104166718750005 0.4865740734375 0.44817708281249996 0.478703703125 0.44348958281249995 0.4768518515625
2 0.6940104171875 0.5611111109375 0.6880208328124999 0.566203703125 0.6864583328125 0.578240740625 0.6893229171875 0.5861111109375 0.6947916671875001 0.5893518515625 0.7010416671875 0.584722221875 0.7026041671875001 0.5708333328124999 0.69921875 0.5638888890625 0.6940104171875 0.5611111109375
2 0.63203125 0.7009259265625001 0.6265625 0.7106481484375 0.6270833328125 0.7208333328125 0.6315104171875 0.728703703125 0.6364583328125 0.7291666671875 0.6411458328124999 0.7245370375 0.6421875 0.7106481484375 0.6393229171875 0.703703703125 0.63203125 0.7009259265625001
2 0.3846354171875 0.8824074078124999 0.3763020828125 0.8851851859375 0.371875 0.8986111109375001 0.3723958328125 0.9078703703125001 0.3752604171875 0.9138888890624999 0.3817708328125 0.915277778125 0.3856770828125 0.9138888890624999 0.39010416718749996 0.903240740625 0.3895833328125 0.8921296296874999 0.3846354171875 0.8824074078124999
0 0.6518229171875001 0.6648148140625 0.6484375 0.6763888890625 0.65 0.6856481484375 0.65390625 0.6916666671875 0.6598958328125 0.6921296296875 0.6651041671875 0.68194444375 0.6635416671875001 0.66898148125 0.65859375 0.6629629625 0.6518229171875001 0.6648148140625