2 0.81484375 0.134259259375 0.80703125 0.13333333281249998 0.8020833328125001 0.140277778125 0.8010416671874999 0.15324074062499998 0.8083333328125001 0.16157407343750002 0.8138020828125001 0.15925925937500002 0.8171875 0.1513888890625 0.8177083328125001 0.141203703125 0.81484375 0.134259259375
1 0.7651041671875001 0.3291666671875 0.7635416671875 0.32083333281250004 0.765625 0.3134259265625 0.7846354171875001 0.284259259375 0.7895833328124999 0.2856481484375 0.7864583328125 0.29305555625 0.78828125 0.29722222187499997 0.796875 0.2800925921875 0.7979166671875 0.26805555625 0.7932291671875 0.2375 0.8020833328125001 0.2236111109375 0.8005208328125001 0.20138888906250002 0.809375 0.1773148140625 0.8046439671875 0.16219417187500001 0.7996686109375 0.1569903859375 0.7919270828125 0.15648148125 0.784375 0.16898148125 0.7815104171875 0.18055555625 0.76953125 0.1925925921875 0.7653645828125 0.1824074078125 0.7611979171875001 0.1824074078125 0.75703125 0.19351851874999998 0.75234375 0.19351851874999998 0.74140625 0.178703703125 0.7369791671875 0.19398148125 0.7421875 0.2078703703125 0.740625 0.2171296296875 0.7276041671875 0.2375 0.72578125 0.24444444375000002 0.71796875 0.23518518593749999 0.7106770828125 0.23518518593749999 0.6979166671875 0.259722221875 0.6973958328125 0.266203703125 0.7083333328125 0.2791666671875 0.7046875 0.2921296296875 0.7057291671875 0.30046296250000004 0.70234375 0.302777778125 0.6927083328125 0.321759259375 0.6901041671875 0.3356481484375 0.69453125 0.33703703749999997 0.7046875 0.3550925921875 0.7057291671875 0.365277778125 0.71015625 0.375 0.7231770828124999 0.38333333281250004 0.7330729171875 0.3990740734375 0.7390625 0.40138888906250003 0.7572916671875001 0.3754629625 0.7614583328125 0.35601851875 0.7598958328125 0.3421296296875 0.7651041671875001 0.3291666671875
2 0.50859375 0.097222221875 0.503125 0.1050925921875 0.5026041671875 0.1171296296875 0.50703125 0.1268518515625 0.5119791671875 0.1273148140625 0.5171875 0.1208333328125 0.5182291671875 0.108796296875 0.5153645828125 0.1 0.50859375 0.097222221875
2 0.5002604171875 0.1574074078125 0.49505208281249996 0.1583333328125 0.490625 0.16805555625 0.4921875 0.18194444375000002 0.4984375 0.1875 0.50234375 0.1861111109375 0.50625 0.1773148140625 0.5057291671875 0.1643518515625 0.5002604171875 0.1574074078125
2 0.1955729171875 0.31851851875000003 0.1901041671875 0.3273148140625 0.1901041671875 0.3365740734375 0.1966145828125 0.3481481484375 0.20052083281250002 0.34861111093749997 0.20833333281250002 0.34120370312500004 0.2088541671875 0.32824074062499997 0.20442708281250002 0.31944444375000003 0.1955729171875 0.31851851875000003
2 0.18307291718750002 0.3379629625 0.1776041671875 0.34861111093749997 0.178125 0.35694444375 0.18307291718750002 0.36666666718749996 0.1895833328125 0.3671296296875 0.19583333281249998 0.36064814843750004 0.1963541671875 0.34861111093749997 0.1903645828125 0.3379629625 0.18307291718750002 0.3379629625
2 0.23359375 0.7398148140624999 0.225 0.7486111109375 0.22395833281250002 0.7606481484375001 0.22682291718749997 0.76851851875 0.23541666718749998 0.7708333328125 0.240625 0.765277778125 0.24322916718749998 0.7523148140625 0.23932291718749998 0.7416666671875001 0.23359375 0.7398148140624999
2 0.3497395828125 0.76944444375 0.34427083281250004 0.7773148140624999 0.34322916718749996 0.7884259265625 0.3466145828125 0.7981481484375 0.353125 0.7995370375 0.35885416718749996 0.7921296296875 0.3609375 0.7810185187500001 0.3565104171875 0.7703703703125 0.3497395828125 0.76944444375
2 0.5549479171875 0.9018518515625 0.5510416671875 0.909722221875 0.5510416671875 0.9226851859374999 0.5559895828125 0.93148148125 0.5619791671875001 0.93101851875 0.5666666671875 0.9208333328125 0.565625 0.9078703703125001 0.5611979171875 0.9009259265624999 0.5549479171875 0.9018518515625
2 0.5981770828124999 0.88055555625 0.5932291671875001 0.8865740734375 0.5921875 0.8995370375 0.5966145828125 0.909259259375 0.6026041671875 0.9106481484375 0.6072916671875 0.9050925921875 0.6083333328125 0.8921296296874999 0.6044270828125 0.8824074078124999 0.5981770828124999 0.88055555625
2 0.7393229171875 0.8768518515625001 0.7348958328124999 0.8828703703125 0.7338541671875001 0.89305555625 0.7377604171875001 0.902777778125 0.7458333328125 0.9050925921875 0.75 0.8976851859374999 0.7494791671875001 0.8847222218749999 0.7455729171875001 0.877777778125 0.7393229171875 0.8768518515625001
2 0.50703125 0.48055555625 0.5026041671875 0.48842592656250006 0.503125 0.4995370375 0.5059895828125 0.5074074078125 0.5114583328125 0.5078703703125 0.5161458328124999 0.503240740625 0.5171875 0.4893518515625 0.51328125 0.48148148125 0.50703125 0.48055555625
0 0.64296875 0.709259259375 0.6375 0.7162037031249999 0.6364583328125 0.7273148140625 0.6403645828125 0.7370370375 0.6473958328125 0.7384259265625001 0.6515625 0.733796296875 0.6526041671875 0.7199074078125001 0.6486979171875 0.7111111109375 0.64296875 0.709259259375