1 0.38246405 0.588145421875 0.39178047031249996 0.5907057515624999 0.40072691093749996 0.6028843625 0.40371634062500006 0.6053741296874999 0.41248581250000005 0.6034671031250001 0.43164019375 0.6001658765625 0.4483305640625 0.5990821796875 0.4553891140625 0.5929307078125 0.4657432375 0.5916576078125 0.4684958484375 0.59253575625 0.481027215625 0.606741446875 0.4892683625 0.6129342531249999 0.50444996875 0.6113759187500001 0.513758421875 0.5955389921875 0.5153713859375 0.5840567937500001 0.5171626125000001 0.5648550203125 0.5211367874999999 0.558948496875 0.5254432640625 0.5413149875000001 0.524683284375 0.515786953125 0.510916359375 0.4848380109375 0.5272606468750001 0.4446595203125 0.5561454546875 0.40799030937499997 0.5702357484375 0.3721857625 0.60427140625 0.29284651875 0.60990085 0.274288278125 0.6174247515625 0.25267642343749996 0.6216020531249999 0.2386391046875 0.628015696875 0.2186053234375 0.6319045078125 0.20112650156249998 0.6348184796874999 0.1804371984375 0.645333534375 0.154731790625 0.6376245890625001 0.1495949484375 0.6108679390625 0.13751119843749998 0.60199728125 0.1454996984375 0.5608072703125 0.28300887812500003 0.527389284375 0.3669892171875 0.4768009359375 0.44232218124999995 0.45235382656249995 0.4705170328125 0.42199567031249996 0.5014329531249999 0.384528696875 0.5234724578125001 0.3388106203125 0.5382524125 0.3366505453125 0.5700289609375 0.339851446875 0.5831591078125 0.34637865625 0.5859210312500001 0.348801278125 0.5869129328125 0.357150715625 0.5871070171875 0.3627759609375 0.5872074515625 0.38246405 0.588145421875
3 0.1859375 0.1234375 0.021875 0.0265625
3 0.40859375 0.17109375 0.021875 0.0296875
3 0.55234375 0.27578125 0.0203125 0.0359375
3 0.640625 0.50703125 0.0265625 0.0375
3 0.628125 0.675 0.0265625 0.0359375
3 0.778125 0.7546875 0.028125 0.040625
3 0.5640625 0.77421875 0.0296875 0.0390625
3 0.4703125 0.790625 0.028125 0.0390625
3 0.3234375 0.78125 0.0296875 0.0359375
3 0.28125 0.5125 0.028125 0.0359375
2 0.395020028125 0.5866315890625 0.40198835624999996 0.578962834375 0.38665805937500003 0.5150566000000001 0.374115096875 0.5164509140625 0.375044209375 0.5292321624999999 0.3374964484375 0.53757824375 0.3367185015625 0.57292079375 0.3434545390625 0.585004884375 0.3847998359375 0.58082193125 0.395020028125 0.5866315890625