3 0.05546875 0.78203125 0.03125 0.0390625
3 0.1859375 0.12265625 0.028125 0.0328125
3 0.415625 0.17265625 0.0265625 0.0328125
3 0.48515625 0.37578125 0.0265625 0.034375
3 0.72421875 0.26640625 0.028125 0.034375
3 0.3234375 0.7828125 0.0296875 0.0421875
3 0.4734375 0.78984375 0.03125 0.0328125
1 0.47407407343749997 0.44444444375 0.46543209843750005 0.44166666718750003 0.459259259375 0.4546296296875 0.458024690625 0.46481481406249997 0.44506172812499994 0.478703703125 0.43395061718749994 0.48703703750000005 0.4290123453125 0.48703703750000005 0.42469135781249995 0.4824074078125 0.40432098749999995 0.4861111109375 0.400617284375 0.48981481406249994 0.4 0.5129629625 0.3981481484375 0.515740740625 0.3888888890625 0.51944444375 0.3802469140625 0.5120370375000001 0.37345679062500003 0.5120370375000001 0.3703703703125 0.5296296296875 0.340740740625 0.5398148140625 0.3376543203125 0.546296296875 0.33703703749999997 0.5611111109375 0.3438271609375 0.58055555625 0.3796296296875 0.5759259265625001 0.3975308640625 0.5870370375 0.4024691359375 0.6 0.408641975 0.6046296296875 0.430864196875 0.5981481484375 0.441358025 0.5861111109375 0.45555555625000005 0.5898148140624999 0.47592592656250005 0.5861111109375 0.480864196875 0.602777778125 0.491358025 0.6101851859375 0.5043209875 0.6074074078125 0.5117283953125 0.6018518515625 0.5148148140625 0.5953703703125 0.5135802468749999 0.5731481484375001 0.5074074078125 0.5629629625 0.4981481484375 0.5574074078125 0.519135803125 0.5509259265625001 0.52283950625 0.54444444375 0.52283950625 0.5379629625 0.519135803125 0.50648148125 0.5074074078125 0.490740740625 0.5135802468749999 0.4861111109375 0.5148148140625 0.48148148125 0.508024690625 0.478703703125 0.5074074078125 0.475 0.54012345625 0.42592592656250006 0.5950617281249999 0.325 0.6209876546875 0.25555555625 0.64012345625 0.18055555625 0.64012345625 0.171296296875 0.63580246875 0.1648148140625 0.6234567906249999 0.15648148125 0.6111111109375 0.1546296296875 0.6067901234375 0.1601851859375 0.5944444437499999 0.2166666671875 0.577777778125 0.2666666671875 0.5530864203125 0.3231481484375 0.5216049375 0.38055555625 0.4802469140625 0.43981481406249995 0.47407407343749997 0.44444444375
3 0.3240740734375 0.5101851859375001 0.323456790625 0.5101851859375001 0.32283950625 0.5138888890625 0.322222221875 0.5138888890625 0.322222221875 0.5240740734375 0.323456790625 0.525 0.323456790625 0.5268518515625 0.3253086421875 0.5287037031249999 0.3253086421875 0.5296296296875 0.32592592656249997 0.5296296296875 0.32592592656249997 0.5305555562500001 0.3283950625 0.5314814812499999 0.3283950625 0.5324074078125001 0.33580246874999997 0.5324074078125001 0.33580246874999997 0.5314814812499999 0.3376543203125 0.5314814812499999 0.3382716046875 0.5296296296875 0.3395061734375 0.5296296296875 0.3395061734375 0.527777778125 0.341358025 0.5259259265625 0.341975309375 0.522222221875 0.3425925921875 0.522222221875 0.3425925921875 0.515740740625 0.341975309375 0.515740740625 0.341975309375 0.5138888890625 0.341358025 0.5138888890625 0.341358025 0.5120370375000001 0.34012345625 0.5111111109375 0.34012345625 0.509259259375 0.3382716046875 0.5074074078125 0.3382716046875 0.50648148125 0.33703703749999997 0.50648148125 0.336419753125 0.5046296296875 0.3345679015625 0.5046296296875 0.3345679015625 0.503703703125 0.3296296296875 0.503703703125 0.3296296296875 0.5046296296875 0.32777777812500003 0.5046296296875 0.32716049375 0.50648148125 0.32592592656249997 0.50648148125 0.3246913578125 0.509259259375 0.3240740734375 0.509259259375 0.3240740734375 0.5101851859375001
3 0.7870370375 0.0870370375 0.7876543203125 0.0870370375 0.7876543203125 0.09074074062500001 0.7882716046875 0.09074074062500001 0.7882716046875 0.09351851875 0.7888888890625 0.09351851875 0.7888888890625 0.097222221875 0.7895061734375 0.097222221875 0.7895061734375 0.1 0.79012345625 0.1 0.79012345625 0.102777778125 0.7925925921875 0.102777778125 0.7932098765625 0.10092592656249999 0.7938271609374999 0.10092592656249999 0.7938271609374999 0.1 0.795061728125 0.1 0.795061728125 0.0990740734375 0.7956790125000001 0.0990740734375 0.7956790125000001 0.097222221875 0.7969135796875 0.09629629687499999 0.7975308640625001 0.0925925921875 0.7981481484375 0.0925925921875 0.7981481484375 0.08425925937499999 0.7975308640625001 0.08425925937499999 0.7975308640625001 0.0824074078125 0.7969135796875 0.0824074078125 0.7969135796875 0.08055555625000001 0.7956790125000001 0.07962962968750001 0.7956790125000001 0.078703703125 0.79444444375 0.078703703125 0.7938271609374999 0.07685185156249999 0.791358025 0.07685185156249999 0.791358025 0.0759259265625 0.7870370375 0.0759259265625 0.7870370375 0.07685185156249999 0.78580246875 0.07685185156249999 0.78580246875 0.08055555625000001 0.786419753125 0.08055555625000001 0.786419753125 0.08425925937499999 0.7870370375 0.08425925937499999 0.7870370375 0.0870370375
2 0.390408634375 0.5675134078124999 0.38219531562500003 0.5607463109374999 0.383886284375 0.511201546875 0.374465125 0.5119266 0.3734988671875 0.52787759375 0.3401239375 0.5385446765624999 0.33750521875 0.5626797734375 0.3452353890625 0.5822560109375 0.3771223890625 0.5776640359375 0.390408634375 0.5675134078124999