1 0.23958333281250002 0.9495370375000001 0.240625 0.9273148140625 0.24296875 0.91944444375 0.2549479171875 0.9203703703125001 0.25703125 0.9277777781250001 0.2638020828125 0.9305555562500001 0.2705729171875 0.9259259265625 0.27421875 0.91851851875 0.2950520828125 0.9129629625 0.30234375 0.915740740625 0.3096354171875 0.9296296296875 0.3346354171875 0.928703703125 0.3377604171875 0.93148148125 0.34036458281250004 0.91944444375 0.3596354171875 0.915740740625 0.36484375 0.9101851859375 0.37265625 0.9101851859375 0.3768229171875 0.9138888890624999 0.38046875 0.9055555562500001 0.38359375 0.9055555562500001 0.3846354171875 0.9148148140625001 0.3848958328125 0.9069444437499999 0.3885416671875 0.903240740625 0.3890625 0.891203703125 0.3986979171875 0.8870370375000001 0.4028645828125 0.8768518515625001 0.43776041718750003 0.865740740625 0.4427083328125 0.8495370375 0.44166666718750003 0.8291666671875 0.43932291718750005 0.8231481484375 0.43567708281249995 0.821296296875 0.40598958281249997 0.8259259265625 0.40416666718750005 0.8236111109375001 0.4046875 0.809722221875 0.4018229171875 0.8009259265625 0.38828125 0.8027777781250001 0.3846354171875 0.797222221875 0.38046875 0.8 0.3768229171875 0.7898148140625 0.37265625 0.7953703703125 0.36484375 0.796296296875 0.3611979171875 0.7888888890625 0.3575520828125 0.7953703703125 0.3486979171875 0.79351851875 0.33932291718749996 0.7981481484375 0.334375 0.7949074078125 0.3380208328125 0.7736111109375 0.3330729171875 0.765740740625 0.3138020828125 0.7666666671875 0.3088541671875 0.7736111109375 0.3083333328125 0.7875 0.31302083281250004 0.7976851859375 0.31328125 0.8111111109375001 0.3059895828125 0.8138888890624999 0.2940104171875 0.803703703125 0.26953125 0.8222222218749999 0.25625 0.8430555562500001 0.25442708281250004 0.8611111109375 0.2421875 0.8625 0.240625 0.8300925921875001 0.23723958281250002 0.8222222218749999 0.21223958281250002 0.828703703125 0.20807291718749998 0.8268518515625001 0.20572916718749998 0.8328703703125001 0.20625 0.8680555562500001 0.20390625 0.8740740734375001 0.19973958281249998 0.8740740734375001 0.1973958328125 0.8791666671874999 0.1973958328125 0.9004629625 0.1989583328125 0.921759259375 0.20677083281250003 0.9291666671875 0.209375 0.9550925921875001 0.2125 0.9662037031249999 0.2221354171875 0.9601851859374999 0.23151041718749998 0.9601851859374999 0.23723958281250002 0.9546296296874999 0.23958333281250002 0.9495370375000001
0 0.7768229171875001 0.7490740734375 0.7713541671875 0.75601851875 0.7708333328125 0.7671296296875 0.7763020828125 0.777777778125 0.78125 0.7791666671875 0.7864583328125 0.7745370375 0.7880208328125 0.7615740734374999 0.78359375 0.7518518515625 0.7768229171875001 0.7490740734375
3 0.70234375 0.83055555625 0.6979166671875 0.8356481484374999 0.6963541671875 0.8449074078125 0.70078125 0.8583333328125 0.70625 0.8606481484374999 0.7119791671875 0.8550925921875001 0.7130208328125 0.8430555562500001 0.7080729171875 0.8324074078124999 0.70234375 0.83055555625
3 0.6393229171875 0.09629629687499999 0.6322916671875001 0.103240740625 0.6307291671875 0.1125 0.63515625 0.12592592656249998 0.6401041671875001 0.1263888890625 0.6458333328125 0.11898148125 0.6463541671875 0.10694444375 0.64296875 0.0981481484375 0.6393229171875 0.09629629687499999
3 0.62734375 0.4018518515625 0.6229166671875 0.4078703703125 0.621875 0.41898148125 0.6247395828125 0.4268518515625 0.6322916671875001 0.428240740625 0.6364583328125 0.42268518593750004 0.6375 0.4106481484375 0.6330729171875 0.4018518515625 0.62734375 0.4018518515625
3 0.66640625 0.4148148140625 0.6609375 0.4254629625 0.6614583328125 0.4328703703125 0.66640625 0.44166666718750003 0.6723958328124999 0.44120370312499996 0.6770833328125 0.4328703703125 0.6770833328125 0.4236111109375 0.6716145828125 0.4138888890625 0.66640625 0.4148148140625
3 0.6450520828124999 0.48148148125 0.6411458328124999 0.49120370312499995 0.6427083328125 0.5041666671875 0.64609375 0.5083333328124999 0.6526041671875 0.5078703703125 0.6572916671875 0.49768518593750005 0.65625 0.4865740734375 0.65234375 0.48055555625 0.6450520828124999 0.48148148125
3 0.6002604171875 0.575 0.5947916671875 0.58194444375 0.59375 0.5930555562500001 0.5966145828125 0.6009259265625 0.6020833328124999 0.6041666671875 0.6088541671875001 0.5976851859375001 0.6098958328124999 0.5865740734375 0.60703125 0.578703703125 0.6002604171875 0.575
3 0.5877604171875 0.6129629624999999 0.5833333328125 0.621759259375 0.5838541671875 0.633796296875 0.58828125 0.640740740625 0.59375 0.640277778125 0.5984375 0.63101851875 0.5984375 0.6208333328125 0.5940104171875 0.6129629624999999 0.5877604171875 0.6129629624999999
3 0.5299479171875 0.56851851875 0.525 0.5745370375000001 0.5239583328124999 0.5865740734375 0.5278645828124999 0.5953703703125 0.5338541671875 0.596759259375 0.5390625 0.5893518515625 0.5395833328124999 0.578240740625 0.5361979171875 0.5703703703125 0.5299479171875 0.56851851875
3 0.5033854171875001 0.3481481484375 0.49791666718750005 0.35601851875 0.4973958328125 0.366203703125 0.50078125 0.375 0.50625 0.3773148140625 0.5130208328125 0.36990740781250003 0.5135416671875 0.35972222187499997 0.51015625 0.35 0.5033854171875001 0.3481481484375
3 0.44713541718750005 0.352777778125 0.44322916718750005 0.358796296875 0.44322916718750005 0.3708333328125 0.4466145828125 0.378703703125 0.4526041671875 0.38009259218749997 0.4578125 0.3726851859375 0.4583333328125 0.36157407343750003 0.45234375 0.3518518515625 0.44713541718750005 0.352777778125
3 0.41692708281249996 0.39074074062499997 0.4125 0.3976851859375 0.4125 0.41157407343749997 0.41588541718750005 0.41851851875 0.4234375 0.41898148125 0.428125 0.41157407343749997 0.42760416718750005 0.3976851859375 0.42421875 0.3916666671875 0.41692708281249996 0.39074074062499997
2 0.40405711093749996 0.8269112390625001 0.40883777187500003 0.8377598296875 0.4096620234375 0.8597502125 0.40685956093750003 0.8723580515625 0.4373792140625 0.8662305968749999 0.44230237343749995 0.856231771875 0.44230237343749995 0.8371734171874999 0.43834596406250004 0.8210471359374999 0.40405711093749996 0.8269112390625001