0 0.275 0.63515625 0.0296875 0.0375
0 0.33515625 0.69765625 0.028125 0.03359375
0 0.4296875 0.65078125 0.025 0.0265625
0 0.44375 0.68046875 0.025 0.02734375
3 0.2625 0.14453125 0.028125 0.0375
3 0.45078125 0.33203125 0.028125 0.03359375
3 0.6765625 0.40546875 0.025 0.03359375
3 0.35390625 0.49296875 0.025 0.03359375
3 0.15234375 0.45859375 0.0296875 0.03515625
3 0.76328125 0.1484375 0.0203125 0.02578125
3 0.6546875 0.19296875 0.0203125 0.02734375
2 0.6955147421875 0.1657268234375 0.702013659375 0.1658935375 0.7102622875 0.1613921671875 0.711762053125 0.15439003906249998 0.70813764375 0.1463876015625 0.7019062468749999 0.1425416671875 0.693140134375 0.14688775625 0.6901406296875 0.1553903421875 0.6955147421875 0.1657268234375
1 0.70625 0.2104166671875 0.7 0.2645833328125 0.7296875 0.3333333328125 0.7140625 0.3479166671875 0.7203125 0.3729166671875 0.7359375 0.3791666671875 0.75 0.36875 0.759375 0.38333333281250004 0.7828125 0.3854166671875 0.8015625 0.4270833328125 0.8296875 0.4125 0.840625 0.41875 0.853125 0.41041666718750003 0.8625 0.39791666718749996 0.8640625 0.38125 0.875 0.36875 0.875 0.35208333281250004 0.8625 0.3375 0.8625 0.325 0.840625 0.3333333328125 0.771875 0.2104166671875 0.7578125 0.20416666718749998 0.7484375 0.2125 0.740625 0.18125 0.728125 0.1833333328125 0.7078125 0.14375 0.696875 0.14375 0.6859375 0.1541666671875 0.6828125 0.1708333328125 0.70625 0.2104166671875