0 0.14375 0.675 0.0328125 0.03984375
3 0.18359375 0.121875 0.028125 0.0375
3 0.0890625 0.57265625 0.0296875 0.0375
3 0.08359375 0.45078125 0.0265625 0.03515625
3 0.1375 0.35625 0.028125 0.0375
3 0.13515625 0.38515625 0.0296875 0.0375
3 0.66015625 0.12578125 0.0203125 0.03125
0 0.49140625 0.11640625 0.0234375 0.02890625
0 0.675 0.18125 0.01875 0.03125
0 0.70546875 0.2859375 0.0203125 0.0265625
2 0.7123805703125 0.1759049421875 0.7210045484375 0.18357430156250001 0.731995896875 0.1761305046875 0.7296285265625 0.16643101093749998 0.7239004437500001 0.16157145625 0.7181298796875 0.16327303124999998 0.7113659734375 0.16868670624999998 0.7123805703125 0.1759049421875
1 0.7265625 0.22291666718749997 0.7234375 0.28125 0.753125 0.34375 0.740625 0.3625 0.746875 0.3875 0.759375 0.39375 0.78125 0.38125 0.7921875 0.39375 0.815625 0.3958333328125 0.8203125 0.4 0.81875 0.4166666671875 0.834375 0.43958333281249995 0.8546875 0.4291666671875 0.875 0.43333333281249997 0.884375 0.4270833328125 0.9078125 0.3791666671875 0.90625 0.3645833328125 0.8921875 0.3395833328125 0.875 0.3479166671875 0.8578125 0.3333333328125 0.8 0.23125 0.771875 0.2166666671875 0.7703125 0.20416666718749998 0.7609375 0.19583333281249998 0.7515625 0.2 0.7296875 0.16458333281249998 0.715625 0.1625 0.70625 0.175 0.70625 0.1854166671875 0.7265625 0.22291666718749997