0 0.44609375 0.74375 0.0265625 0.03359375
0 0.7421875 0.68203125 0.021875 0.03125
0 0.49453125 0.53828125 0.0234375 0.03359375
3 0.31484375 0.665625 0.0265625 0.03359375
3 0.40625 0.64765625 0.0265625 0.03359375
3 0.2203125 0.290625 0.028125 0.03515625
0 0.6125 0.74453125 0.0234375 0.03125
3 0.57265625 0.16328125 0.028125 0.03515625
3 0.78046875 0.1796875 0.01796875 0.025
3 0.7 0.565625 0.01796875 0.025
3 0.66875 0.50546875 0.0171875 0.01328125
3 0.740625 0.3890625 0.01875 0.02421875
2 0.691484759375 0.1567669671875 0.6964839296875 0.1641025296875 0.7011081578125 0.1649361171875 0.7084819453125 0.16160176875 0.7119813484375 0.15693368125 0.710106659375 0.15076513593750002 0.7067322234375 0.1440964390625 0.700499996875 0.1429583328125 0.6934844250000001 0.1467639234375 0.690984840625 0.15093185781250001 0.691484759375 0.1567669671875
1 0.70625 0.2125 0.7 0.2625 0.7265625 0.33125 0.7265625 0.3395833328125 0.7140625 0.3458333328125 0.71875 0.36875 0.725 0.3770833328125 0.75 0.3729166671875 0.75625 0.38333333281250004 0.78125 0.3854166671875 0.8015625 0.4270833328125 0.853125 0.41041666718750003 0.8765625 0.36875 0.8765625 0.35208333281250004 0.8671875 0.3458333328125 0.8609375 0.325 0.840625 0.33125 0.821875 0.3083333328125 0.771875 0.2104166671875 0.7578125 0.20416666718749998 0.7484375 0.2125 0.740625 0.18125 0.728125 0.1833333328125 0.709375 0.1458333328125 0.696875 0.14375 0.684375 0.15625 0.6828125 0.1708333328125 0.70625 0.2125