0 0.73359375 0.69453125 0.025 0.03125
0 0.4421875 0.74375 0.025 0.03125
0 0.609375 0.74453125 0.021875 0.02890625
0 0.490625 0.53984375 0.0234375 0.03125
3 0.3125 0.66640625 0.025 0.03359375
3 0.56953125 0.16484375 0.025 0.03515625
3 0.21953125 0.28828125 0.0203125 0.028125
3 0.4015625 0.64765625 0.01953125 0.03046875
3 0.77109375 0.1796875 0.01953125 0.02890625
2 0.6906413796875001 0.16555528125000002 0.6956405484375 0.1680560421875 0.7001398 0.167389175 0.704889015625 0.16472169375 0.7081384734375 0.1612206296875 0.7082634515625 0.1542184984375 0.7045140734374999 0.14871682343749998 0.699139971875 0.145882625 0.693624996875 0.14775 0.687641875 0.1550520828125 0.687641875 0.16038704374999999 0.6906413796875001 0.16555528125000002
1 0.7046875 0.23958333281250002 0.696875 0.2666666671875 0.7234375 0.33125 0.7109375 0.35 0.7171875 0.375 0.7265625 0.38333333281250004 0.7453125 0.36875 0.7640625 0.3791666671875 0.771875 0.35208333281250004 0.7625 0.3333333328125 0.775 0.3291666671875 0.790625 0.3541666671875 0.7921875 0.3729166671875 0.771875 0.3729166671875 0.7875 0.3854166671875 0.784375 0.4 0.7984375 0.4270833328125 0.815625 0.4166666671875 0.840625 0.41875 0.8515625 0.4125 0.8609375 0.3854166671875 0.871875 0.375 0.8765625 0.3541666671875 0.8609375 0.3375 0.859375 0.3270833328125 0.8390625 0.3395833328125 0.825 0.33541666718749996 0.821875 0.3145833328125 0.7859375 0.25 0.78125 0.2270833328125 0.7609375 0.20833333281250002 0.7453125 0.2125 0.7421875 0.1875 0.725 0.1854166671875 0.703125 0.1458333328125 0.6953125 0.1458333328125 0.6796875 0.1708333328125 0.7 0.20833333281250002 0.7046875 0.23958333281250002