0 0.371875 0.78125 0.025 0.03359375
3 0.65234375 0.29453125 0.028125 0.0375
0 0.528125 0.86640625 0.0203125 0.03359375
0 0.6625 0.88046875 0.025 0.03515625
0 0.47421875 0.6125 0.028125 0.03515625
3 0.2734375 0.64609375 0.0296875 0.03515625
3 0.659375 0.73203125 0.0203125 0.03125
3 0.65625 0.684375 0.65234375 0.6604166671875 0.6375 0.665625 0.63671875 0.6770833328125 0.65625 0.684375
3 0.3484375 0.671875 0.35390625 0.6833333328125 0.3625 0.684375 0.3703125 0.6760416671875 0.3703125 0.6635416671875001 0.35703125 0.65625 0.3484375 0.671875
3 0.28359375 0.23125 0.278125 0.246875 0.28359375 0.25833333281250004 0.29375 0.259375 0.3 0.2552083328125 0.3015625 0.240625 0.29453125 0.23125 0.28359375 0.23125
3 0.8328125 0.415625 0.846875 0.41979166718750005 0.853125 0.4114583328125 0.8515625 0.396875 0.83359375 0.3958333328125 0.8328125 0.415625
3 0.74296875 0.5770833328125 0.7375 0.596875 0.753125 0.6052083328125 0.759375 0.6010416671875001 0.7609375 0.5864583328124999 0.75546875 0.5770833328125 0.74296875 0.5770833328125
1 0.8578125 0.6010416671875001 0.83125 0.45104166718750005 0.82265625 0.43541666718750005 0.80625 0.4302083328125 0.809375 0.403125 0.796875 0.3947916671875 0.7859375 0.3447916671875 0.77109375 0.3395833328125 0.7578125 0.35104166718749996 0.7671875 0.4114583328125 0.7484375 0.45104166718750005 0.7625 0.5322916671875 0.75859375 0.5395833328124999 0.73984375 0.5375 0.7375 0.5614583328125 0.74453125 0.5770833328125 0.76171875 0.5666666671875 0.76953125 0.59375 0.78515625 0.59375 0.79375 0.6072916671875 0.79765625 0.66875 0.82578125 0.66875 0.84375 0.678125 0.88046875 0.65625 0.8890625 0.6385416671875 0.87890625 0.6020833328124999 0.8578125 0.6010416671875001
2 0.7701297234375 0.3607814921875 0.7894573031250001 0.3597903328125 0.7827669875 0.3409583328125 0.7641827765625 0.34294064999999996 0.7701297234375 0.3607814921875