0 0.753125 0.7875 0.028125 0.03359375
3 0.08359375 0.11171875 0.021875 0.03359375
0 0.1453125 0.69609375 0.0328125 0.0375
0 0.73125 0.34375 0.028125 0.03515625
3 0.47421875 0.80390625 0.0265625 0.0375
3 0.08828125 0.57734375 0.0296875 0.03125
0 0.7421875 0.80859375 0.0234375 0.03125
3 0.86484375 0.54140625 0.0265625 0.03515625
3 0.715625 0.73515625 0.0265625 0.03359375
3 0.0828125 0.45625 0.0265625 0.03359375
3 0.1375 0.359375 0.0234375 0.03125
3 0.13359375 0.39140625 0.025 0.03125
2 0.1289452640625 0.46649175625000006 0.12803078437499998 0.44404595 0.11815440937499999 0.4445339046875 0.11285042187500001 0.46112427968749997 0.117605715625 0.4684435640625 0.1289452640625 0.46649175625000006
1 0.2921875 0.38125 0.265625 0.38125 0.190625 0.40208333281249997 0.175 0.42083333281249996 0.1546875 0.425 0.1515625 0.43541666718750005 0.115625 0.44375 0.1140625 0.47083333281249995 0.1203125 0.4791666671875 0.18125 0.48333333281249996 0.1984375 0.5020833328125 0.2578125 0.5 0.265625 0.5125 0.3015625 0.5104166671875 0.3015625 0.49583333281249997 0.3109375 0.4916666671875 0.3125 0.48125 0.35 0.48125 0.346875 0.45208333281249996 0.3546875 0.42083333281249996 0.34375 0.3958333328125 0.340625 0.36666666718749996 0.3234375 0.36875 0.31875 0.3625 0.3046875 0.3729166671875 0.29375 0.36875 0.2921875 0.38125