0 0.6859375 0.63671875 0.0265625 0.03125
0 0.58515625 0.73984375 0.021875 0.02734375
0 0.4390625 0.81171875 0.0234375 0.02890625
3 0.6140625 0.54140625 0.01875 0.02734375
0 0.43828125 0.61171875 0.0171875 0.0234375
3 0.384375 0.74453125 0.01796875 0.0234375
3 0.31640625 0.79609375 0.01796875 0.025
3 0.18125 0.52890625 0.0171875 0.02109375
3 0.425 0.2828125 0.0171875 0.0203125
3 0.609375 0.3796875 0.0171875 0.02109375
3 0.58984375 0.20234375 0.01640625 0.02578125
2 0.515204109375 0.22743561093750003 0.520453234375 0.22926950468750001 0.525077471875 0.2261018703125 0.5284519078125001 0.2212670703125 0.5302016187499999 0.2152652390625 0.5260773000000001 0.21043043749999998 0.51945340625 0.21043043749999998 0.515343746875 0.2142083328125 0.512954478125 0.2192664609375 0.512079628125 0.22393454531249998 0.515204109375 0.22743561093750003
1 0.54375 0.22291666718749997 0.528125 0.2104166671875 0.51875 0.2104166671875 0.5109375 0.21875 0.509375 0.23541666718749998 0.540625 0.275 0.5421875 0.2958333328125 0.55 0.3020833328125 0.5546875 0.3166666671875 0.5765625 0.3375 0.5796875 0.3625 0.5984375 0.3791666671875 0.61284165625 0.3633328515625 0.621875 0.3625 0.6328125 0.3604166671875 0.64375 0.3729166671875 0.6609375 0.35 0.671875 0.3458333328125 0.6921875 0.29375 0.6625 0.2604166671875 0.6515625 0.275 0.6453125 0.275 0.6015625 0.2416666671875 0.5890625 0.2270833328125 0.5734375 0.22291666718749997 0.55 0.21875 0.54375 0.22291666718749997