0 0.490625 0.11796875 0.025 0.03359375
3 0.6609375 0.12734375 0.021875 0.03125
0 0.14453125 0.67578125 0.0328125 0.0375
3 0.18359375 0.121875 0.0234375 0.03125
3 0.0890625 0.57421875 0.0296875 0.03359375
3 0.675 0.18359375 0.0234375 0.03359375
0 0.675 0.18359375 0.0234375 0.03359375
3 0.08359375 0.45078125 0.0234375 0.03125
3 0.1390625 0.35546875 0.02109375 0.025
3 0.13359375 0.38671875 0.02265625 0.02734375
2 0.129611365625 0.46345086406249997 0.1297872234375 0.4392878265625 0.11701132968750001 0.43949240156249997 0.11343209218750001 0.45148663593749994 0.11554243906249999 0.46345086406249997 0.129611365625 0.46345086406249997
1 0.2921875 0.375 0.196875 0.39375 0.178125 0.4145833328125 0.1578125 0.41875 0.153125 0.43125 0.1203125 0.43541666718750005 0.1140625 0.44375 0.1140625 0.4625 0.1234375 0.475 0.184375 0.4770833328125 0.2 0.49791666718750005 0.2578125 0.49375 0.2671875 0.5083333328124999 0.303125 0.5083333328124999 0.3125 0.4770833328125 0.35 0.475 0.3484375 0.44166666718750003 0.3546875 0.4291666671875 0.340625 0.3604166671875 0.325 0.36666666718749996 0.3171875 0.3604166671875 0.30625 0.36875 0.296875 0.3645833328125 0.2921875 0.375