0 0.41328125 0.75234375 0.0234375 0.03125
0 0.525 0.75078125 0.01875 0.03359375
3 0.4015625 0.64296875 0.0265625 0.0375
3 0.315625 0.61640625 0.0296875 0.0375
0 0.73984375 0.56015625 0.0234375 0.03125
3 0.703125 0.70859375 0.0203125 0.03359375
0 0.51640625 0.58515625 0.0234375 0.03359375
3 0.7 0.265625 0.0296875 0.03984375
3 0.340625 0.20729166718749997 0.3390625 0.203125 0.33359375 0.1979166671875 0.32421875 0.1979166671875 0.32109375 0.2 0.31875 0.2052083328125 0.31875 0.215625 0.32265625 0.22291666718749997 0.32890625 0.2270833328125 0.3328125 0.2260416671875 0.33671875 0.225 0.3390625 0.221875 0.340625 0.21770833281250002 0.340625 0.20729166718749997
3 0.9046875 0.3760416671875 0.90078125 0.36875 0.89765625 0.36875 0.89609375 0.36666666718749996 0.88984375 0.36666666718749996 0.8828125 0.3739583328125 0.88125 0.378125 0.88125 0.3864583328125 0.88359375 0.3916666671875 0.88984375 0.3958333328125 0.8953125 0.3947916671875 0.89921875 0.39375 0.903125 0.3885416671875 0.9046875 0.384375 0.9046875 0.3760416671875
3 0.79296875 0.5520833328125 0.784375 0.5614583328125 0.784375 0.5739583328125 0.796875 0.5822916671875 0.80625 0.5760416671875 0.8078125 0.565625 0.80234375 0.5541666671875001 0.79296875 0.5520833328125
3 0.7 0.659375 0.69765625 0.6375 0.6828125 0.6385416671875 0.68203125 0.65625 0.7 0.659375
1 0.9109375 0.5802083328125 0.884375 0.4302083328125 0.87578125 0.4125 0.85625 0.403125 0.8609375 0.378125 0.846875 0.3697916671875 0.8359375 0.315625 0.81640625 0.3145833328125 0.8078125 0.3239583328125 0.8078125 0.340625 0.81875 0.38229166718749996 0.796875 0.428125 0.8015625 0.5114583328125 0.78515625 0.5125 0.7828125 0.5364583328125 0.78984375 0.5520833328125 0.80859375 0.5458333328125 0.81953125 0.5729166671875 0.8453125 0.5885416671875 0.8484375 0.6010416671875001 0.8421875 0.6135416671875 0.84921875 0.65 0.87890625 0.6479166671875001 0.8921875 0.659375 0.9359375 0.634375 0.940625 0.615625 0.934375 0.5864583328124999 0.9109375 0.5802083328125
2 0.8200111625 0.3358228890625 0.8370947281250001 0.33366820625 0.8338627015625001 0.31427605000000003 0.8158557 0.31519948593749997 0.8200111625 0.3358228890625