3 0.86015625 0.69140625 0.0171875 0.02734375
3 0.81015625 0.828125 0.01875 0.02734375
0 0.71640625 0.97109375 0.015625 0.02890625
0 0.83671875 0.96484375 0.021875 0.03515625
3 0.459375 0.48854166718750003 0.4625 0.471875 0.44921875 0.46875 0.446875 0.484375 0.459375 0.48854166718750003
3 0.73125 0.478125 0.7421875 0.48645833281249995 0.7484375 0.48229166718750005 0.7484375 0.46979166718750004 0.73671875 0.46458333281249997 0.73125 0.478125
3 0.9046875 0.5510416671875 0.9125 0.534375 0.89921875 0.5270833328125 0.8921875 0.5427083328125 0.9046875 0.5510416671875
3 0.5359375 0.8177083328125001 0.55 0.8239583328125001 0.5546875 0.8072916671874999 0.54921875 0.8 0.53828125 0.8020833328125001 0.5359375 0.8177083328125001
3 0.4609375 0.809375 0.46875 0.8135416671875 0.478125 0.8052083328125 0.47265625 0.7875 0.459375 0.7947916671875 0.4609375 0.809375
0 0.55625 0.9177083328125001 0.56328125 0.9291666671875 0.571875 0.928125 0.5796875 0.9114583328125001 0.57265625 0.9 0.56171875 0.9 0.55625 0.9177083328125001
0 0.63671875 0.74453125 0.02265625 0.03125
1 0.96171875 0.65625 0.94375 0.640625 0.90078125 0.5520833328125 0.88515625 0.5520833328125 0.87890625 0.5270833328125 0.86796875 0.5270833328125 0.84765625 0.49375 0.83515625 0.49583333281249997 0.828125 0.509375 0.846875 0.5447916671875 0.8390625 0.5822916671875 0.853125 0.6385416671875 0.84375 0.6510416671875 0.8484375 0.678125 0.90703125 0.68125 0.9140625 0.6864583328125 0.9125 0.6989583328125 0.92421875 0.7229166671875 0.9640625 0.721875 0.9875 0.696875 0.990625 0.678125 0.97421875 0.65625 0.96171875 0.65625
2 0.8415550171874999 0.5067100499999999 0.8400318406249999 0.5077255 0.8537404296875 0.5026482453125001 0.845362959375 0.49350918750000006 0.8354623125 0.4945246375 0.8415550171874999 0.5067100499999999