3 0.1828125 0.12265625 0.0265625 0.0375
3 0.09140625 0.371875 0.0296875 0.03359375
0 0.14375 0.67421875 0.0328125 0.03984375
3 0.08359375 0.45078125 0.0265625 0.03359375
0 0.15625 0.35390625 0.028125 0.03984375
3 0.0890625 0.57265625 0.0296875 0.03515625
3 0.15859375 0.271875 0.0296875 0.0375
3 0.678125 0.35703125 0.015625 0.02734375
2 0.66640625 0.31796875 0.0109375 0.02109375
1 0.7109375 0.3125 0.6609938765625001 0.3055401640625 0.65440616875 0.34069114375 0.7097429296875 0.351675825 0.7169893984375 0.3745239640625 0.7321411234374999 0.38990251875 0.7808902 0.4101143578125 0.7785844875000001 0.43164428906249996 0.809375 0.43125 0.8171875 0.4125 0.9234375 0.42291666718750004 0.928125 0.3958333328125 0.9421875 0.3854166671875 0.946875 0.35208333281250004 0.9359375 0.34375 0.9375 0.3083333328125 0.9046875 0.3083333328125 0.9 0.3270833328125 0.8921875 0.33125 0.81875 0.30416666718749996 0.7421875 0.29375 0.728125 0.30625 0.7140625 0.30416666718749996 0.7109375 0.3125
0 0.6984375 0.359375 0.01796875 0.0203125
0 0.74453125 0.40625 0.01953125 0.02421875
3 0.76796875 0.415625 0.01953125 0.02578125