0 0.82578125 0.41953125 0.03125 0.0375
0 0.790625 0.86796875 0.025 0.03359375
3 0.5109375 0.81171875 0.025 0.03359375
3 0.67421875 0.62890625 0.028125 0.03515625
3 0.92421875 0.64921875 0.0265625 0.03359375
3 0.759375 0.80625 0.0265625 0.03515625
0 0.20390625 0.62421875 0.03125 0.03515625
0 0.76796875 0.86640625 0.0265625 0.03515625
3 0.165625 0.49609375 0.028125 0.03359375
3 0.1765625 0.37578125 0.02109375 0.02734375
3 0.234375 0.32421875 0.0203125 0.02421875
3 0.24296875 0.2953125 0.01953125 0.0265625
3 0.221875 0.0390625 0.02109375 0.028125
2 0.2201746 0.3966083671875 0.22404895468750002 0.3914401421875 0.22404895468750002 0.3737680859375 0.212062496875 0.373375 0.20755169843750002 0.38493814843749996 0.20780165312499999 0.3962749375 0.2201746 0.3966083671875
1 0.321875 0.3479166671875 0.2890625 0.35208333281250004 0.278125 0.3645833328125 0.253125 0.3645833328125 0.2484375 0.3729166671875 0.215625 0.36875 0.2078125 0.3770833328125 0.20625 0.39375 0.2125 0.40833333281249995 0.2640625 0.42083333281249996 0.284375 0.4479166671875 0.34375 0.45416666718750004 0.35 0.4770833328125 0.38125 0.48125 0.3828125 0.46666666718750005 0.3984375 0.45625 0.4390625 0.4625 0.4421875 0.43125 0.4515625 0.4166666671875 0.4453125 0.35208333281250004 0.4328125 0.35208333281250004 0.4296875 0.34375 0.409375 0.35 0.4015625 0.34375 0.4 0.35625 0.3796875 0.3479166671875 0.321875 0.3479166671875