3 0.1484375 0.07421875 0.0203125 0.03125
0 0.77421875 0.82265625 0.025 0.03359375
0 0.175 0.66171875 0.0328125 0.0375
3 0.9015625 0.58828125 0.0265625 0.03359375
3 0.740625 0.765625 0.025 0.03359375
3 0.49453125 0.80625 0.0265625 0.03515625
0 0.76171875 0.83984375 0.028125 0.03515625
0 0.77890625 0.375 0.028125 0.03515625
3 0.12734375 0.41796875 0.0265625 0.03359375
3 0.12578125 0.53828125 0.028125 0.03359375
3 0.1875 0.328125 0.0234375 0.03125
3 0.1828125 0.35703125 0.0234375 0.03125
2 0.1711122046875 0.4329010125 0.17486158125 0.4295666640625 0.1751115453125 0.4108943 0.162687496875 0.4100416671875 0.15873925625000002 0.42206438124999995 0.15961411718750002 0.4329010125 0.1711122046875 0.4329010125
1 0.34375 0.36666666718749996 0.3171875 0.3625 0.24375 0.375 0.225 0.3916666671875 0.2015625 0.3958333328125 0.2 0.40416666718750005 0.16875 0.40416666718750005 0.159375 0.4125 0.1578125 0.43125 0.165625 0.44375 0.1953125 0.44375 0.2265625 0.45416666718750004 0.240625 0.47291666718750003 0.296875 0.47083333281249995 0.3109375 0.49583333281249997 0.340625 0.49583333281249997 0.34375 0.4770833328125 0.3515625 0.475 0.353125 0.46666666718750005 0.3921875 0.46875 0.4015625 0.40416666718750005 0.39375 0.3895833328125 0.3921875 0.3583333328125 0.3765625 0.3583333328125 0.371875 0.35208333281250004 0.35625 0.3604166671875 0.346875 0.35625 0.34375 0.36666666718749996