0 0.17421875 0.60078125 0.02265625 0.028125
0 0.13671875 0.634375 0.02265625 0.0296875
3 0.10703125 0.315625 0.0203125 0.03125
3 0.09921875 0.35546875 0.02109375 0.025
3 0.1140625 0.37265625 0.0203125 0.02578125
3 0.153125 0.36796875 0.0203125 0.02578125
3 0.12890625 0.31328125 0.021875 0.02578125
3 0.13515625 0.38203125 0.0203125 0.02578125
0 0.16171875 0.62890625 0.021875 0.0296875
3 0.14609375 0.3328125 0.01953125 0.025
3 0.115625 0.3421875 0.0203125 0.02578125
0 0.13359375 0.35625 0.0234375 0.0296875
2 0.68982885625 0.1558410171875 0.695077990625 0.1656773375 0.7010769890625 0.16634420625 0.7104504421875 0.16117596875 0.710575409375 0.1536736859375 0.7077008921875 0.1448376609375 0.701593746875 0.1437916671875 0.6955779093750001 0.1451710953125 0.690953671875 0.15083949375 0.68982885625 0.1558410171875
1 0.7046875 0.2104166671875 0.70625 0.23958333281250002 0.7 0.2645833328125 0.7265625 0.33125 0.7140625 0.3458333328125 0.7203125 0.3729166671875 0.7328125 0.38125 0.7484375 0.36875 0.7578125 0.38333333281250004 0.78125 0.3854166671875 0.8046875 0.4291666671875 0.828125 0.4125 0.840625 0.41875 0.853125 0.41041666718750003 0.875 0.375 0.8796875 0.35208333281250004 0.8625 0.3375 0.8625 0.325 0.840625 0.33541666718749996 0.7734375 0.2125 0.7609375 0.20416666718749998 0.746875 0.2104166671875 0.740625 0.18125 0.728125 0.1833333328125 0.70625 0.14375 0.696875 0.14375 0.684375 0.15625 0.6828125 0.1708333328125 0.7046875 0.2104166671875