0 0.534375 0.734375 0.025 0.03359375
0 0.5875 0.534375 0.0234375 0.03125
0 0.70078125 0.746875 0.021875 0.03125
0 0.828125 0.70390625 0.025 0.02890625
3 0.790625 0.56953125 0.0203125 0.02890625
3 0.40859375 0.64765625 0.0265625 0.03515625
3 0.83984375 0.39921875 0.021875 0.03125
3 0.4953125 0.63671875 0.025 0.03515625
3 0.31796875 0.25625 0.3171875 0.27395833281250004 0.3296875 0.2802083328125 0.3375 0.2697916671875 0.3359375 0.2614583328125 0.33046875 0.2541666671875 0.31796875 0.25625
3 0.66875 0.165625 0.6828125 0.1739583328125 0.690625 0.153125 0.67578125 0.1458333328125 0.66875 0.153125 0.66875 0.165625
3 0.76953125 0.50625 0.76171875 0.50625 0.75859375 0.5083333328124999 0.7546875 0.515625 0.7546875 0.521875 0.75703125 0.525 0.7609375 0.5239583328124999 0.77421875 0.5166666671875 0.775 0.5135416671875 0.7734375 0.509375 0.76953125 0.50625
3 0.8921875 0.18020833281249998 0.88828125 0.175 0.87734375 0.175 0.87421875 0.1770833328125 0.871875 0.18020833281249998 0.871875 0.184375 0.8703125 0.1864583328125 0.8703125 0.19479166718750002 0.87578125 0.20208333281250002 0.8875 0.2010416671875 0.8921875 0.19479166718750002 0.8921875 0.190625 0.89375 0.1885416671875 0.8921875 0.18020833281249998
1 0.97734375 0.3416666671875 0.96015625 0.35 0.95078125 0.33541666718749996 0.94140625 0.33541666718749996 0.88671875 0.225 0.87578125 0.2166666671875 0.86328125 0.225 0.85234375 0.1916666671875 0.83984375 0.1916666671875 0.81640625 0.15 0.80234375 0.1520833328125 0.7921875 0.165625 0.7921875 0.178125 0.815625 0.21770833281250002 0.8078125 0.2677083328125 0.8328125 0.340625 0.81875 0.3552083328125 0.821875 0.3760416671875 0.83203125 0.3875 0.85234375 0.3708333328125 0.86328125 0.3895833328125 0.87578125 0.3895833328125 0.8921875 0.3802083328125 0.884375 0.36770833281250004 0.8875 0.3552083328125 0.89765625 0.35 0.909375 0.371875 0.903125 0.378125 0.9 0.409375 0.9203125 0.43854166718750004 0.96953125 0.42291666718750004 0.990625 0.390625 0.99375 0.365625 0.97734375 0.3416666671875
2 0.80656675625 0.17378675625 0.8212825703125001 0.16631205625 0.812873534375 0.14855964531250002 0.7988584734375 0.1579030203125 0.80656675625 0.17378675625