0 0.775 0.87109375 0.0265625 0.03359375
0 0.8359375 0.38984375 0.03125 0.03984375
3 0.50625 0.81484375 0.0265625 0.0375
0 0.178125 0.64296875 0.0328125 0.03984375
3 0.1265625 0.509375 0.0296875 0.03515625
0 0.79140625 0.8515625 0.025 0.03203125
3 0.128125 0.378125 0.028125 0.03515625
3 0.7609375 0.79375 0.0265625 0.03515625
3 0.19453125 0.2828125 0.0265625 0.034375
3 0.18828125 0.31796875 0.0265625 0.03046875
3 0.94296875 0.62734375 0.028125 0.03359375
2 0.17945651875 0.40222930625000003 0.1807063109375 0.3790555890625 0.166437496875 0.3781666671875 0.162709296875 0.39105924375 0.1639590890625 0.40289617968749997 0.17945651875 0.40222930625000003
1 0.24375 0.3604166671875 0.20625 0.375 0.171875 0.3708333328125 0.1625 0.3854166671875 0.1625 0.40208333281249997 0.16875 0.4125 0.19375 0.4145833328125 0.23125 0.43125 0.25 0.45625 0.2609375 0.4604166671875 0.3140625 0.46875 0.325 0.48125 0.415625 0.48541666718750004 0.4203125 0.4770833328125 0.41875 0.45416666718750004 0.43125 0.4270833328125 0.4234375 0.39791666718749996 0.421875 0.3583333328125 0.378125 0.3583333328125 0.3625 0.3416666671875 0.3296875 0.3395833328125 0.3265625 0.3458333328125 0.25625 0.3458333328125 0.24375 0.3604166671875