0 0.49140625 0.11875 0.025 0.03515625
3 0.6609375 0.12734375 0.0234375 0.03359375
0 0.14453125 0.675 0.0328125 0.0375
0 0.67421875 0.18359375 0.025 0.03359375
3 0.771875 0.53359375 0.0265625 0.0375
3 0.08828125 0.57421875 0.028125 0.03359375
3 0.08359375 0.45078125 0.0234375 0.03125
3 0.18125 0.121875 0.01328125 0.02734375
3 0.1390625 0.3546875 0.02109375 0.02421875
3 0.13515625 0.38671875 0.01953125 0.02421875
2 0.1168012546875 0.46510293125 0.1273530734375 0.4631747546875 0.13067761093750002 0.4516056796875 0.1279312453125 0.4381084265625 0.116956634375 0.4402619859375 0.114054890625 0.4463995953125 0.11391034687499998 0.45604048906249994 0.1168012546875 0.46510293125
1 0.2921875 0.375 0.1953125 0.3958333328125 0.1765625 0.4145833328125 0.1546875 0.42083333281249996 0.1484375 0.43333333281249997 0.11875 0.4375 0.1125 0.45 0.1140625 0.46458333281249997 0.1234375 0.475 0.15625 0.47291666718750003 0.1796875 0.4791666671875 0.2 0.49791666718750005 0.2578125 0.49791666718750005 0.2671875 0.5083333328124999 0.3015625 0.50625 0.3125 0.4770833328125 0.3484375 0.475 0.346875 0.4458333328125 0.353125 0.43125 0.353125 0.41041666718750003 0.34375 0.3916666671875 0.340625 0.36666666718749996 0.3171875 0.3604166671875 0.30625 0.36875 0.29375 0.36666666718749996 0.2921875 0.375