0 0.68515625 0.16875 0.025 0.03359375
3 0.84765625 0.23828125 0.0234375 0.03125
0 0.84921875 0.296875 0.025 0.02890625
3 0.390625 0.06328125 0.021875 0.03515625
3 0.29296875 0.296875 0.0203125 0.03125
0 0.24609375 0.57578125 0.0296875 0.03359375
3 0.221875 0.346875 0.2328125 0.3552083328125 0.240625 0.35104166718749996 0.2421875 0.33645833281250004 0.22734375 0.3270833328125 0.221875 0.346875
3 0.2015625 0.465625 0.215625 0.471875 0.2234375 0.4635416671875 0.221875 0.45104166718750005 0.20546875 0.4458333328125 0.2015625 0.465625
1 0.4953125 0.4302083328125 0.5078125 0.4135416671875 0.5078125 0.396875 0.5 0.38229166718749996 0.50234375 0.35625 0.48984375 0.3458333328125 0.46328125 0.34375 0.45703125 0.3541666671875 0.43359375 0.3395833328125 0.38359375 0.3333333328125 0.35078125 0.3333333328125 0.33828125 0.34375 0.31328125 0.3395833328125 0.30703125 0.3479166671875 0.27265625 0.3395833328125 0.2640625 0.3489583328125 0.26484375 0.375 0.32421875 0.4 0.33984375 0.4270833328125 0.39140625 0.44166666718750003 0.40234375 0.46666666718750005 0.4265625 0.46770833281249996 0.4265625 0.45520833281249995 0.43203125 0.45208333281249996 0.4890625 0.45729166718750003 0.4953125 0.4302083328125
2 0.26356185 0.36658919375 0.27630750000000004 0.3720516140625 0.28040431718750003 0.34595337656249997 0.2822251234375 0.34473950625 0.2667482625 0.3441325703125 0.26356185 0.36658919375
3 0.81640625 0.3984375 0.02265625 0.03515625
3 0.87265625 0.4625 0.021875 0.034375
3 0.2921875 0.271875 0.303125 0.284375 0.3140625 0.2760416671875 0.3140625 0.265625 0.29765625 0.25625 0.2921875 0.271875
3 0.890625 0.240625 0.89765625 0.2520833328125 0.90625 0.2510416671875 0.9140625 0.2364583328125 0.91015625 0.2270833328125 0.89765625 0.225 0.890625 0.240625