3 0.778125 0.559375 0.015625 0.025
0 0.76328125 0.81640625 0.01875 0.02734375
0 0.521875 0.82265625 0.0234375 0.03125
0 0.66171875 0.846875 0.0203125 0.02890625
3 0.3625 0.36640625 0.025 0.03125
3 0.4125 0.73046875 0.025 0.03359375
3 0.6640625 0.34140625 0.015625 0.01953125
3 0.8109375 0.39765625 0.015625 0.0203125
3 0.49296875 0.72578125 0.01796875 0.02578125
0 0.57890625 0.64296875 0.0171875 0.02265625
3 0.73984375 0.69609375 0.01875 0.02421875
2 0.7617052046875 0.3746821109375 0.7680791546875 0.37451538906250004 0.7717035453125 0.3706808921875 0.7707037171875 0.36267845625 0.7669543390625 0.35851052031249997 0.7609687468749999 0.358375 0.7562061265625 0.3628451734375 0.758455746875 0.36934715156250003 0.7617052046875 0.3746821109375
1 0.7625 0.4125 0.759375 0.45416666718750004 0.7640625 0.46875 0.7625 0.5395833328124999 0.7703125 0.55 0.7921875 0.54375 0.803125 0.5604166671875 0.81875 0.5520833328125 0.8328125 0.55625 0.8359375 0.575 0.8484375 0.5979166671875 0.8671875 0.5916666671875 0.88125 0.5958333328125 0.8921875 0.5875 0.909375 0.5520833328125 0.89375 0.53125 0.88125 0.53125 0.875 0.5208333328125 0.865625 0.5208333328125 0.8578125 0.5104166671875 0.85 0.49375 0.8484375 0.475 0.8163389890625 0.42308797499999995 0.7859375 0.3895833328125 0.7671875 0.3583333328125 0.7578125 0.3583333328125 0.746875 0.36875 0.746875 0.3791666671875 0.7625 0.4125