0 0.1734375 0.6 0.025 0.03125
3 0.09765625 0.35546875 0.0203125 0.02890625
3 0.10703125 0.315625 0.0203125 0.02890625
3 0.11328125 0.37265625 0.021875 0.03125
0 0.1375 0.634375 0.021875 0.0265625
3 0.12890625 0.31328125 0.0234375 0.03125
0 0.16171875 0.62890625 0.0234375 0.03125
3 0.15390625 0.365625 0.0203125 0.03125
3 0.134375 0.37890625 0.021875 0.03125
3 0.14609375 0.33125 0.021875 0.03125
3 0.11796875 0.33984375 0.01875 0.03515625
0 0.1421875 0.3489583328125 0.13828125 0.34375 0.13515625 0.3416666671875 0.12734375 0.3416666671875 0.121875 0.346875 0.1203125 0.35104166718749996 0.1203125 0.3614583328125 0.12578125 0.36875 0.1390625 0.36770833281250004 0.1421875 0.3635416671875 0.14375 0.3552083328125 0.1421875 0.353125 0.1421875 0.3489583328125
2 0.69223629375 0.1585518875 0.699860025 0.1672211859375 0.7117330546875 0.15721814375 0.70873355 0.1497158609375 0.7034687468749999 0.143375 0.6961106484374999 0.145547925 0.6909865 0.14921570625 0.69223629375 0.1585518875
1 0.70625 0.2104166671875 0.7 0.2645833328125 0.728125 0.3333333328125 0.7140625 0.3479166671875 0.721875 0.375 0.73125 0.38125 0.75 0.36875 0.7578125 0.38333333281250004 0.78125 0.3854166671875 0.8015625 0.4270833328125 0.83125 0.4125 0.8421875 0.41875 0.853125 0.41041666718750003 0.8765625 0.36666666718749996 0.8765625 0.35208333281250004 0.8625 0.33541666718749996 0.8625 0.325 0.8421875 0.3333333328125 0.821875 0.3083333328125 0.7734375 0.2125 0.7578125 0.20416666718749998 0.746875 0.2125 0.7453125 0.1875 0.740625 0.18125 0.7296875 0.1854166671875 0.70625 0.14375 0.696875 0.14375 0.6859375 0.1541666671875 0.6828125 0.1708333328125 0.70625 0.2104166671875