3 0.534375 0.26953125 0.0125 0.02109375
3 0.296875 0.234375 0.01875 0.0265625
3 0.34765625 0.62578125 0.01796875 0.025
3 0.41171875 0.61953125 0.015625 0.02265625
0 0.475 0.5421875 0.015625 0.01875
0 0.43359375 0.7109375 0.0171875 0.021875
0 0.53125 0.72109375 0.015625 0.02265625
0 0.59140625 0.68984375 0.0140625 0.0203125
2 0.5969080953125 0.3134413734375 0.6010579593750001 0.3164608828125 0.6045790656250001 0.3172996359375 0.6070941390625 0.3107573671875 0.6044533046875 0.30220209531250003 0.5987181968749999 0.3025296671875 0.59816563125 0.3040473515625 0.5965308312500001 0.3075701078125 0.5969080953125 0.3134413734375
1 0.599309253125 0.3585320453125 0.5952567578125 0.36679986875 0.5940648453125 0.4227666421875 0.5953125 0.43958333281249995 0.5890625 0.4479166671875 0.590625 0.4625 0.603125 0.47083333281249995 0.615625 0.4625 0.625 0.4770833328125 0.653125 0.4791666671875 0.65625 0.49375 0.66875 0.5145833328125 0.690625 0.5104166671875 0.7015625 0.49791666718750005 0.7046875 0.475 0.696875 0.4604166671875 0.6796875 0.45208333281249996 0.671875 0.44166666718750003 0.6671875 0.4145833328125 0.65625 0.40416666718750005 0.64375 0.36875 0.628125 0.3541666671875 0.628125 0.3395833328125 0.6109375 0.3229166671875 0.6015625 0.3020833328125 0.5953125 0.3020833328125 0.581907340625 0.3168749796875 0.5912042625 0.3359545546875 0.599309253125 0.3585320453125
3 0.60078125 0.4765625 0.01328125 0.0171875
3 0.57734375 0.590625 0.01328125 0.01796875