0 0.1734375 0.60078125 0.0234375 0.028125
0 0.13671875 0.63515625 0.02265625 0.02734375
3 0.10859375 0.31640625 0.01953125 0.02578125
3 0.09921875 0.35546875 0.0203125 0.025
3 0.11328125 0.37265625 0.01953125 0.02578125
3 0.128125 0.31328125 0.02109375 0.025
3 0.15390625 0.36796875 0.01953125 0.02578125
3 0.1359375 0.38203125 0.02109375 0.025
3 0.1453125 0.33203125 0.021875 0.025
0 0.1625 0.62890625 0.02265625 0.028125
3 0.11640625 0.3421875 0.0203125 0.0234375
0 0.13203125 0.35625 0.021875 0.02578125
2 0.6914553546875 0.16038653593750002 0.6969544437499999 0.1668885171875 0.7033283828125 0.16438775625 0.7120769296875 0.1610534109375 0.7117019890625 0.15288425156250002 0.7079526109375001 0.1470491421875 0.702062496875 0.1442083328125 0.6953297093749999 0.14388151093749998 0.6893307109375 0.15138379531249999 0.6914553546875 0.16038653593750002
1 0.703125 0.2104166671875 0.7046875 0.23958333281250002 0.6984375 0.2604166671875 0.7234375 0.3270833328125 0.7234375 0.33541666718749996 0.7125 0.34375 0.71875 0.3708333328125 0.7328125 0.3791666671875 0.7484375 0.36875 0.7578125 0.38333333281250004 0.7796875 0.3854166671875 0.8015625 0.4270833328125 0.828125 0.4125 0.8390625 0.41875 0.85625 0.40625 0.8625 0.3854166671875 0.871875 0.3791666671875 0.878125 0.35 0.859375 0.33541666718749996 0.859375 0.325 0.840625 0.3333333328125 0.8203125 0.30625 0.7703125 0.2104166671875 0.7484375 0.1979166671875 0.740625 0.18125 0.728125 0.1833333328125 0.70625 0.14375 0.6953125 0.14375 0.6859375 0.1520833328125 0.68125 0.16875 0.703125 0.2104166671875