0 0.16171875 0.578125 0.025 0.028125
3 0.084375 0.45078125 0.0265625 0.03359375
3 0.0921875 0.37109375 0.0296875 0.03359375
0 0.175 0.60078125 0.021875 0.0265625
3 0.18359375 0.12265625 0.0265625 0.03984375
0 0.1625 0.628125 0.0234375 0.028125
3 0.15859375 0.27265625 0.0296875 0.03515625
0 0.13671875 0.63515625 0.02265625 0.02734375
3 0.09765625 0.16953125 0.0265625 0.03515625
3 0.584375 0.36484375 0.025 0.03359375
3 0.14765625 0.61171875 0.0234375 0.028125
2 0.649700215625 0.19572806874999998 0.6430921046875 0.20833333281250002 0.654080240625 0.21229559999999997 0.6614496328125 0.20292348906250002 0.649700215625 0.19572806874999998
1 0.86328125 0.2979166671875 0.85234375 0.3145833328125 0.83984375 0.30416666718749996 0.83046875 0.3104166671875 0.82109375 0.2916666671875 0.74296875 0.2270833328125 0.72578125 0.225 0.71328125 0.23333333281250002 0.70234375 0.2125 0.68671875 0.21875 0.65546875 0.1916666671875 0.6421875 0.1989583328125 0.6375 0.22395833281250002 0.67265625 0.25 0.684375 0.3010416671875 0.7265625 0.3427083328125 0.721875 0.3635416671875 0.72578125 0.38333333281250004 0.74765625 0.39375 0.75859375 0.375 0.77578125 0.3854166671875 0.81484375 0.3770833328125 0.81640625 0.3958333328125 0.8453125 0.4135416671875 0.884375 0.3614583328125 0.8890625 0.3239583328125 0.88203125 0.3083333328125 0.86328125 0.2979166671875