0 0.53203125 0.75234375 0.0203125 0.03359375
0 0.696875 0.75625 0.0203125 0.03515625
0 0.7 0.75390625 0.01875 0.03515625
0 0.82109375 0.70703125 0.021875 0.03359375
3 0.40546875 0.67734375 0.0265625 0.03515625
3 0.77890625 0.58125 0.01875 0.02734375
3 0.490625 0.6609375 0.0171875 0.02578125
3 0.31875 0.31875 0.0171875 0.02890625
3 0.65703125 0.2 0.01640625 0.02734375
3 0.85078125 0.21640625 0.01875 0.028125
3 0.82109375 0.41484375 0.01875 0.0234375
0 0.5796875 0.55625 0.01875 0.02890625
2 0.776704271875 0.2058537015625 0.7804536484375 0.21085522499999998 0.7867026109374999 0.20785430625 0.792326678125 0.20268606875 0.79170178125 0.1948503484375 0.7875774718749999 0.1853474546875 0.7818284281250001 0.1823465421875 0.777218746875 0.18525 0.772454984375 0.1905156984375 0.7732048578125 0.19918500625 0.776704271875 0.2058537015625
1 0.78125 0.2979166671875 0.8 0.3604166671875 0.7953125 0.3708333328125 0.7984375 0.3958333328125 0.80625 0.40625 0.834375 0.39791666718749996 0.840625 0.40833333281249995 0.8625 0.41041666718750003 0.8921875 0.4479166671875 0.91875 0.43333333281249997 0.9296875 0.43958333281249995 0.946875 0.425 0.9625 0.4 0.965625 0.3770833328125 0.9484375 0.3541666671875 0.9234375 0.3583333328125 0.921875 0.3458333328125 0.9125 0.3458333328125 0.903125 0.3333333328125 0.853125 0.24375 0.809375 0.2208333328125 0.7875 0.1833333328125 0.778125 0.1833333328125 0.7625 0.2104166671875 0.7828125 0.2625 0.78125 0.2979166671875