0 0.16171875 0.37421875 0.0296875 0.03515625
0 0.14375 0.675 0.0328125 0.03984375
3 0.1828125 0.12265625 0.028125 0.0375
3 0.09140625 0.37109375 0.028125 0.03359375
3 0.0890625 0.57265625 0.0296875 0.03515625
3 0.08359375 0.45078125 0.0265625 0.03359375
3 0.15859375 0.27421875 0.0296875 0.0375
1 0.6555433515625 0.32033698906249997 0.6535543203125 0.3415631125 0.70859733125 0.3537644125 0.7257253640625 0.3911123296875 0.7804033390625 0.4100059765625 0.7810621249999999 0.4337329125 0.80625 0.43333333281249997 0.821875 0.4125 0.8546875 0.41875 0.8734375 0.4125 0.875 0.42083333281249996 0.90625 0.42083333281249996 0.91875 0.43125 0.93125 0.39375 0.9421875 0.3895833328125 0.946875 0.3479166671875 0.9375 0.34375 0.9390625 0.3104166671875 0.90625 0.3083333328125 0.8984375 0.3270833328125 0.871875 0.3270833328125 0.8578125 0.3166666671875 0.8 0.3020833328125 0.7152137015625 0.2999953078125 0.7095781546875 0.3132616265625 0.6595213656250001 0.3075128921875 0.6555433515625 0.32033698906249997
2 0.67675945625 0.33448773125 0.67808546875 0.3101661484375 0.6615390750000001 0.3095637109375 0.6565378421875 0.32033698906249997 0.6568693390625 0.3331611046875 0.67675945625 0.33448773125
0 0.7453125 0.40625 0.0203125 0.02265625
0 0.6984375 0.36015625 0.01953125 0.0203125
3 0.76796875 0.4171875 0.01953125 0.0265625