0 0.68515625 0.1625 0.021875 0.03125
3 0.8578125 0.25078125 0.0234375 0.03359375
3 0.4015625 0.08046875 0.0234375 0.03515625
0 0.25625 0.5875 0.0234375 0.02890625
0 0.86015625 0.31171875 0.025 0.03125
3 0.3046875 0.31171875 0.0203125 0.03125
3 0.3140625 0.28671875 0.01875 0.03125
3 0.9265625 0.37109375 0.025 0.03125
3 0.24453125 0.35625 0.01953125 0.02578125
3 0.225 0.471875 0.01953125 0.02421875
2 0.287806584375 0.38384071249999996 0.29208860468750003 0.3631895078125 0.28010644687499997 0.3591995359375 0.2746311671875 0.3706590953125 0.275619334375 0.3816437765625 0.287806584375 0.38384071249999996
1 0.28125 0.35625 0.2734375 0.36666666718749996 0.2734375 0.3875 0.2859375 0.39791666718749996 0.3125 0.40416666718750005 0.3328125 0.42083333281249996 0.3453125 0.44166666718750003 0.4 0.45416666718750004 0.409375 0.4791666671875 0.4375 0.48541666718750004 0.440625 0.47291666718750003 0.459375 0.46875 0.478125 0.47083333281249995 0.4859375 0.4791666671875 0.5 0.475 0.5046875 0.4458333328125 0.515625 0.43125 0.5125 0.36666666718749996 0.5046875 0.36875 0.5 0.3604166671875 0.4796875 0.3645833328125 0.4703125 0.35625 0.46875 0.36666666718749996 0.4625 0.36666666718749996 0.434375 0.35208333281250004 0.3875 0.3479166671875 0.321875 0.3541666671875 0.3171875 0.3604166671875 0.28125 0.35625