0 0.840625 0.97265625 0.0265625 0.03359375
3 0.86484375 0.70546875 0.0171875 0.02734375
0 0.57265625 0.9125 0.0234375 0.02890625
3 0.47578125 0.8 0.0234375 0.03359375
3 0.465625 0.48828125 0.0203125 0.02734375
3 0.81484375 0.8375 0.01875 0.02734375
3 0.915625 0.5489583328125 0.91015625 0.54375 0.90234375 0.54375 0.8953125 0.5510416671875 0.8953125 0.5614583328125 0.90078125 0.56875 0.9078125 0.5677083328125 0.91171875 0.5666666671875 0.915625 0.5614583328125 0.9171875 0.553125 0.915625 0.5489583328125
3 0.74921875 0.4791666671875 0.73984375 0.48125 0.7359375 0.48854166718750003 0.7359375 0.4927083328125 0.74296875 0.5020833328125 0.7484375 0.5010416671875 0.7546875 0.496875 0.75625 0.4927083328125 0.7546875 0.484375 0.74921875 0.4791666671875
3 0.55546875 0.8020833328125001 0.54921875 0.8020833328125001 0.54609375 0.8041666671875 0.5421875 0.8114583328125 0.5421875 0.8177083328125001 0.54375 0.821875 0.54765625 0.8270833328125 0.5578125 0.8260416671874999 0.5609375 0.821875 0.5609375 0.809375 0.559375 0.8052083328125 0.55546875 0.8020833328125001
0 0.6546875 0.753125 0.653125 0.7510416671875 0.653125 0.746875 0.6515625 0.7427083328124999 0.64765625 0.7395833328125 0.63828125 0.7395833328125 0.6328125 0.7447916671875 0.6328125 0.759375 0.63671875 0.7645833328125 0.63984375 0.7645833328125 0.64140625 0.7666666671875 0.6453125 0.765625 0.64921875 0.7645833328125 0.653125 0.759375 0.653125 0.7552083328125 0.6546875 0.753125
0 0.73125 0.9677083328125 0.72265625 0.9625 0.71640625 0.9645833328125001 0.7125 0.9697916671875 0.7125 0.9822916671874999 0.7140625 0.9864583328125001 0.71953125 0.9916666671875 0.73125 0.990625 0.734375 0.984375 0.734375 0.978125 0.73125 0.9739583328125001 0.73125 0.9677083328125
1 0.97734375 0.66875 0.94765625 0.65625 0.9125 0.5822916671875 0.88828125 0.5645833328125 0.88203125 0.54375 0.87109375 0.54375 0.85390625 0.5104166671875 0.83828125 0.5125 0.8328125 0.5239583328124999 0.85 0.5572916671875 0.84375 0.596875 0.8578125 0.6510416671875 0.846875 0.6697916671875 0.853125 0.690625 0.87578125 0.6854166671875 0.89140625 0.7 0.91328125 0.69375 0.92734375 0.7333333328125 0.965625 0.7322916671875 0.9890625 0.709375 0.9921875 0.6927083328125 0.9859375 0.6802083328124999 0.97734375 0.66875
2 0.8447469 0.5227245890625001 0.8576652375 0.5204779203125 0.8509252343749999 0.50774680625 0.8380068984375001 0.5122401421875 0.8447469 0.5227245890625001