0 0.534375 0.734375 0.025 0.03359375
0 0.5875 0.534375 0.0234375 0.03125
0 0.70078125 0.746875 0.021875 0.03125
0 0.828125 0.70390625 0.025 0.02890625
3 0.40859375 0.64765625 0.0265625 0.03359375
3 0.790625 0.57109375 0.01875 0.02890625
3 0.83984375 0.39921875 0.021875 0.03125
3 0.49453125 0.63671875 0.025 0.03515625
3 0.67734375 0.16328125 0.0265625 0.0375
3 0.3265625 0.2671875 0.01875 0.02578125
3 0.88046875 0.190625 0.01953125 0.02890625
2 0.8044841593750001 0.17301874374999998 0.809233365625 0.1740190453125 0.81535735 0.17235187031250002 0.8196066468750001 0.1676837859375 0.8187317953125 0.1606816515625 0.8152323734375001 0.15367951875000002 0.810733121875 0.15167891875 0.804874996875 0.1535833328125 0.79886009375 0.15718058906250001 0.79973494375 0.16685019843749999 0.8044841593750001 0.17301874374999998
1 0.8125 0.21875 0.8125 0.2479166671875 0.8046875 0.26875 0.8203125 0.3270833328125 0.8296875 0.3416666671875 0.8296875 0.3479166671875 0.815625 0.3541666671875 0.81875 0.3770833328125 0.8265625 0.3875 0.8375 0.3875 0.85 0.375 0.8671875 0.3916666671875 0.88125 0.3770833328125 0.9015625 0.3958333328125 0.896875 0.4125 0.915625 0.44166666718750003 0.940625 0.4291666671875 0.95625 0.43333333281249997 0.971875 0.42083333281249996 0.990625 0.3895833328125 0.99375 0.36875 0.975 0.34375 0.9578125 0.3479166671875 0.9484375 0.33541666718749996 0.940625 0.33541666718749996 0.8890625 0.23125 0.853125 0.19375 0.8375 0.19375 0.815625 0.1520833328125 0.8046875 0.1520833328125 0.7890625 0.16875 0.7890625 0.1770833328125 0.8125 0.21875