0 0.371875 0.784375 0.0234375 0.03359375
0 0.6625 0.88359375 0.0234375 0.03515625
3 0.64609375 0.675 0.0203125 0.02890625
0 0.528125 0.86953125 0.0203125 0.03125
0 0.47421875 0.61484375 0.0265625 0.03359375
3 0.65234375 0.29609375 0.028125 0.0375
3 0.66015625 0.73671875 0.01875 0.03125
3 0.27421875 0.64765625 0.028125 0.03515625
3 0.83125 0.4135416671875 0.8453125 0.421875 0.853125 0.403125 0.83984375 0.39375 0.8328125 0.39895833281250004 0.83125 0.4135416671875
3 0.7390625 0.5989583328125 0.74609375 0.6083333328125 0.7546875 0.6072916671875 0.7609375 0.590625 0.75546875 0.5791666671875 0.74453125 0.5791666671875 0.7390625 0.5989583328125
3 0.35 0.6822916671875 0.365625 0.6864583328125 0.3703125 0.665625 0.35703125 0.6583333328125 0.3484375 0.6697916671875 0.35 0.6822916671875
3 0.278125 0.24895833281250002 0.2921875 0.2614583328125 0.3 0.25729166718749996 0.3015625 0.2427083328125 0.28671875 0.23125 0.278125 0.24895833281250002
1 0.8578125 0.603125 0.8296875 0.446875 0.82109375 0.43541666718750005 0.80625 0.4322916671875 0.8078125 0.4010416671875 0.796875 0.396875 0.7859375 0.3447916671875 0.77109375 0.3416666671875 0.7578125 0.353125 0.7671875 0.4114583328125 0.7484375 0.45104166718750005 0.759375 0.5385416671875001 0.74140625 0.5375 0.7375 0.5614583328125 0.74453125 0.5791666671875 0.76171875 0.56875 0.77109375 0.5979166671875 0.78203125 0.5958333328125 0.7921875 0.6072916671875 0.79765625 0.6708333328125 0.82734375 0.6708333328125 0.83359375 0.68125 0.846875 0.6802083328124999 0.88046875 0.6583333328125 0.8890625 0.6385416671875 0.87890625 0.6041666671875 0.8578125 0.603125
2 0.7720197265625 0.3641517453125 0.7873429437499999 0.3623490125 0.7832867984375 0.3431198796875 0.7666115328124999 0.3437207890625 0.7720197265625 0.3641517453125