0 0.17421875 0.60078125 0.02265625 0.028125
0 0.13671875 0.634375 0.0234375 0.028125
3 0.09921875 0.35546875 0.0203125 0.025
3 0.10859375 0.31640625 0.01953125 0.025
3 0.11328125 0.37265625 0.01953125 0.02421875
3 0.1296875 0.31328125 0.0203125 0.025
0 0.16171875 0.628125 0.02265625 0.028125
3 0.15390625 0.36796875 0.01953125 0.025
3 0.13515625 0.38125 0.02109375 0.025
3 0.1171875 0.34296875 0.01953125 0.02578125
3 0.1453125 0.33203125 0.0203125 0.025
0 0.1328125 0.35546875 0.02109375 0.02734375
2 0.692420703125 0.1620587859375 0.6979197921875 0.1670603078125 0.7052935687499999 0.1648929828125 0.71154253125 0.1598914609375 0.711042603125 0.1532227625 0.7080431093749999 0.14722093593750002 0.7022187468750001 0.144 0.6932955546875 0.14805451875 0.6904210375 0.1532227625 0.692420703125 0.1620587859375
1 0.70625 0.2125 0.7 0.2625 0.728125 0.3333333328125 0.7265625 0.3416666671875 0.7140625 0.3479166671875 0.71875 0.36875 0.7265625 0.3791666671875 0.7359375 0.3791666671875 0.75 0.36875 0.7578125 0.38333333281250004 0.78125 0.3854166671875 0.8015625 0.4270833328125 0.828125 0.4125 0.8421875 0.41875 0.8515625 0.4125 0.878125 0.3604166671875 0.8765625 0.35 0.8625 0.33541666718749996 0.8625 0.325 0.8421875 0.3333333328125 0.8234375 0.3104166671875 0.7734375 0.2125 0.7625 0.20416666718749998 0.7484375 0.2104166671875 0.740625 0.18125 0.7296875 0.1854166671875 0.70625 0.14375 0.6984375 0.14375 0.684375 0.15625 0.6828125 0.1708333328125 0.70625 0.2125