3 0.77890625 0.56171875 0.015625 0.025
0 0.521875 0.82734375 0.021875 0.03125
0 0.66328125 0.85 0.0203125 0.02890625
3 0.36171875 0.37109375 0.025 0.03125
0 0.7640625 0.81953125 0.01875 0.02734375
3 0.4125 0.7328125 0.01796875 0.02421875
3 0.4921875 0.7296875 0.01796875 0.02421875
3 0.66328125 0.34296875 0.01640625 0.02109375
3 0.8125 0.3984375 0.01640625 0.021875
0 0.578125 0.6453125 0.0171875 0.0234375
2 0.7609845296875 0.37542917343750004 0.76835830625 0.3755958828125 0.7733574765625 0.37259496875 0.770607928125 0.36525940156250003 0.7669835375 0.3599244453125 0.761437496875 0.35983333281249996 0.7573601296875 0.36392566406250004 0.75848494375 0.36909390468750003 0.7609845296875 0.37542917343750004
1 0.765625 0.4145833328125 0.759375 0.45625 0.765625 0.46875 0.765625 0.49791666718750005 0.778125 0.5166666671875 0.7625 0.5229166671875001 0.7640625 0.54375 0.76875 0.55 0.78125 0.55 0.79375 0.5395833328124999 0.803125 0.5583333328125 0.8140625 0.55 0.825 0.5520833328125 0.834375 0.5625 0.8359375 0.5770833328125 0.85 0.6020833328124999 0.8703125 0.59375 0.88125 0.6 0.896875 0.5875 0.9109375 0.5541666671875001 0.8953125 0.53125 0.884375 0.5333333328125 0.8765625 0.5208333328125 0.8640625 0.5208333328125 0.85 0.4916666671875 0.85 0.4770833328125 0.8390625 0.46875 0.8296875 0.4375 0.806823421875 0.41843354843749997 0.7875 0.39791666718749996 0.771875 0.3645833328125 0.7625 0.3583333328125 0.746875 0.3708333328125 0.746875 0.3791666671875 0.765625 0.4145833328125