0 0.534375 0.734375 0.025 0.03359375
0 0.70078125 0.746875 0.021875 0.03125
0 0.828125 0.703125 0.025 0.02734375
0 0.5875 0.53359375 0.0234375 0.03125
3 0.83984375 0.39921875 0.021875 0.02890625
3 0.790625 0.56953125 0.01875 0.02734375
3 0.40859375 0.64765625 0.028125 0.03359375
3 0.49609375 0.63515625 0.01875 0.028125
3 0.32578125 0.2671875 0.021875 0.025
3 0.6796875 0.16015625 0.01875 0.02890625
3 0.88046875 0.1875 0.01796875 0.028125
2 0.80426515625 0.17155965 0.8082644890624999 0.1740604109375 0.8133886453124999 0.1728933875 0.8178878968750001 0.1680585796875 0.8197625859375 0.1615566046875 0.8148883921875001 0.15372088281250001 0.8102641640625 0.1503865359375 0.804874996875 0.152125 0.7993909640625 0.1585556921875 0.8000158609374999 0.16555781875 0.80426515625 0.17155965
1 0.8140625 0.2208333328125 0.80625 0.27291666718749996 0.821875 0.33125 0.834375 0.3458333328125 0.815625 0.35208333281250004 0.815625 0.3708333328125 0.8234375 0.3854166671875 0.8359375 0.3875 0.8453125 0.3791666671875 0.8453125 0.36666666718749996 0.8609375 0.3916666671875 0.88125 0.38125 0.9015625 0.3958333328125 0.8984375 0.4145833328125 0.9140625 0.44166666718750003 0.9421875 0.4270833328125 0.95625 0.43333333281249997 0.975 0.4166666671875 0.9953125 0.36875 0.978125 0.35 0.978125 0.3416666671875 0.9578125 0.35 0.95 0.33541666718749996 0.940625 0.33541666718749996 0.8921875 0.23541666718749998 0.8734375 0.21458333281250003 0.8625 0.2166666671875 0.853125 0.1916666671875 0.8390625 0.19375 0.8140625 0.15 0.80625 0.15 0.79375 0.1604166671875 0.7890625 0.1770833328125 0.8140625 0.2208333328125