3 0.69453125 0.78359375 0.01875 0.025
0 0.45390625 0.85078125 0.021875 0.02734375
3 0.75078125 0.65859375 0.015625 0.02265625
0 0.53046875 0.7 0.0203125 0.025
0 0.71484375 0.91015625 0.025 0.02890625
0 0.5953125 0.9125 0.0203125 0.02734375
3 0.36796875 0.74453125 0.01640625 0.02109375
3 0.43984375 0.75703125 0.01796875 0.021875
3 0.37578125 0.453125 0.015625 0.01953125
3 0.6453125 0.45703125 0.015625 0.01953125
3 0.7984375 0.51796875 0.015625 0.01953125
2 0.7380792578125 0.4865061046875 0.7469527828125 0.4880065625 0.7500772640625 0.4858392328125 0.7498273 0.4796706890625 0.746202909375 0.47366886406250003 0.7400789249999999 0.47316871093749996 0.734829790625 0.4753360390625 0.7340799171875 0.48133786250000005 0.7380792578125 0.4865061046875
1 0.73125 0.5583333328125 0.740625 0.6125 0.7328125 0.61875 0.7359375 0.64375 0.7433579046875 0.6530478890625 0.7595489546875 0.64798580625 0.767897471875 0.6540603171875 0.7828125 0.65625 0.7921875 0.6791666671875001 0.8171875 0.675 0.8296875 0.6791666671875001 0.84375 0.6645833328124999 0.8546875 0.6604166671875 0.85625 0.6333333328124999 0.846875 0.6145833328125 0.83125 0.6145833328125 0.81875 0.6 0.8 0.5520833328125 0.79395494375 0.5325703078124999 0.777763875 0.51637164375 0.772198209375 0.5062474703125 0.7609375 0.5020833328125 0.746875 0.475 0.7359375 0.47291666718750003 0.7265625 0.4895833328125 0.7359375 0.5145833328125 0.73125 0.5583333328125