0 0.8 0.84375 0.0265625 0.03515625
0 0.8265625 0.38671875 0.0328125 0.0375
3 0.51484375 0.8 0.0234375 0.03359375
3 0.94296875 0.615625 0.028125 0.03359375
0 0.78515625 0.85703125 0.0265625 0.03984375
3 0.7671875 0.78203125 0.0296875 0.03515625
3 0.20078125 0.03671875 0.0203125 0.03125
3 0.1609375 0.50078125 0.0265625 0.03359375
3 0.1671875 0.38046875 0.0234375 0.03125
0 0.20390625 0.628125 0.0328125 0.0375
3 0.2234375 0.32421875 0.025 0.03125
3 0.2296875 0.29453125 0.0234375 0.03125
2 0.21242391875000002 0.3996092859375 0.213781246875 0.3769166671875 0.19892615625 0.37826945 0.1988011796875 0.3996092859375 0.21242391875000002 0.3996092859375
1 0.3109375 0.34375 0.278125 0.35 0.2671875 0.3625 0.2421875 0.3645833328125 0.2390625 0.3729166671875 0.203125 0.3729166671875 0.196875 0.39791666718749996 0.2078125 0.4125 0.23125 0.4125 0.2640625 0.4270833328125 0.2796875 0.4479166671875 0.3359375 0.45416666718750004 0.3453125 0.47291666718750003 0.375 0.475 0.3765625 0.4604166671875 0.390625 0.4479166671875 0.428125 0.45416666718750004 0.43125 0.42291666718750004 0.440625 0.40416666718750005 0.4328125 0.3729166671875 0.4328125 0.3395833328125 0.4109375 0.33541666718749996 0.39375 0.3416666671875 0.3875 0.33541666718749996 0.3859375 0.3458333328125 0.359375 0.3395833328125 0.3109375 0.34375