0 0.534375 0.734375 0.025 0.03359375
0 0.5875 0.53359375 0.0234375 0.03125
0 0.70078125 0.74609375 0.021875 0.03125
3 0.40859375 0.64765625 0.028125 0.03359375
0 0.82890625 0.703125 0.025 0.02890625
3 0.83984375 0.39921875 0.021875 0.02890625
3 0.790625 0.56953125 0.0203125 0.02890625
3 0.4953125 0.63515625 0.025 0.03515625
3 0.6703125 0.1677083328125 0.6796875 0.1739583328125 0.690625 0.16354166718750002 0.68359375 0.14375 0.66875 0.1552083328125 0.6703125 0.1677083328125
3 0.3171875 0.27395833281250004 0.3296875 0.2802083328125 0.3375 0.2697916671875 0.334375 0.25729166718749996 0.31953125 0.2541666671875 0.3171875 0.27395833281250004
3 0.87578125 0.20208333281250002 0.8859375 0.2010416671875 0.89375 0.1822916671875 0.87734375 0.1729166671875 0.86875 0.1927083328125 0.87578125 0.20208333281250002
1 0.97890625 0.3416666671875 0.96015625 0.3479166671875 0.95234375 0.33541666718749996 0.94140625 0.33541666718749996 0.88203125 0.21875 0.86328125 0.225 0.85078125 0.1895833328125 0.83984375 0.1916666671875 0.81640625 0.15 0.80078125 0.1520833328125 0.7921875 0.178125 0.815625 0.215625 0.8078125 0.2677083328125 0.83125 0.334375 0.81875 0.35104166718749996 0.821875 0.3760416671875 0.83828125 0.3854166671875 0.85234375 0.3708333328125 0.86484375 0.3895833328125 0.88515625 0.38125 0.89765625 0.3854166671875 0.909375 0.434375 0.9234375 0.43645833281249996 0.96796875 0.425 0.9921875 0.3864583328125 0.9921875 0.3614583328125 0.97890625 0.3416666671875
2 0.807954471875 0.17108518125 0.8227599203124999 0.1635649546875 0.8128896203125 0.1494645265625 0.798084171875 0.1579247828125 0.807954471875 0.17108518125
3 0.7546875 0.521875 0.7625 0.521875 0.775 0.5114583328125 0.76640625 0.5041666671875 0.75859375 0.5083333328124999 0.7546875 0.521875