3 0.2296875 0.48645833281249995 0.2390625 0.46979166718750004 0.22421875 0.4583333328125 0.215625 0.4760416671875 0.2296875 0.48645833281249995
3 0.253125 0.3697916671875 0.2578125 0.35104166718749996 0.24296875 0.34375 0.2375 0.3635416671875 0.253125 0.3697916671875
3 0.3125 0.328125 0.31875 0.309375 0.30546875 0.3 0.296875 0.3177083328125 0.3125 0.328125
3 0.3234375 0.2989583328125 0.3265625 0.278125 0.31171875 0.275 0.309375 0.2947916671875 0.3234375 0.2989583328125
3 0.4109375 0.0947916671875 0.415625 0.0739583328125 0.40234375 0.0666666671875 0.396875 0.08645833281250001 0.4109375 0.0947916671875
3 0.8546875 0.2614583328125 0.8640625 0.265625 0.875 0.2552083328125 0.86796875 0.2375 0.853125 0.246875 0.8546875 0.2614583328125
3 0.9015625 0.25729166718749996 0.915625 0.2635416671875 0.9234375 0.24479166718749998 0.91484375 0.23541666718749998 0.90703125 0.2375 0.9015625 0.25729166718749996
0 0.2484375 0.596875 0.2625 0.603125 0.271875 0.5864583328124999 0.26484375 0.575 0.25390625 0.575 0.2484375 0.596875
0 0.8703125 0.3260416671875 0.878125 0.30520833281250004 0.86328125 0.2979166671875 0.8546875 0.315625 0.8703125 0.3260416671875
0 0.6859375 0.1864583328125 0.7 0.1989583328125 0.7078125 0.1927083328125 0.709375 0.178125 0.69765625 0.16875 0.6859375 0.1864583328125
3 0.88984375 0.475 0.02578125 0.04140625
3 0.88828125 0.6890625 0.02578125 0.05
1 0.5 0.4739583328125 0.51875 0.428125 0.51328125 0.3708333328125 0.48046875 0.3604166671875 0.47109375 0.3708333328125 0.44296875 0.3541666671875 0.36953125 0.3479166671875 0.35078125 0.3604166671875 0.32734375 0.35625 0.32265625 0.3645833328125 0.28515625 0.35625 0.278125 0.36770833281250004 0.28046875 0.3916666671875 0.31328125 0.4 0.33984375 0.4166666671875 0.35078125 0.44166666718750003 0.40546875 0.45625 0.41171875 0.4791666671875 0.440625 0.48229166718750005 0.44609375 0.46875 0.46328125 0.46458333281249997 0.49140625 0.4770833328125 0.5 0.4739583328125
2 0.2922692234375 0.3818527203125 0.29398413125 0.36323372656249997 0.2807548453125 0.363560375 0.279284925 0.3818527203125 0.2922692234375 0.3818527203125