0 0.64765625 0.721875 0.0203125 0.0375
0 0.6078125 0.871875 0.0203125 0.03984375
0 0.8515625 0.81015625 0.01875 0.0375
0 0.51015625 0.81640625 0.0203125 0.03359375
3 0.53203125 0.7125 0.0203125 0.03359375
3 0.4640625 0.64609375 0.021875 0.03359375
3 0.9015625 0.53203125 0.0234375 0.04140625
3 0.896875 0.84296875 0.01875 0.03984375
3 0.79375 0.878125 0.7921875 0.853125 0.77734375 0.8479166671874999 0.7765625 0.8697916671874999 0.79375 0.878125
3 0.77109375 0.9145833328125 0.771875 0.940625 0.784375 0.9447916671875 0.77109375 0.9145833328125
3 0.584375 0.30520833281250004 0.59140625 0.3166666671875 0.6015625 0.3177083328125 0.6078125 0.3010416671875 0.59609375 0.2854166671875 0.58671875 0.2875 0.584375 0.30520833281250004
1 1 0.6385416671875 0.99296875 0.6375 0.9734375 0.6510416671875 0.971875 0.696875 0.940625 0.7239583328125 0.9203125 0.7822916671875 0.8984375 0.7927083328125 0.8953125 0.8177083328125001 0.9234375 0.8322916671874999 0.9234375 0.8635416671874999 0.9453125 0.890625 0.940625 0.946875 0.965625 0.9635416671874999 0.97421875 0.9979166671874999 1 0.9989583328125 1 0.6385416671875
2 0.9921758468749999 0.6683874296875 1 0.6683874296875 0.9989086859375 0.63329505 0.9848309296875 0.6422721703125001 0.9921758468749999 0.6683874296875