0 0.534375 0.734375 0.025 0.03359375
0 0.5875 0.534375 0.0234375 0.03125
0 0.70078125 0.746875 0.021875 0.03125
0 0.828125 0.70390625 0.025 0.02890625
3 0.40859375 0.64765625 0.0265625 0.03359375
3 0.83984375 0.4 0.021875 0.03125
3 0.790625 0.57109375 0.0203125 0.02890625
3 0.4953125 0.63671875 0.025 0.03515625
3 0.67734375 0.16328125 0.028125 0.0375
3 0.32578125 0.26875 0.01953125 0.025
3 0.8796875 0.1890625 0.01875 0.0265625
2 0.8056060687500001 0.17314283125000002 0.8127298828124999 0.17147565625 0.8188538578125 0.1683080234375 0.8186039031250001 0.160639025 0.8147295578125 0.15313674375 0.8101053109375 0.1513028453125 0.804093746875 0.15379166718749998 0.799357096875 0.16013886718749998 0.801106809375 0.16664085 0.8056060687500001 0.17314283125000002
1 0.8140625 0.225 0.8046875 0.2708333328125 0.8125 0.2854166671875 0.81875 0.325 0.8296875 0.3416666671875 0.828125 0.35 0.815625 0.35625 0.8203125 0.38125 0.8359375 0.3875 0.853125 0.3770833328125 0.8640625 0.39375 0.8796875 0.3791666671875 0.9015625 0.39791666718749996 0.896875 0.4145833328125 0.9140625 0.44166666718750003 0.9390625 0.4291666671875 0.953125 0.43541666718750005 0.971875 0.42083333281249996 0.9890625 0.39375 0.99375 0.36875 0.9765625 0.34375 0.95625 0.35 0.9484375 0.33541666718749996 0.9390625 0.33541666718749996 0.9015625 0.2666666671875 0.8921875 0.2375 0.8734375 0.21458333281250003 0.8625 0.21875 0.853125 0.19375 0.8390625 0.19583333281249998 0.8140625 0.1520833328125 0.803125 0.1520833328125 0.7921875 0.1625 0.7890625 0.17916666718750002 0.8140625 0.225