0 0.6765625 0.78046875 0.0265625 0.03359375
0 0.48203125 0.50390625 0.0234375 0.03359375
3 0.25234375 0.2875 0.028125 0.03359375
3 0.321875 0.69296875 0.025 0.03125
3 0.6234375 0.83046875 0.0265625 0.03515625
3 0.40078125 0.62890625 0.0265625 0.03515625
0 0.6125 0.74453125 0.025 0.03359375
0 0.53984375 0.69609375 0.025 0.03359375
3 0.584375 0.13515625 0.025 0.03515625
3 0.78515625 0.2234375 0.01640625 0.025
3 0.71875 0.40078125 0.01875 0.02578125
2 0.6955173359375 0.16451488281249999 0.6998916093750001 0.1668489296875 0.71038986875 0.16051366875 0.7116396609375 0.1545118390625 0.7073903640625 0.14634268749999998 0.7025161718749999 0.1430083390625 0.697531246875 0.1448333328125 0.6908931078125 0.1488434453125 0.6901432234375 0.1541784109375 0.6955173359375 0.16451488281249999
1 0.70625 0.2125 0.7078125 0.2375 0.7 0.2645833328125 0.725 0.3291666671875 0.7140625 0.34375 0.7203125 0.3729166671875 0.734375 0.3791666671875 0.7484375 0.36666666718749996 0.7578125 0.38333333281250004 0.78125 0.3854166671875 0.8015625 0.4270833328125 0.8296875 0.4125 0.840625 0.41875 0.853125 0.41041666718750003 0.875 0.375 0.878125 0.35 0.8609375 0.325 0.840625 0.3333333328125 0.7890625 0.2479166671875 0.778921740625 0.2204220296875 0.7609375 0.20416666718749998 0.746875 0.2125 0.7453125 0.1875 0.740625 0.18125 0.728125 0.1833333328125 0.70625 0.14375 0.696875 0.14375 0.684375 0.15625 0.6828125 0.1729166671875 0.70625 0.2125