3 0.1828125 0.12265625 0.028125 0.0375
0 0.15703125 0.35390625 0.028125 0.0375
3 0.0921875 0.371875 0.0296875 0.03359375
3 0.08359375 0.45078125 0.0265625 0.03359375
0 0.14375 0.675 0.0328125 0.03984375
3 0.08828125 0.57421875 0.0296875 0.03515625
3 0.15859375 0.271875 0.0296875 0.0375
3 0.67890625 0.359375 0.0171875 0.0234375
0 0.74453125 0.40546875 0.01875 0.02578125
0 0.69921875 0.3578125 0.01796875 0.021875
3 0.7671875 0.41640625 0.01796875 0.02421875
2 0.6729363234375 0.3299121578125 0.677101409375 0.3101186703125 0.663010059375 0.30687919375 0.6565362765625 0.32643961718750003 0.663825190625 0.33095391875 0.6729363234375 0.3299121578125
1 0.709375 0.3145833328125 0.659375 0.30625 0.6546875 0.3395833328125 0.67079564375 0.3473183734375 0.7070460375 0.3494580453125 0.7112164484375 0.3682871640625 0.7253316562500001 0.38968389999999997 0.7429756609375 0.3884001 0.78307566875 0.40209404531250004 0.78147166875 0.42990980468749995 0.7984740828125 0.4337611734375 0.8125 0.43541666718750005 0.8171875 0.41875 0.84375 0.42083333281249996 0.85 0.41041666718750003 0.8703125 0.41041666718750003 0.8828445109375 0.40166608593750003 0.8876565125000001 0.4166438 0.9234375 0.425 0.9296875 0.39375 0.9421875 0.3875 0.946875 0.3479166671875 0.9359375 0.3458333328125 0.9375 0.3083333328125 0.9046875 0.3083333328125 0.896875 0.3333333328125 0.8578125 0.3229166671875 0.8515625 0.3125 0.74375 0.29375 0.73125 0.30625 0.7140625 0.30416666718749996 0.709375 0.3145833328125