3 0.1296875 0.2625 0.0203125 0.02890625
0 0.17421875 0.60078125 0.0265625 0.03359375
3 0.14296875 0.31171875 0.0171875 0.02890625
3 0.1046875 0.27421875 0.0234375 0.02890625
0 0.13671875 0.63515625 0.0234375 0.0296875
3 0.1203125 0.3171875 0.02109375 0.0265625
3 0.15234375 0.28671875 0.021875 0.03125
0 0.128125 0.29140625 0.0234375 0.03125
0 0.16171875 0.62890625 0.02265625 0.02734375
2 0.698315425 0.1655864125 0.7081563140625 0.1611324890625 0.7121981140625 0.1562097234375 0.704179975 0.14388835 0.694800821875 0.145895375 0.690056096875 0.15363113281250002 0.698315425 0.1655864125
1 0.70625 0.2125 0.7 0.2645833328125 0.7265625 0.3291666671875 0.7140625 0.34375 0.7203125 0.3729166671875 0.734375 0.3791666671875 0.7484375 0.36875 0.7578125 0.38333333281250004 0.78125 0.3854166671875 0.8015625 0.4270833328125 0.853125 0.41041666718750003 0.8734375 0.3770833328125 0.878125 0.35 0.8625 0.33541666718749996 0.8609375 0.3229166671875 0.8421875 0.3333333328125 0.821875 0.3083333328125 0.7734375 0.2125 0.7625 0.20416666718749998 0.7484375 0.2104166671875 0.740625 0.18125 0.728125 0.1833333328125 0.70625 0.14375 0.696875 0.14375 0.684375 0.15625 0.6828125 0.1729166671875 0.70625 0.2125