0 0.48984375 0.11953125 0.025 0.03359375
3 0.18203125 0.121875 0.025 0.03359375
0 0.14375 0.67578125 0.0328125 0.0375
3 0.0828125 0.45234375 0.0234375 0.03125
3 0.66015625 0.128125 0.0234375 0.03359375
0 0.67421875 0.18359375 0.025 0.03359375
3 0.13359375 0.38515625 0.0234375 0.03125
3 0.08828125 0.57421875 0.028125 0.03125
3 0.13671875 0.35625 0.025 0.03125
2 0.1288002390625 0.46316355781249996 0.128258765625 0.4393280421875 0.117178203125 0.4401008671875 0.112556390625 0.4541349515625 0.11634662656250001 0.46424698906249995 0.1288002390625 0.46316355781249996
1 0.2921875 0.375 0.2671875 0.375 0.21875 0.39375 0.196875 0.39375 0.178125 0.4145833328125 0.1546875 0.42083333281249996 0.15 0.43333333281249997 0.1171875 0.4375 0.1125 0.4625 0.1203125 0.475 0.184375 0.4791666671875 0.1984375 0.49791666718750005 0.259375 0.4916666671875 0.2671875 0.5104166671875 0.3 0.5083333328124999 0.3015625 0.49375 0.3109375 0.4791666671875 0.346875 0.475 0.346875 0.44166666718750003 0.353125 0.4291666671875 0.353125 0.41041666718750003 0.34375 0.3958333328125 0.3390625 0.3625 0.315625 0.3604166671875 0.30625 0.36875 0.2921875 0.36666666718749996 0.2921875 0.375