0 0.425 0.83671875 0.0234375 0.03125
3 0.7015625 0.634375 0.015625 0.02734375
3 0.328125 0.728125 0.025 0.03359375
3 0.321875 0.40234375 0.0234375 0.03125
3 0.40625 0.73984375 0.0234375 0.03125
0 0.49765625 0.67578125 0.0203125 0.02734375
0 0.56640625 0.88828125 0.01640625 0.02421875
0 0.67265625 0.87890625 0.01796875 0.02265625
3 0.653125 0.75625 0.01640625 0.0203125
3 0.60390625 0.4234375 0.0140625 0.02109375
3 0.74296875 0.49453125 0.015625 0.01953125
2 0.6899822015625 0.45997164531249995 0.69585623125 0.4629725578125 0.7019802078125 0.46230569218750006 0.70323 0.45797103593750005 0.699480621875 0.4514690625 0.691906246875 0.4498333328125 0.689232328125 0.45046875000000003 0.6877325796875 0.4541365359375 0.6899822015625 0.45997164531249995
1 0.6867133671875 0.5229072703125001 0.6890625 0.5895833328125 0.6859375 0.6104166671875 0.6944170421875 0.6253171203125001 0.7154029625 0.6207104640625001 0.740625 0.63125 0.75625 0.6645833328124999 0.778125 0.6604166671875 0.7875 0.6666666671875 0.7953125 0.6625 0.8109375 0.64375 0.8140625 0.625 0.8015625 0.6041666671875 0.7890625 0.6020833328124999 0.784375 0.5916666671875 0.7765625 0.5916666671875 0.7703125 0.58125 0.7640625 0.5520833328125 0.746875 0.5125 0.738514046875 0.5051893015625 0.72815390625 0.5051893015625 0.7140625 0.4791666671875 0.7 0.45 0.690625 0.4479166671875 0.6796875 0.4583333328125 0.6952139828125 0.5108590453125 0.6867133671875 0.5229072703125001