0 0.4578125 0.85078125 0.021875 0.02890625
3 0.75546875 0.66640625 0.0171875 0.02734375
3 0.6984375 0.78984375 0.0171875 0.025
0 0.5984375 0.915625 0.0203125 0.02890625
0 0.5359375 0.70234375 0.0203125 0.02734375
0 0.71640625 0.91875 0.021875 0.02890625
3 0.37265625 0.74296875 0.0234375 0.02890625
3 0.3828125 0.45078125 0.01875 0.02734375
3 0.44453125 0.75703125 0.021875 0.02890625
3 0.653125 0.4625 0.01640625 0.01875
3 0.8046875 0.528125 0.01640625 0.01875
2 0.74317140625 0.49485111093749995 0.7496703234375001 0.49535126093750004 0.7564192046875 0.49418424375000003 0.7562942375 0.4886825640625 0.7542945609375 0.48268073906250003 0.746749996875 0.48150000000000004 0.740671821875 0.48601508750000005 0.741671659375 0.4908498953125 0.74317140625 0.49485111093749995
1 0.7444065296875 0.5395472609375 0.73717395625 0.55574208125 0.7451814578125 0.6084614359375 0.7382071671875 0.6312031359375 0.7462146875 0.6608362125 0.7580967875 0.6567013453125 0.7671875 0.6645833328124999 0.79375 0.6645833328124999 0.8 0.6875 0.825 0.6854166671875 0.8265625 0.6895833328125 0.8375 0.6895833328125 0.8515625 0.675 0.8625 0.6708333328125 0.865625 0.6458333328125 0.85625 0.6354166671875 0.8546875 0.625 0.8359375 0.6229166671875 0.825 0.6083333328125 0.8078125 0.5625 0.7958095468749999 0.53782440625 0.76875 0.5125 0.7546875 0.48333333281249996 0.74375 0.48125 0.734375 0.4916666671875 0.7405319312499999 0.5161164359375 0.7444065296875 0.5395472609375