0 0.490625 0.11953125 0.025 0.03359375
3 0.66015625 0.12734375 0.0234375 0.03359375
0 0.14453125 0.67734375 0.034375 0.0375
3 0.0828125 0.453125 0.025 0.03125
0 0.67421875 0.18359375 0.025 0.03359375
3 0.1828125 0.12265625 0.0265625 0.03515625
3 0.08828125 0.575 0.028125 0.03359375
3 0.1375 0.35703125 0.025 0.03125
3 0.134375 0.38828125 0.025 0.03125
2 0.129020671875 0.46434219375 0.128691290625 0.4406152921875 0.11662179218749999 0.44101049843749995 0.1135395671875 0.4551150671875 0.11650401562499998 0.4665391296875 0.129020671875 0.46434219375
1 0.290625 0.3770833328125 0.1953125 0.3958333328125 0.1734375 0.4166666671875 0.1546875 0.42291666718750004 0.15 0.43333333281249997 0.1171875 0.43958333281249995 0.1125 0.4625 0.1265625 0.4791666671875 0.18125 0.48541666718750004 0.1984375 0.5 0.2984375 0.5104166671875 0.3125 0.4791666671875 0.3484375 0.475 0.3515625 0.40833333281249995 0.3421875 0.3916666671875 0.340625 0.3708333328125 0.3234375 0.36875 0.3171875 0.3604166671875 0.303125 0.3708333328125 0.2921875 0.36666666718749996 0.290625 0.3770833328125