0 0.7078125 0.53515625 0.0234375 0.03125
3 0.29375 0.63671875 0.028125 0.03515625
0 0.3984375 0.76171875 0.025 0.03125
0 0.490625 0.584375 0.0265625 0.03125
0 0.5078125 0.74921875 0.021875 0.03359375
3 0.64921875 0.25234375 0.0296875 0.0375
3 0.37265625 0.6645833328124999 0.384375 0.665625 0.390625 0.646875 0.37734375 0.6395833328125 0.36875 0.6552083328125 0.37265625 0.6645833328124999
3 0.2765625 0.24479166718749998 0.2875 0.253125 0.2953125 0.24895833281250002 0.296875 0.234375 0.28203125 0.225 0.2765625 0.24479166718749998
3 0.8328125 0.3385416671875 0.8328125 0.35104166718749996 0.846875 0.3572916671875 0.8546875 0.340625 0.84921875 0.33125 0.83984375 0.33125 0.8328125 0.3385416671875
3 0.7515625 0.5427083328125 0.7671875 0.5489583328125 0.771875 0.5302083328125 0.76640625 0.5229166671875001 0.75546875 0.525 0.7515625 0.5427083328125
3 0.6734375 0.678125 0.671875 0.690625 0.684375 0.7010416671875 0.6921875 0.6947916671875001 0.6921875 0.6802083328124999 0.68203125 0.6729166671875 0.6734375 0.678125
3 0.6734375 0.6364583328125 0.67109375 0.6166666671875001 0.66328125 0.6145833328125 0.6546875 0.6239583328125 0.6734375 0.6364583328125
2 0.7704873703125 0.3065999203125 0.7862161234375 0.3024646609375 0.7820070203125 0.286219 0.7667213312500001 0.286514375 0.7704873703125 0.3065999203125
1 0.87578125 0.5333333328125 0.8640625 0.5114583328125 0.8328125 0.38229166718749996 0.82421875 0.3708333328125 0.81328125 0.375 0.8078125 0.36770833281250004 0.8109375 0.3447916671875 0.796875 0.334375 0.784375 0.28854166718749996 0.76484375 0.2875 0.75625 0.2989583328125 0.76875 0.3572916671875 0.7546875 0.3927083328125 0.7640625 0.48020833281249997 0.7484375 0.48645833281249995 0.7484375 0.509375 0.75703125 0.5229166671875001 0.76484375 0.5229166671875001 0.77265625 0.5104166671875 0.78359375 0.5375 0.8125 0.553125 0.8078125 0.571875 0.81484375 0.6041666671875 0.84296875 0.6 0.84921875 0.6083333328125 0.865625 0.6072916671875 0.89765625 0.58125 0.9046875 0.5614583328125 0.89296875 0.5291666671875 0.87578125 0.5333333328125