0 0.91875 0.53828125 0.0296875 0.03984375
3 0.55625 0.85234375 0.025 0.03359375
0 0.82890625 0.9796875 0.021875 0.03046875
3 0.80625 0.909375 0.0265625 0.0375
3 0.36953125 0.03359375 0.0171875 0.03359375
3 0.9921875 0.79375 0.0140625 0.0375
0 0.80859375 0.9875 0.0234375 0.025
3 0.2875 0.34765625 0.0203125 0.02890625
0 0.28359375 0.59140625 0.021875 0.03125
3 0.2625 0.46015625 0.0234375 0.03125
3 0.359375 0.28515625 0.02109375 0.025
3 0.34921875 0.3125 0.0203125 0.0265625
2 0.3188332828125 0.37869754375000003 0.32995643750000003 0.3788642578125 0.3360804125 0.3618590921875 0.332456021875 0.3566908421875 0.32190624687499997 0.35608333281250004 0.3180834078125 0.3618590921875 0.31520888125 0.3695280796875 0.3188332828125 0.37869754375000003
1 0.35 0.40208333281249997 0.3859375 0.44375 0.4375 0.46666666718750005 0.44375 0.4875 0.471875 0.49375 0.475 0.4791666671875 0.50625 0.4791666671875 0.534375 0.4916666671875 0.5421875 0.46458333281249997 0.5546875 0.4479166671875 0.5546875 0.38333333281250004 0.54375 0.3770833328125 0.521875 0.3770833328125 0.515625 0.36875 0.5125 0.38125 0.50625 0.38125 0.48125 0.3645833328125 0.4359375 0.3541666671875 0.3515625 0.3604166671875 0.3265625 0.35208333281250004 0.3140625 0.36875 0.31875 0.3895833328125 0.35 0.40208333281249997