0 0.7328125 0.69296875 0.0234375 0.02890625
0 0.44140625 0.74296875 0.0234375 0.03125
0 0.60859375 0.74375 0.021875 0.02890625
3 0.31171875 0.665625 0.0265625 0.03359375
0 0.48984375 0.53828125 0.025 0.03125
3 0.21796875 0.28671875 0.0203125 0.025
3 0.56875 0.1609375 0.01796875 0.02578125
3 0.7703125 0.17734375 0.01953125 0.025
2 0.6864252234375 0.15522134375000002 0.6909244734375 0.1632237765625 0.6964235624999999 0.1658912546875 0.7050471328125 0.16072301718749998 0.7076716953125 0.1560549296875 0.7045472140625 0.14755233750000002 0.699093746875 0.1437916671875 0.6931741046875 0.14471814375 0.6877999921875 0.1502198234375 0.6864252234375 0.15522134375000002
1 0.7015625 0.2416666671875 0.6953125 0.2625 0.715625 0.32083333281250004 0.7234375 0.3291666671875 0.709375 0.35 0.7171875 0.375 0.725 0.38125 0.740625 0.36666666718749996 0.7625 0.3770833328125 0.7703125 0.3479166671875 0.7625 0.33125 0.771875 0.3270833328125 0.78125 0.3395833328125 0.7890625 0.36875 0.7703125 0.3625 0.76875 0.36875 0.7859375 0.38333333281250004 0.7828125 0.39791666718749996 0.796875 0.425 0.8125 0.4145833328125 0.8390625 0.4166666671875 0.8515625 0.40833333281249995 0.8703125 0.3729166671875 0.875 0.35 0.85625 0.325 0.8421875 0.33541666718749996 0.83125 0.3333333328125 0.7875 0.25625 0.7765625 0.21875 0.7578125 0.20416666718749998 0.74375 0.2104166671875 0.74375 0.1895833328125 0.7375 0.18125 0.7234375 0.1833333328125 0.7046875 0.1458333328125 0.69375 0.14375 0.678125 0.1666666671875 0.6984375 0.20416666718749998 0.7015625 0.2416666671875
3 0.4 0.646875 0.0203125 0.0265625