0 0.72265625 0.90546875 0.021875 0.02890625
0 0.6875 0.50078125 0.025 0.02890625
0 0.71328125 0.925 0.0234375 0.02890625
0 0.14609375 0.815625 0.0328125 0.03515625
3 0.46171875 0.92421875 0.025 0.03359375
3 0.8109375 0.67578125 0.021875 0.02734375
3 0.10234375 0.58671875 0.0265625 0.03359375
3 0.0984375 0.7 0.0265625 0.03359375
3 0.1265625 0.2875 0.025 0.03515625
3 0.16015625 0.50234375 0.0234375 0.03125
3 0.15546875 0.52578125 0.0234375 0.03125
3 0.6875 0.85625 0.0234375 0.03125
2 0.1333381328125 0.5914832765625 0.13626482812500001 0.5977732015624999 0.14910974999999999 0.5947366859375001 0.149855159375 0.5719377171875 0.141955615625 0.57326419375 0.13545185937499998 0.5760838125000001 0.1333381328125 0.5914832765625
1 0.3125 0.5208333328125 0.2421875 0.5270833328125 0.178125 0.5541666671875001 0.171875 0.56875 0.1375 0.5729166671875 0.1328125 0.5958333328125 0.1375 0.6041666671875 0.18125 0.6041666671875 0.1984375 0.6145833328125 0.20625 0.6270833328125 0.2734375 0.625 0.2734375 0.6375 0.2796875 0.6458333328125 0.3015625 0.64375 0.3078125 0.6375 0.3078125 0.6208333328125 0.3203125 0.6145833328125 0.321875 0.6020833328124999 0.359375 0.6 0.359375 0.56875 0.365625 0.5604166671875 0.365625 0.5416666671875 0.3578125 0.5291666671875 0.35625 0.5041666671875 0.3375 0.49583333281249997 0.3328125 0.5020833328125 0.315625 0.5020833328125 0.3125 0.5208333328125