0 0.14375 0.675 0.0328125 0.03984375
3 0.18359375 0.121875 0.0265625 0.0375
3 0.0890625 0.57265625 0.0296875 0.0375
3 0.08359375 0.45078125 0.025 0.03359375
3 0.1375 0.35625 0.028125 0.03984375
3 0.13515625 0.38515625 0.0296875 0.03984375
3 0.6609375 0.12578125 0.021875 0.03125
0 0.67421875 0.18125 0.01875 0.03125
0 0.69609375 0.2859375 0.02109375 0.0265625
2 0.7214751625 0.1840195984375 0.7335824875 0.17414975 0.72622245625 0.1615696421875 0.7167667875 0.1633826390625 0.71138574375 0.1714579703125 0.7214751625 0.1840195984375
1 0.728125 0.2541666671875 0.7234375 0.2833333328125 0.7484375 0.34375 0.7390625 0.36666666718749996 0.746875 0.3895833328125 0.759375 0.39375 0.7828125 0.38125 0.79375 0.39375 0.815625 0.3958333328125 0.8203125 0.4 0.81875 0.4166666671875 0.834375 0.44166666718750003 0.859375 0.4270833328125 0.875 0.43333333281249997 0.8859375 0.425 0.9078125 0.38125 0.90625 0.3645833328125 0.8921875 0.3416666671875 0.8734375 0.3479166671875 0.865625 0.33541666718749996 0.85625 0.3333333328125 0.8390625 0.30416666718749996 0.8176609593749999 0.26432431875 0.785374846875 0.2252935328125 0.7722585953125 0.2248449109375 0.763850746875 0.20734834531250002 0.7484375 0.1979166671875 0.728125 0.1625 0.7171875 0.1625 0.703125 0.1854166671875 0.7203125 0.2166666671875 0.728125 0.2541666671875