3 0.6921875 0.56328125 0.01875 0.02734375
0 0.734375 0.69453125 0.0234375 0.03125
0 0.44296875 0.74453125 0.025 0.03125
0 0.609375 0.74609375 0.0234375 0.02890625
3 0.3125 0.66796875 0.025 0.03359375
3 0.7359375 0.390625 0.0203125 0.02890625
0 0.490625 0.540625 0.025 0.03125
3 0.21875 0.290625 0.0296875 0.03359375
3 0.40078125 0.64921875 0.01953125 0.02734375
3 0.5703125 0.16328125 0.01953125 0.02578125
3 0.77109375 0.18046875 0.02109375 0.02578125
2 0.6925766421875 0.16656091875 0.6982007078125 0.1677279421875 0.7036997875 0.1652271796875 0.7086989578125 0.16189283125 0.70794909375 0.15555756406250001 0.704199715625 0.1488888671875 0.6983256953125 0.14722169375 0.692843746875 0.149 0.6887022875000001 0.1545572625 0.6868275984375 0.1612259578125 0.6925766421875 0.16656091875
1 0.7 0.22291666718749997 0.6953125 0.2625 0.71875 0.3291666671875 0.71875 0.3395833328125 0.7109375 0.3458333328125 0.715625 0.3729166671875 0.7273232296875001 0.3851796125 0.7442104109375001 0.37616887656250003 0.7553559609375 0.3856301765625 0.778125 0.3895833328125 0.7984375 0.4291666671875 0.825 0.4166666671875 0.8390625 0.42083333281249996 0.853125 0.40833333281249995 0.8703125 0.3791666671875 0.8703125 0.3541666671875 0.8578125 0.3395833328125 0.8578125 0.3270833328125 0.8375 0.3375 0.8171875 0.3104166671875 0.7765625 0.225 0.7625 0.2104166671875 0.7486010624999999 0.2072176140625 0.7435349078125 0.1986574 0.7265625 0.1854166671875 0.7046875 0.14791666718750002 0.6953125 0.1458333328125 0.68125 0.1583333328125 0.678125 0.1729166671875 0.7 0.22291666718749997