0 0.14375 0.675 0.034375 0.03984375
3 0.18359375 0.121875 0.028125 0.03984375
3 0.0890625 0.57265625 0.03125 0.0375
3 0.08359375 0.45078125 0.025 0.03359375
3 0.1375 0.35625 0.028125 0.03984375
3 0.13515625 0.38515625 0.03125 0.03984375
0 0.71015625 0.28515625 0.0203125 0.02890625
0 0.49453125 0.11640625 0.0125 0.02734375
0 0.675 0.18125 0.01875 0.03125
3 0.6609375 0.125 0.0203125 0.03125
2 0.721875 0.16953125 0.0171875 0.01875
1 0.725 0.22291666718749997 0.7296875 0.25833333281250004 0.7234375 0.28125 0.7515625 0.34375 0.7515625 0.35208333281250004 0.740625 0.3625 0.7453125 0.3854166671875 0.7609375 0.39375 0.7828125 0.3791666671875 0.79375 0.39375 0.815625 0.3958333328125 0.821875 0.40208333281249997 0.81875 0.4166666671875 0.834375 0.44166666718750003 0.859375 0.4291666671875 0.875 0.43333333281249997 0.884375 0.4270833328125 0.9078125 0.38333333281250004 0.9078125 0.3645833328125 0.8921875 0.3416666671875 0.875 0.3479166671875 0.8578125 0.3333333328125 0.8390625 0.30625 0.8078125 0.23541666718749998 0.771875 0.2166666671875 0.7625 0.19583333281249998 0.7515625 0.2 0.7296875 0.1625 0.7203125 0.1604166671875 0.7078125 0.1708333328125 0.7046875 0.1875 0.725 0.22291666718749997