0 0.17421875 0.60078125 0.0265625 0.03359375
3 0.16171875 0.31875 0.021875 0.02734375
3 0.1609375 0.28125 0.021875 0.02890625
0 0.1375 0.634375 0.021875 0.0265625
3 0.11875 0.30859375 0.0203125 0.02890625
3 0.1015625 0.28515625 0.01875 0.03125
0 0.125 0.28359375 0.0140625 0.025
0 0.1625 0.62734375 0.0234375 0.0296875
2 0.7015625 0.15390625 0.0203125 0.021875
3 0.11640625 0.2609375 0.021875 0.02265625
1 0.8765625 0.3739583328125 0.8796875 0.35104166718749996 0.86328125 0.325 0.84296875 0.3333333328125 0.77265625 0.2104166671875 0.76171875 0.20416666718749998 0.74921875 0.2104166671875 0.74296875 0.18125 0.73046875 0.18125 0.70859375 0.14375 0.69296875 0.1458333328125 0.684375 0.1677083328125 0.7078125 0.209375 0.709375 0.2364583328125 0.703125 0.2614583328125 0.728125 0.328125 0.7171875 0.3427083328125 0.7171875 0.3614583328125 0.72890625 0.3770833328125 0.74921875 0.3645833328125 0.76015625 0.3791666671875 0.78984375 0.38125 0.8 0.421875 0.809375 0.42604166718750003 0.83203125 0.41041666718750003 0.84609375 0.4145833328125 0.85546875 0.40833333281249995 0.8765625 0.3739583328125