0 0.6875 0.46953125 0.0296875 0.03359375
0 0.725 0.90234375 0.021875 0.03125
3 0.0890625 0.27265625 0.0328125 0.0375
3 0.078125 0.58515625 0.028125 0.03515625
0 0.128125 0.81484375 0.0328125 0.03984375
3 0.07890625 0.70234375 0.028125 0.03515625
3 0.82109375 0.65546875 0.0234375 0.03125
3 0.13203125 0.49453125 0.028125 0.03359375
3 0.12890625 0.521875 0.0296875 0.03515625
0 0.715625 0.92109375 0.025 0.03515625
3 0.45234375 0.92265625 0.0265625 0.03515625
3 0.68828125 0.84921875 0.02109375 0.02890625
2 0.10516176875000001 0.5970383546875 0.1133683109375 0.59825470625 0.123659065625 0.59095656875 0.12331409374999999 0.5702544125 0.11219594531249999 0.5678457828125001 0.10424992343749999 0.5756652234375 0.10516176875000001 0.5970383546875
1 0.146875 0.5541666671875001 0.1390625 0.5645833328125 0.1109375 0.5708333328124999 0.103125 0.58125 0.1015625 0.6 0.1953125 0.6270833328125 0.2515625 0.6333333328124999 0.2859375 0.6291666671875 0.2859375 0.6208333328125 0.2984375 0.6083333328125 0.3328125 0.6041666671875 0.3375 0.5395833328124999 0.3265625 0.49791666718750005 0.3203125 0.49375 0.1890625 0.5291666671875 0.1703125 0.5458333328125 0.146875 0.5541666671875001