3 0.21551654375 0.47543647968749997 0.22489154375 0.45876981250000004 0.21004779375 0.44731147968749996 0.20145404375 0.4650198125 0.21551654375 0.47543647968749997
3 0.2395445015625 0.3548334359375 0.2442320015625 0.3360834359375 0.2293882515625 0.32879176875 0.2239195015625 0.3485834359375 0.2395445015625 0.3548334359375
3 0.28270404375 0.3035373765625 0.2916855046875 0.31412285156249997 0.29832904375 0.31395404375 0.303494634375 0.3078246484375 0.30457904375 0.29520404375 0.29129779375 0.28582904375 0.28270404375 0.3035373765625
3 0.29520404375 0.28219526250000004 0.30926654375 0.2863619296875 0.3147133078125 0.28341911406250003 0.3135323953125 0.2716099828125 0.31239154375 0.2655285953125 0.303694275 0.2636975921875 0.29227596093749997 0.2723972578125 0.29520404375 0.28219526250000004
3 0.3973570015625 0.0790461609375 0.40204450156249993 0.0582128265625 0.3887632515625 0.0509211609375 0.3832945015625 0.0707128265625 0.3973570015625 0.0790461609375
3 0.8399649203124999 0.24937428593750002 0.8493399203124999 0.2535409515625 0.8602774203125 0.24312428593750002 0.8532461703124999 0.2254159515625 0.8384024203125 0.23479095156250002 0.8399649203124999 0.24937428593750002
3 0.8956244640625 0.2499312703125 0.9096869640625 0.25618127031250004 0.9174994640625 0.23743127031250003 0.9089057140625 0.22805627031250003 0.9010932140625 0.2301396046875 0.8956244640625 0.2499312703125
0 0.2348570015625 0.5866404203125 0.2489195015625 0.5928904203124999 0.2582945015625 0.5762237546875 0.2512632515625 0.5647654203125 0.2403257515625 0.5647654203125 0.2348570015625 0.5866404203125
0 0.8555510875 0.31580708749999997 0.8633635875 0.2949737546875 0.8485198374999999 0.2876820875 0.8399260875 0.3053904203125 0.8555510875 0.31580708749999997
0 0.6735379140625 0.17228737656249998 0.6876004140624999 0.1847873765625 0.6954129140624999 0.1785373765625 0.6969754140625 0.16395404375 0.6852566640625 0.15457904375 0.6735379140625 0.17228737656249998
3 0.878125 0.46328125 0.02578125 0.04140625
3 0.86953125 0.6734375 0.02578125 0.05
1 0.49375 0.434375 0.5078125 0.4135416671875 0.50078125 0.3541666671875 0.46328125 0.34375 0.45859375 0.35625 0.42890625 0.3395833328125 0.34921875 0.33541666718749996 0.33359375 0.3479166671875 0.27265625 0.3416666671875 0.2625 0.3552083328125 0.26796875 0.3791666671875 0.30234375 0.3875 0.32578125 0.40208333281249997 0.33671875 0.4270833328125 0.39296875 0.44375 0.40078125 0.46666666718750005 0.425 0.46979166718750004 0.43203125 0.45625 0.45234375 0.45 0.4890625 0.4614583328125 0.49375 0.434375
2 0.2775145484375 0.3700193984375 0.28105728750000003 0.3495502390625 0.266295875 0.34876296406249996 0.2627531359375 0.3676575734375 0.2775145484375 0.3700193984375