0 0.534375 0.734375 0.025 0.03359375
0 0.5875 0.53359375 0.0234375 0.03125
0 0.70078125 0.74609375 0.021875 0.03125
0 0.82890625 0.703125 0.025 0.02890625
3 0.40859375 0.64765625 0.0265625 0.03359375
3 0.790625 0.56953125 0.0203125 0.02890625
3 0.83984375 0.39921875 0.0203125 0.02890625
3 0.4953125 0.63515625 0.025 0.03515625
3 0.3265625 0.26796875 0.01953125 0.02421875
3 0.67890625 0.16015625 0.01875 0.02578125
3 0.88046875 0.1890625 0.01875 0.0265625
2 0.80295178125 0.1683902390625 0.8079509515625001 0.173058325 0.815449715625 0.17022413593750002 0.8189491390624999 0.1657227625 0.8183242421875001 0.15855391875 0.8143248906249999 0.1525520828125 0.8102005906249999 0.1500513234375 0.805343746875 0.1529583328125 0.7999522875 0.15672001875 0.7997023234375 0.16355543749999998 0.80295178125 0.1683902390625
1 0.8140625 0.2208333328125 0.8046875 0.2708333328125 0.828125 0.3395833328125 0.815625 0.35625 0.81875 0.3770833328125 0.834375 0.3875 0.8515625 0.375 0.8609375 0.3916666671875 0.8671875 0.3916666671875 0.884375 0.3645833328125 0.8828125 0.3416666671875 0.9015625 0.3770833328125 0.8984375 0.4125 0.9125 0.43958333281249995 0.9671875 0.425 0.9890625 0.39375 0.9953125 0.36875 0.9765625 0.34375 0.9546875 0.35 0.95 0.3375 0.9421875 0.3375 0.94375 0.34375 0.9390625 0.34375 0.9375 0.3291666671875 0.890625 0.23333333281250002 0.8515625 0.1916666671875 0.8359375 0.1916666671875 0.8203125 0.1583333328125 0.80625 0.15 0.790625 0.16458333281249998 0.7890625 0.1770833328125 0.8140625 0.2208333328125