0 0.490625 0.11875 0.025 0.03359375
0 0.14453125 0.67265625 0.025 0.03359375
3 0.1828125 0.12109375 0.025 0.03515625
3 0.6609375 0.12734375 0.025 0.03515625
3 0.0828125 0.45078125 0.025 0.03125
0 0.67421875 0.18359375 0.025 0.03515625
3 0.134375 0.384375 0.025 0.03125
3 0.1375 0.35546875 0.025 0.03125
3 0.08984375 0.571875 0.0203125 0.02734375
1 0.2921875 0.375 0.2703125 0.375 0.2546875 0.38333333281250004 0.225 0.3854166671875 0.21875 0.39375 0.19375 0.3958333328125 0.171875 0.4166666671875 0.15625 0.42083333281249996 0.1515625 0.43125 0.11875 0.4375 0.1140625 0.44375 0.1140625 0.4625 0.1203125 0.47083333281249995 0.1421875 0.46875 0.18125 0.48125 0.2 0.49791666718750005 0.2625 0.49583333281249997 0.26875 0.50625 0.3 0.50625 0.3015625 0.4916666671875 0.3125 0.4791666671875 0.3484375 0.475 0.346875 0.44375 0.3546875 0.4270833328125 0.340625 0.3645833328125 0.3234375 0.3645833328125 0.3171875 0.3583333328125 0.303125 0.36875 0.29375 0.3645833328125 0.2921875 0.375
2 0.1182850140625 0.46433321875000005 0.1286890296875 0.46227712656250003 0.1286890296875 0.43863217343749994 0.11812458125 0.4401249 0.11366098437500001 0.4468565 0.11404634218750001 0.4612491 0.1182850140625 0.46433321875000005