3 0.1828125 0.12109375 0.0265625 0.0375
0 0.14375 0.67421875 0.0328125 0.0375
0 0.15625 0.353125 0.0296875 0.03515625
3 0.15859375 0.271875 0.028125 0.0375
3 0.09140625 0.36875 0.0265625 0.02890625
3 0.0890625 0.57265625 0.0296875 0.03515625
3 0.08359375 0.45 0.025 0.03359375
2 0.66487870625 0.3327135921875 0.676432684375 0.3307156671875 0.676860603125 0.3093093484375 0.662109853125 0.308228475 0.6573900203124999 0.3150176984375 0.6561062484375 0.3284323265625 0.66487870625 0.3327135921875
1 0.6540503546875 0.3430397421875 0.709029496875 0.35108925156250004 0.7157342703125 0.3712130375 0.7261266640625 0.3922312171875 0.7821115078124999 0.40922463125 0.7777534203124999 0.43650355 0.8059134718750001 0.432925975 0.8223401453125 0.41503816406249994 0.853182090625 0.4181685359375 0.8712850078125 0.41861574218750003 0.8883821484375 0.4195101171875 0.9242527234375 0.4226404875 0.93125 0.3958333328125 0.94375 0.3854166671875 0.9484375 0.3479166671875 0.9390625 0.34375 0.9390625 0.3083333328125 0.9046875 0.30625 0.896875 0.325 0.871875 0.3270833328125 0.7984375 0.3020833328125 0.7421875 0.2979166671875 0.6610903609375 0.307264125 0.6540503546875 0.3255991296875 0.6540503546875 0.3430397421875
3 0.67890625 0.359375 0.0203125 0.02578125
0 0.69921875 0.359375 0.01796875 0.0203125
0 0.7453125 0.40703125 0.0203125 0.02265625
3 0.76796875 0.4171875 0.01953125 0.0234375