0 0.2859375 0.66875 0.025 0.03125
3 0.965625 0.984375 0.0234375 0.02890625
0 0.92265625 0.72734375 0.0328125 0.03984375
3 0.53515625 0.98046875 0.025 0.03515625
3 0.43671875 0.109375 0.01875 0.03125
3 0.31640625 0.41796875 0.0203125 0.02890625
3 0.278125 0.528125 0.021875 0.03125
3 0.3984375 0.36796875 0.0203125 0.028125
3 0.38359375 0.39296875 0.0203125 0.02578125
2 0.344593165625 0.4545775515625 0.349942225 0.45979190625 0.3592002171875 0.46006635156250003 0.366195146875 0.4430510703125 0.3586009953125 0.435266475 0.3526167453125 0.43619007343750005 0.34809062343749997 0.4427766359375 0.344593165625 0.4545775515625
1 0.378125 0.4875 0.409375 0.5395833328124999 0.4546875 0.5708333328124999 0.4625 0.5895833328125 0.484375 0.6041666671875 0.490625 0.5958333328125 0.521875 0.6020833328124999 0.5234375 0.6166666671875001 0.53125 0.6145833328125 0.5546875 0.6333333328124999 0.5859375 0.59375 0.5890625 0.56875 0.584375 0.5583333328125 0.5921875 0.5270833328125 0.571875 0.5229166671875001 0.5578125 0.5083333328124999 0.546875 0.5145833328125 0.528125 0.48541666718750004 0.5046875 0.47083333281249995 0.4890625 0.4770833328125 0.440625 0.4479166671875 0.3890625 0.45 0.35625 0.43125 0.3453125 0.4458333328125 0.3453125 0.46458333281249997 0.378125 0.4875