3 0.5046875 0.96484375 0.0265625 0.03984375
0 0.83984375 0.62578125 0.025 0.03515625
3 0.746875 0.98828125 0.028125 0.02265625
3 0.92265625 0.86484375 0.0234375 0.03125
0 0.22109375 0.721875 0.0265625 0.03125
3 0.29609375 0.40703125 0.021875 0.03125
3 0.19765625 0.5875 0.021875 0.0265625
3 0.221875 0.4734375 0.02109375 0.02578125
3 0.28515625 0.43359375 0.02109375 0.02734375
3 0.303125 0.16171875 0.01953125 0.02734375
2 0.2661930203125 0.5036640265625 0.27074564218749997 0.49065039375 0.2705830515625 0.48132395624999996 0.2575915078125 0.48087001249999994 0.2533481 0.49065039375 0.2536732828125 0.50279645625 0.2661930203125 0.5036640265625
1 0.2625 0.475 0.2515625 0.4895833328125 0.2515625 0.50625 0.2953125 0.5291666671875 0.321875 0.5645833328125 0.35 0.5791666671875 0.3765625 0.5833333328125 0.3828125 0.6020833328124999 0.4125 0.6104166671875 0.4140625 0.6 0.44375 0.6 0.465625 0.6145833328125 0.4765625 0.6104166671875 0.4796875 0.5895833328125 0.4953125 0.5645833328125 0.490625 0.5395833328124999 0.4921875 0.5041666671875 0.4609375 0.5 0.4578125 0.49375 0.4484375 0.5020833328125 0.4328125 0.48541666718750004 0.4109375 0.4770833328125 0.3953125 0.48333333281249996 0.3421875 0.46875 0.328125 0.48125 0.2890625 0.48333333281249996 0.2625 0.475