0 0.68515625 0.16953125 0.025 0.03359375
3 0.84765625 0.23828125 0.0234375 0.03125
0 0.85 0.29765625 0.025 0.03125
3 0.39140625 0.065625 0.021875 0.0375
0 0.246875 0.57578125 0.0296875 0.03359375
3 0.30390625 0.2703125 0.01875 0.025
3 0.29375 0.29921875 0.0203125 0.02734375
3 0.2328125 0.34140625 0.01953125 0.025
3 0.21328125 0.45859375 0.021875 0.02578125
2 0.27738108437500003 0.3678366859375 0.2818909 0.3469815 0.2687920828125 0.3451083390625 0.26279935 0.35600537656250003 0.2638516359375 0.3684382765625 0.27738108437500003 0.3678366859375
1 0.3078125 0.3479166671875 0.2734375 0.3416666671875 0.2625 0.3541666671875 0.2625 0.3729166671875 0.26875 0.38125 0.3046875 0.3916666671875 0.340625 0.4291666671875 0.39375 0.44375 0.4 0.46875 0.428125 0.47291666718750003 0.43125 0.4583333328125 0.4515625 0.45208333281249996 0.4875 0.46458333281249997 0.4953125 0.43125 0.50625 0.4166666671875 0.5015625 0.35625 0.4890625 0.3479166671875 0.4671875 0.3479166671875 0.465625 0.3416666671875 0.4609375 0.3541666671875 0.4546875 0.3541666671875 0.4296875 0.3395833328125 0.35 0.33541666718749996 0.334375 0.34375 0.3125 0.3395833328125 0.3078125 0.3479166671875