0 0.8953125 0.64765625 0.0328125 0.0375
3 0.96796875 0.89921875 0.0234375 0.03515625
3 0.5421875 0.93984375 0.0234375 0.0375
0 0.28515625 0.66328125 0.025 0.02890625
3 0.39921875 0.14609375 0.01875 0.02890625
3 0.27265625 0.53359375 0.021875 0.02890625
3 0.3765625 0.37421875 0.01875 0.02734375
3 0.7796875 0.99375 0.03125 0.0125
3 0.30390625 0.428125 0.0203125 0.02890625
3 0.36484375 0.39921875 0.01796875 0.02421875
2 0.33233196875000004 0.4591956578125 0.3442049984375 0.45952909999999997 0.34907919062500004 0.44469124843749996 0.3460796859375 0.4381892640625 0.338781246875 0.4375416671875 0.33383172499999997 0.44035658906249997 0.329832384375 0.45219353125 0.33233196875000004 0.4591956578125
1 0.3625 0.48333333281249996 0.390625 0.525 0.4359375 0.55 0.446875 0.56875 0.4703125 0.58125 0.478125 0.56875 0.509375 0.5666666671875 0.5359375 0.5833333328125 0.54375 0.5583333328125 0.55625 0.5458333328125 0.5609375 0.53125 0.5609375 0.4791666671875 0.553125 0.4791666671875 0.55 0.47083333281249995 0.5375 0.47291666718750003 0.5234375 0.46458333281249997 0.521875 0.475 0.515625 0.4770833328125 0.4890625 0.45625 0.446875 0.44375 0.415625 0.43958333281249995 0.39375 0.4458333328125 0.3796875 0.43958333281249995 0.3671875 0.4458333328125 0.3375 0.43541666718750005 0.3296875 0.4479166671875 0.33125 0.46875 0.3625 0.48333333281249996