3 0.6921875 0.56328125 0.0203125 0.02734375
0 0.609375 0.74453125 0.0234375 0.03125
0 0.44296875 0.74453125 0.0234375 0.02890625
0 0.734375 0.69453125 0.0265625 0.03359375
3 0.73671875 0.390625 0.0203125 0.02890625
3 0.40078125 0.64921875 0.01875 0.025
3 0.31328125 0.665625 0.01953125 0.02890625
3 0.21953125 0.28984375 0.02109375 0.02421875
3 0.57109375 0.16328125 0.01796875 0.028125
3 0.77109375 0.1796875 0.01953125 0.02734375
0 0.4921875 0.53984375 0.01875 0.0265625
2 0.6899863515625 0.16481635 0.693860715625 0.16898428593749998 0.699609759375 0.168317425 0.7059836984375 0.1628157390625 0.7082333296875001 0.1578142171875 0.70473390625 0.149311625 0.700109678125 0.145477125 0.693624996875 0.1487916671875 0.6888615453125 0.1526459734375 0.687111834375 0.1589812390625 0.6899863515625 0.16481635
1 0.703125 0.21458333281250003 0.696875 0.2645833328125 0.7234375 0.3333333328125 0.7109375 0.3458333328125 0.7171875 0.375 0.7296875 0.38125 0.746875 0.375 0.7546875 0.3854166671875 0.7828125 0.3875 0.784375 0.40625 0.8 0.43125 0.8234375 0.4166666671875 0.8375 0.42083333281249996 0.8515625 0.41041666718750003 0.8734375 0.375 0.8734375 0.3541666671875 0.8578125 0.325 0.8359375 0.3333333328125 0.815625 0.30625 0.7703125 0.21458333281250003 0.7609375 0.20833333281250002 0.7453125 0.2125 0.7390625 0.1854166671875 0.7265625 0.1875 0.7046875 0.14791666718750002 0.6953125 0.1458333328125 0.68125 0.1604166671875 0.6796875 0.1729166671875 0.703125 0.21458333281250003