0 0.7421875 0.95234375 0.025 0.03203125
0 0.73984375 0.51484375 0.0265625 0.03359375
3 0.85859375 0.71953125 0.025 0.03125
3 0.46875 0.934375 0.025 0.03515625
0 0.73046875 0.9734375 0.0265625 0.03046875
3 0.709375 0.89375 0.025 0.03359375
3 0.1203125 0.54296875 0.0265625 0.03359375
3 0.1828125 0.45703125 0.025 0.02890625
3 0.1765625 0.484375 0.0234375 0.03125
3 0.15703125 0.22421875 0.021875 0.03125
3 0.1125 0.659375 0.0265625 0.03125
0 0.15390625 0.78359375 0.0328125 0.03515625
2 0.1644698796875 0.5576878890625 0.167777084375 0.5462576578125 0.167927409375 0.5350279312499999 0.15546413750000002 0.5343014828125 0.15079010625 0.54665870625 0.152443703125 0.5576878890625 0.1644698796875 0.5576878890625
1 0.3359375 0.49791666718750005 0.303125 0.49375 0.234375 0.5041666671875 0.21875 0.51875 0.196875 0.5208333328125 0.190625 0.53125 0.159375 0.53125 0.15 0.54375 0.15 0.5583333328125 0.1578125 0.56875 0.1859375 0.56875 0.2140625 0.5791666671875 0.2234375 0.5854166671875001 0.2265625 0.5979166671875 0.284375 0.6 0.290625 0.6041666671875 0.29375 0.61875 0.325 0.61875 0.3265625 0.60625 0.3375 0.6020833328124999 0.340625 0.59375 0.378125 0.59375 0.378125 0.5729166671875 0.3875 0.5520833328125 0.3875 0.5354166671875 0.38125 0.5229166671875001 0.3796875 0.4895833328125 0.365625 0.4916666671875 0.3609375 0.48541666718750004 0.35625 0.4916666671875 0.3375 0.4895833328125 0.3359375 0.49791666718750005