0 0.14375 0.675 0.0328125 0.03984375
3 0.1828125 0.121875 0.028125 0.03984375
3 0.0890625 0.57265625 0.0296875 0.0375
3 0.08359375 0.45078125 0.025 0.03359375
3 0.6609375 0.12578125 0.021875 0.03125
0 0.67421875 0.18125 0.01875 0.03125
0 0.7171875 0.303125 0.73125 0.3072916671875 0.734375 0.290625 0.72109375 0.28125 0.715625 0.28854166718749996 0.7171875 0.303125
3 0.1265625 0.3489583328125 0.128125 0.3635416671875 0.14375 0.36770833281250004 0.15 0.35104166718749996 0.14296875 0.3416666671875 0.13203125 0.3416666671875 0.1265625 0.3489583328125
3 0.12890625 0.4 0.140625 0.39895833281250004 0.14375 0.378125 0.12890625 0.3729166671875 0.121875 0.390625 0.12890625 0.4
1 0.909375 0.38229166718749996 0.9078125 0.3635416671875 0.89140625 0.3416666671875 0.87578125 0.3479166671875 0.85859375 0.3333333328125 0.81875 0.278125 0.80859375 0.25 0.7703125 0.21770833281250002 0.76640625 0.1979166671875 0.75390625 0.2 0.72578125 0.1604166671875 0.71484375 0.16458333281249998 0.7078125 0.1885416671875 0.725 0.21979166718749998 0.7296875 0.24479166718749998 0.7265625 0.2822916671875 0.7578125 0.3447916671875 0.74375 0.359375 0.7453125 0.378125 0.75546875 0.3916666671875 0.77734375 0.3770833328125 0.80078125 0.39375 0.81796875 0.39375 0.8234375 0.39895833281250004 0.821875 0.4135416671875 0.8421875 0.43854166718750004 0.86015625 0.4270833328125 0.87578125 0.43125 0.88515625 0.425 0.909375 0.38229166718749996
2 0.7189896203125 0.1826005390625 0.734054165625 0.1752965171875 0.725837140625 0.1597754703125 0.7121421 0.1689054984375 0.7189896203125 0.1826005390625