3 0.30078125 0.228125 0.0203125 0.028125
3 0.53671875 0.26796875 0.0140625 0.021875
3 0.3484375 0.62109375 0.0203125 0.025
3 0.41328125 0.61796875 0.0171875 0.0234375
3 0.57734375 0.58984375 0.01484375 0.015625
0 0.43515625 0.70859375 0.01640625 0.02421875
0 0.47578125 0.53984375 0.0171875 0.021875
0 0.53125 0.7203125 0.01484375 0.02109375
0 0.5890625 0.68671875 0.015625 0.02109375
3 0.60234375 0.475 0.0140625 0.01640625
2 0.60198478125 0.3156357296875 0.6067339875 0.3151355703125 0.608733653125 0.3103007671875 0.6054841953125 0.3027984828125 0.6008124968749999 0.3004583328125 0.5969856124999999 0.3046323734375 0.5986103359375 0.3111343546875 0.60198478125 0.3156357296875
1 0.5923588046875 0.382702225 0.59375 0.4270833328125 0.5953125 0.43958333281249995 0.590625 0.4458333328125 0.590625 0.4583333328125 0.59375 0.46458333281249997 0.6046875 0.46875 0.6203125 0.46458333281249997 0.625 0.475 0.6515625 0.4791666671875 0.66875 0.5125 0.6890625 0.5125 0.7 0.5020833328125 0.70625 0.48333333281249996 0.7046875 0.47291666718750003 0.6953125 0.4583333328125 0.671875 0.43958333281249995 0.66875 0.4125 0.65625 0.39375 0.6515625 0.3770833328125 0.6328125 0.3541666671875 0.6296875 0.3375 0.6140625 0.325 0.6078125 0.30416666718749996 0.596875 0.3 0.58125 0.3166666671875 0.598188215625 0.3581458015625 0.5923588046875 0.382702225