0 0.16171875 0.57890625 0.02265625 0.028125
3 0.084375 0.45078125 0.0265625 0.03125
3 0.0921875 0.371875 0.0296875 0.03359375
0 0.17421875 0.60078125 0.0234375 0.02734375
3 0.18359375 0.12265625 0.0265625 0.0375
0 0.1625 0.62890625 0.0234375 0.028125
3 0.15859375 0.27265625 0.0296875 0.03515625
3 0.09765625 0.16953125 0.0265625 0.03515625
3 0.146875 0.6109375 0.021875 0.0265625
0 0.125 0.63046875 0.021875 0.02421875
3 0.584375 0.36484375 0.025 0.03359375
2 0.643402675 0.2146064484375 0.6525007125 0.21629989843750003 0.6622334859375 0.20247003593750001 0.65567444375 0.19456725 0.648924234375 0.19228952500000002 0.64255634375 0.1979541515625 0.638747875 0.20726814375 0.643402675 0.2146064484375
1 0.6765625 0.25833333281250004 0.68125 0.30416666718749996 0.7203125 0.33541666718749996 0.7265625 0.3583333328125 0.7203125 0.375 0.7328125 0.3916666671875 0.746875 0.3958333328125 0.75625 0.3770833328125 0.7703125 0.3875 0.8140625 0.38125 0.8140625 0.4 0.8421875 0.41875 0.853125 0.39791666718749996 0.8671875 0.3916666671875 0.8796875 0.3729166671875 0.8859375 0.3145833328125 0.8625 0.2979166671875 0.8546875 0.3125 0.840625 0.30625 0.825 0.3104166671875 0.8234375 0.2958333328125 0.7453125 0.22916666718749998 0.728125 0.22291666718749997 0.7078125 0.23125 0.7078125 0.21875 0.7 0.2125 0.6875 0.2208333328125 0.6484375 0.1916666671875 0.6390625 0.20208333281250002 0.634375 0.225 0.6765625 0.25833333281250004