3 0.1828125 0.12265625 0.028125 0.03984375
0 0.14375 0.675 0.034375 0.03984375
0 0.15703125 0.35546875 0.028125 0.0375
3 0.08359375 0.45078125 0.0265625 0.03359375
3 0.0890625 0.57265625 0.0296875 0.03515625
3 0.0921875 0.371875 0.028125 0.03359375
3 0.678125 0.35625 0.015625 0.02734375
3 0.159375 0.278125 0.025 0.02265625
2 0.6735067359375 0.33381498593750003 0.6779407749999999 0.31395805781249997 0.673823471875 0.3076207421875 0.662127103125 0.3073718484375 0.65640405 0.3194504125 0.6560873140625 0.3317025453125 0.6735067359375 0.33381498593750003
1 0.709375 0.3145833328125 0.6609375 0.30625 0.6546875 0.31875 0.6546875 0.3395833328125 0.70707873125 0.3502920125 0.715625 0.36666666718749996 0.721875 0.3875 0.7328125 0.39791666718749996 0.7416008374999999 0.3925407875 0.7577534109374999 0.39972308125 0.782457303125 0.4081728375 0.7815071671875 0.43267712343750003 0.81317881875 0.43816947500000003 0.81875 0.4166666671875 0.8453125 0.4166666671875 0.8546875 0.3958333328125 0.8755720578125 0.3883159109375 0.8901409984375 0.41957999218750003 0.9227628343750001 0.4267622875 0.92909716875 0.38958340156250004 0.941449103125 0.39000585 0.9461998546875 0.3469121140625 0.9338479203125001 0.3447996765625 0.9370150875000001 0.3059308 0.9040765640625 0.30297338281249997 0.8980589171875 0.3312800640625 0.8828125 0.3270833328125 0.86875 0.3270833328125 0.8515625 0.3125 0.8203125 0.30416666718749996 0.74375 0.29375 0.7296875 0.30625 0.7140625 0.30416666718749996 0.709375 0.3145833328125
0 0.69921875 0.35859375 0.01796875 0.0203125
0 0.74453125 0.40546875 0.01953125 0.02265625
3 0.76796875 0.41640625 0.01875 0.0234375