0 0.490625 0.11796875 0.025 0.03515625
3 0.6609375 0.12734375 0.0234375 0.03359375
0 0.14453125 0.675 0.0328125 0.0375
0 0.67421875 0.18203125 0.025 0.03359375
3 0.08828125 0.57265625 0.028125 0.03125
3 0.0828125 0.45078125 0.0234375 0.03125
3 0.1828125 0.121875 0.0234375 0.03359375
3 0.1265625 0.3489583328125 0.1265625 0.359375 0.1390625 0.3697916671875 0.1484375 0.3635416671875 0.15 0.35104166718749996 0.13828125 0.3395833328125 0.1265625 0.3489583328125
3 0.1234375 0.3947916671875 0.140625 0.39895833281250004 0.1453125 0.38229166718749996 0.12890625 0.3729166671875 0.121875 0.38229166718749996 0.1234375 0.3947916671875
1 0.346875 0.46979166718750004 0.353125 0.4135416671875 0.33828125 0.3645833328125 0.29453125 0.36666666718749996 0.29140625 0.3770833328125 0.19453125 0.3958333328125 0.17578125 0.41875 0.15703125 0.42083333281249996 0.15234375 0.43125 0.12109375 0.43541666718750005 0.1125 0.44895833281249997 0.12265625 0.47291666718750003 0.15390625 0.46875 0.18359375 0.475 0.19765625 0.49375 0.26015625 0.4916666671875 0.27109375 0.5083333328124999 0.290625 0.5072916671875001 0.3015625 0.503125 0.3015625 0.490625 0.31328125 0.475 0.346875 0.46979166718750004
2 0.1292482546875 0.46212845468749997 0.1292482546875 0.44032330625 0.11447702500000001 0.44454365625000003 0.11711474531249999 0.4677555875 0.1292482546875 0.46212845468749997
3 0.72578125 0.32890625 0.02578125 0.0375
3 0.66015625 0.28984375 0.02578125 0.0359375
3 0.7640625 0.53125 0.02265625 0.0328125