0 0.125 0.603125 0.0265625 0.03125
3 0.08828125 0.57265625 0.0265625 0.03125
0 0.15625 0.35390625 0.025 0.03359375
3 0.1828125 0.12265625 0.0265625 0.0375
3 0.084375 0.45078125 0.025 0.03359375
0 0.42265625 0.78203125 0.03125 0.03984375
3 0.15859375 0.27265625 0.0296875 0.03515625
3 0.090625 0.37265625 0.025 0.02890625
3 0.61171875 0.58828125 0.0265625 0.03515625
3 0.60078125 0.37265625 0.0234375 0.02890625
2 0.6737917578125 0.3266899109375 0.6784769125000001 0.3055967828125 0.6634261625 0.3027310515625 0.6579793421875 0.3118465953125 0.6576865234375 0.32473684375 0.6737917578125 0.3266899109375
1 0.7078125 0.3104166671875 0.6609375 0.3020833328125 0.6546875 0.33541666718749996 0.70625 0.35 0.728125 0.3895833328125 0.78125 0.40416666718750005 0.7796875 0.4291666671875 0.790625 0.4375 0.8109375 0.4375 0.8171875 0.4166666671875 0.840625 0.42083333281249996 0.8453125 0.4166666671875 0.85 0.39791666718749996 0.8265625 0.3875 0.825 0.375 0.8734375 0.3770833328125 0.8734375 0.3645833328125 0.859375 0.3416666671875 0.859375 0.3270833328125 0.8484375 0.3125 0.74375 0.2916666671875 0.73125 0.3020833328125 0.715625 0.3 0.7078125 0.3104166671875