0 0.734375 0.69453125 0.0234375 0.02890625
0 0.4421875 0.74375 0.025 0.03125
0 0.609375 0.74609375 0.021875 0.02890625
0 0.490625 0.53984375 0.0234375 0.03125
3 0.3125 0.66640625 0.025 0.03359375
3 0.21875 0.28984375 0.028125 0.03359375
3 0.56953125 0.165625 0.025 0.03515625
3 0.40078125 0.64765625 0.01875 0.025
3 0.77109375 0.18046875 0.01953125 0.0265625
2 0.6933589296875 0.1667261109375 0.698108134375 0.1670595453125 0.7029823281249999 0.16522565625000002 0.7077315421875 0.1618913078125 0.7077315421875 0.15655635 0.7042321203124999 0.1487206296875 0.6992329500000001 0.14688674375 0.693468746875 0.1485833328125 0.6877348624999999 0.15555604218750002 0.689484575 0.162558175 0.6933589296875 0.1667261109375
1 0.7015625 0.2104166671875 0.696875 0.2645833328125 0.7125 0.3020833328125 0.7125 0.3604166671875 0.7171875 0.3708333328125 0.721875 0.3770833328125 0.74375 0.3708333328125 0.7640625 0.3770833328125 0.7703125 0.36666666718749996 0.7859375 0.38333333281250004 0.784375 0.39791666718749996 0.796875 0.425 0.8140625 0.4145833328125 0.85 0.4145833328125 0.871875 0.3770833328125 0.8765625 0.3541666671875 0.859375 0.3270833328125 0.840625 0.33541666718749996 0.8311326796875 0.3307683640625 0.8203125 0.3125 0.765625 0.20625 0.750210634375 0.2086313578125 0.7265625 0.1854166671875 0.7046875 0.14791666718750002 0.696875 0.1458333328125 0.68125 0.1604166671875 0.6796875 0.1729166671875 0.7015625 0.2104166671875