0 0.77578125 0.91328125 0.01875 0.02890625
0 0.54375 0.81953125 0.0234375 0.02890625
3 0.7890625 0.41796875 0.0296875 0.03359375
3 0.5359375 0.71796875 0.0265625 0.03125
0 0.63671875 0.67578125 0.0265625 0.03125
0 0.68046875 0.91328125 0.01875 0.02890625
3 0.4625 0.6875 0.028125 0.03359375
3 0.79765625 0.80234375 0.0171875 0.03125
3 0.87421875 0.67890625 0.01875 0.03359375
3 0.4859375 0.34921875 0.028125 0.02890625
3 0.94140625 0.5375 0.9578125 0.5427083328125 0.9625 0.5302083328125 0.95234375 0.5145833328125 0.934375 0.5197916671875 0.94140625 0.5375
1 1 0.696875 0.98984375 0.69375 0.971875 0.6677083328125 0.946875 0.559375 0.93125 0.5364583328125 0.9296875 0.5197916671875 0.9140625 0.5072916671875001 0.90625 0.4739583328125 0.89140625 0.46458333281249997 0.8796875 0.48229166718750005 0.890625 0.5239583328124999 0.8734375 0.553125 0.875 0.6239583328125 0.8625 0.6385416671875 0.8640625 0.6572916671875 0.87890625 0.6645833328124999 0.88671875 0.65625 0.89921875 0.6833333328125 0.92265625 0.6916666671875 0.93359375 0.7416666671875001 0.975 0.7510416671875 1 0.734375 1 0.696875