0 0.490625 0.11953125 0.025 0.03515625
3 0.1828125 0.12109375 0.025 0.03359375
0 0.14375 0.67578125 0.0328125 0.0375
3 0.0828125 0.45234375 0.0234375 0.03125
3 0.66015625 0.128125 0.0234375 0.03359375
0 0.67421875 0.18359375 0.025 0.03359375
3 0.13359375 0.38515625 0.0234375 0.02890625
3 0.08828125 0.57421875 0.028125 0.03359375
3 0.13671875 0.35625 0.025 0.03125
2 0.12103601562499999 0.46442801093749997 0.12890436249999998 0.46195832656249997 0.12890436249999998 0.43757041875 0.1181025890625 0.4390801 0.11270483437500001 0.45269709843749995 0.113630525 0.4635018640625 0.12103601562499999 0.46442801093749997
1 0.290625 0.3770833328125 0.2640625 0.3770833328125 0.225 0.3854166671875 0.2171875 0.39375 0.1953125 0.39375 0.178125 0.4145833328125 0.1546875 0.42083333281249996 0.1515625 0.43125 0.1171875 0.4375 0.1125 0.4625 0.121875 0.475 0.1828125 0.4791666671875 0.1953125 0.49791666718750005 0.2609375 0.49583333281249997 0.265625 0.5083333328124999 0.3015625 0.50625 0.3015625 0.49375 0.3140625 0.4770833328125 0.3484375 0.4770833328125 0.346875 0.44166666718750003 0.353125 0.4291666671875 0.353125 0.4125 0.3421875 0.3916666671875 0.3390625 0.3645833328125 0.325 0.36875 0.3171875 0.3583333328125 0.3046875 0.36875 0.29375 0.3645833328125 0.290625 0.3770833328125