0 0.1625 0.62734375 0.02265625 0.02890625
3 0.18359375 0.12265625 0.0265625 0.03984375
3 0.0921875 0.371875 0.028125 0.03359375
0 0.17421875 0.60078125 0.02265625 0.02734375
0 0.13671875 0.6296875 0.02265625 0.02890625
3 0.159375 0.27421875 0.0296875 0.03515625
3 0.15 0.60546875 0.021875 0.02421875
3 0.08515625 0.44765625 0.01875 0.021875
3 0.09609375 0.1734375 0.01953125 0.025
3 0.58515625 0.3625 0.0171875 0.02578125
2 0.652877096875 0.2164648953125 0.66134428125 0.2011621671875 0.6498946859375 0.1922275046875 0.6394935265624999 0.2044413203125 0.6433173921875001 0.2128213890625 0.652877096875 0.2164648953125
1 0.6796875 0.3 0.6859375 0.3104166671875 0.73125 0.3395833328125 0.7203125 0.3770833328125 0.734375 0.39375 0.7484375 0.39375 0.75625 0.3770833328125 0.7734375 0.3895833328125 0.8125 0.38125 0.815625 0.4 0.840625 0.41875 0.853125 0.39791666718749996 0.871875 0.3916666671875 0.88125 0.3729166671875 0.8859375 0.3145833328125 0.8640625 0.3 0.853125 0.3145833328125 0.8390625 0.30625 0.8265625 0.3104166671875 0.8234375 0.2958333328125 0.740625 0.2270833328125 0.7234375 0.225 0.709375 0.23333333281250002 0.7046875 0.21458333281250003 0.6953125 0.2125 0.6875 0.2208333328125 0.646875 0.1916666671875 0.634375 0.225 0.675 0.25625 0.6796875 0.3