0 0.68984375 0.171875 0.0203125 0.03125
0 0.86171875 0.31015625 0.025 0.02890625
3 0.40234375 0.08046875 0.0234375 0.03515625
3 0.225 0.471875 0.0234375 0.02890625
0 0.25703125 0.58828125 0.025 0.02890625
3 0.859375 0.25078125 0.025 0.03515625
3 0.9328125 0.30859375 0.028125 0.03515625
3 0.31484375 0.28671875 0.01875 0.03125
3 0.30546875 0.3125 0.0203125 0.02890625
3 0.2453125 0.35625 0.021875 0.03125
2 0.28973727031249996 0.3818596828125 0.2934637828125 0.3659181453125 0.2923072765625 0.3602614703125 0.2806913078125 0.3596892921875 0.2741887328125 0.37140340781250003 0.27560223437500003 0.3818596828125 0.28973727031249996 0.3818596828125
1 0.275 0.36666666718749996 0.2734375 0.38125 0.2828125 0.3958333328125 0.3078125 0.4 0.3390625 0.42083333281249996 0.35 0.44166666718750003 0.4015625 0.45625 0.4078125 0.4770833328125 0.43125 0.48541666718750004 0.4390625 0.48541666718750004 0.440625 0.47291666718750003 0.459375 0.46875 0.496875 0.4770833328125 0.5046875 0.4458333328125 0.515625 0.43333333281249997 0.5125 0.36666666718749996 0.5 0.3604166671875 0.478125 0.3625 0.4765625 0.35625 0.4703125 0.3583333328125 0.4703125 0.36666666718749996 0.4625 0.36666666718749996 0.440625 0.3541666671875 0.3578125 0.35 0.3203125 0.3604166671875 0.2828125 0.35625 0.275 0.36666666718749996