0 0.1734375 0.6 0.0265625 0.03359375
0 0.13671875 0.63515625 0.021875 0.028125
3 0.10859375 0.31640625 0.01875 0.02578125
3 0.0984375 0.35625 0.01953125 0.02578125
3 0.11328125 0.371875 0.0203125 0.02421875
3 0.12890625 0.31328125 0.01875 0.02421875
3 0.15390625 0.36875 0.01953125 0.025
3 0.1359375 0.38203125 0.02109375 0.02578125
0 0.16171875 0.62890625 0.02109375 0.028125
3 0.14609375 0.33203125 0.01953125 0.02421875
3 0.11640625 0.3421875 0.0203125 0.02265625
0 0.1328125 0.35546875 0.021875 0.0265625
2 0.6951125828125 0.1629251125 0.7019864421875 0.1637586984375 0.7097351515625 0.1605910625 0.711609840625 0.1535889296875 0.7098601296875 0.1515883234375 0.70736054375 0.14608664531249999 0.702062496875 0.14316666718749999 0.6914881828125 0.15025458125 0.6899884265625 0.15759015 0.6951125828125 0.1629251125
1 0.703125 0.21458333281250003 0.70625 0.23958333281250002 0.7 0.2625 0.728125 0.3333333328125 0.728125 0.3395833328125 0.7140625 0.3458333328125 0.721875 0.375 0.734375 0.3791666671875 0.7484375 0.36875 0.7578125 0.38333333281250004 0.7796875 0.3854166671875 0.8015625 0.4270833328125 0.8546875 0.40833333281249995 0.8625 0.3875 0.8734375 0.3770833328125 0.878125 0.3479166671875 0.86875 0.3458333328125 0.859375 0.325 0.840625 0.3333333328125 0.8171875 0.3 0.775 0.21458333281250003 0.7640625 0.20416666718749998 0.7484375 0.20208333281250002 0.74375 0.1833333328125 0.728125 0.1833333328125 0.70625 0.14375 0.696875 0.14375 0.684375 0.15625 0.6828125 0.1729166671875 0.703125 0.21458333281250003