0 0.1734375 0.6 0.0265625 0.03359375
0 0.13671875 0.63515625 0.0296875 0.0375
0 0.159375 0.62890625 0.03125 0.03984375
3 0.1078125 0.3171875 0.01796875 0.028125
3 0.09921875 0.35625 0.01875 0.02421875
3 0.1140625 0.37265625 0.0203125 0.02421875
3 0.12890625 0.3125 0.02109375 0.02421875
3 0.15390625 0.3703125 0.01953125 0.02890625
3 0.1453125 0.3328125 0.021875 0.0265625
3 0.11640625 0.34296875 0.02109375 0.02421875
3 0.1359375 0.3828125 0.01953125 0.02578125
1 0.6945185359375 0.1633844015625 0.6993927281250001 0.1657184453125 0.7082662531249999 0.16355112656249998 0.7116406984375 0.1583828796875 0.710265928125 0.15121403125 0.70776634375 0.1455456421875 0.702062496875 0.1437916671875 0.6917689953124999 0.1490467046875 0.6901442609374999 0.15588211875 0.6945185359375 0.1633844015625
1 0.70625 0.2104166671875 0.7 0.2645833328125 0.725 0.3291666671875 0.7140625 0.34375 0.7203125 0.3729166671875 0.7359375 0.3791666671875 0.75 0.36875 0.7578125 0.38333333281250004 0.78125 0.3854166671875 0.8015625 0.4270833328125 0.853125 0.41041666718750003 0.8734375 0.3770833328125 0.8765625 0.3604166671875 0.875 0.35 0.8640625 0.3395833328125 0.8625 0.325 0.8421875 0.3333333328125 0.821875 0.3083333328125 0.7734375 0.2125 0.7578125 0.20416666718749998 0.746875 0.2125 0.7453125 0.1875 0.740625 0.18125 0.7296875 0.1854166671875 0.70625 0.14375 0.696875 0.14375 0.684375 0.15625 0.6828125 0.1708333328125 0.70625 0.2104166671875