0 0.26328125 0.61875 0.0265625 0.03125
3 0.965625 0.92109375 0.0234375 0.03359375
3 0.52734375 0.921875 0.0234375 0.0375
3 0.284375 0.35234375 0.0234375 0.03359375
3 0.7640625 0.99375 0.025 0.0125
0 0.928125 0.66171875 0.03125 0.03984375
3 0.25 0.471875 0.0234375 0.03125
3 0.4046875 0.009375 0.0265625 0.01875
3 0.3703125 0.29453125 0.025 0.03359375
3 0.35703125 0.32421875 0.0234375 0.02890625
2 0.315812496875 0.3917083328125 0.32992526875 0.40186593750000005 0.3394236890625 0.37935909218749997 0.3238012828125 0.3711899234375 0.315812496875 0.3917083328125
1 0.353125 0.425 0.3578125 0.4375 0.38125 0.45625 0.3890625 0.48333333281249996 0.4421875 0.5166666671875 0.44375 0.53125 0.46875 0.5479166671875 0.4828125 0.5416666671875 0.5109375 0.5479166671875 0.5109375 0.56875 0.5421875 0.5854166671875001 0.5484375 0.5854166671875001 0.5546875 0.5645833328125 0.5734375 0.5479166671875 0.5796875 0.5208333328125 0.5734375 0.50625 0.5828125 0.47291666718750003 0.546875 0.45625 0.534375 0.4583333328125 0.525 0.43958333281249995 0.5125 0.43333333281249997 0.5140625 0.42083333281249996 0.4859375 0.40416666718750005 0.475 0.4125 0.4203125 0.38125 0.3671875 0.3875 0.328125 0.36666666718749996 0.3171875 0.3791666671875 0.315625 0.4 0.353125 0.425