3 0.53046875 0.815625 0.025 0.03359375
0 0.80859375 0.89765625 0.01875 0.02890625
3 0.365625 0.053125 0.0234375 0.03515625
0 0.2359375 0.58359375 0.0265625 0.03125
3 0.28359375 0.27109375 0.021875 0.03125
3 0.78515625 0.746875 0.009375 0.0265625
3 0.9328125 0.88046875 0.021875 0.0296875
3 0.19921875 0.46640625 0.0203125 0.0265625
3 0.2140625 0.34765625 0.021875 0.02578125
3 0.275 0.30078125 0.0203125 0.0265625
2 0.258953175 0.3727771671875 0.2624525984375 0.35060375 0.248156246875 0.35025 0.24420562031249998 0.36260740625 0.24658022812499997 0.37161014375 0.258953175 0.3727771671875
1 0.2890625 0.35 0.253125 0.3458333328125 0.2453125 0.35625 0.2453125 0.3770833328125 0.253125 0.3854166671875 0.28125 0.3895833328125 0.3125 0.41041666718750003 0.325 0.43125 0.3796875 0.43541666718750005 0.3828125 0.4583333328125 0.3890625 0.46458333281249997 0.4140625 0.47083333281249995 0.4203125 0.45625 0.4359375 0.45208333281249996 0.475 0.4583333328125 0.4796875 0.43125 0.4921875 0.40833333281249995 0.484375 0.3479166671875 0.4734375 0.3416666671875 0.45 0.34375 0.4484375 0.3375 0.44375 0.3479166671875 0.4375 0.3479166671875 0.415625 0.33541666718749996 0.340625 0.3333333328125 0.31875 0.34375 0.2921875 0.34375 0.2890625 0.35