0 0.69375 0.86953125 0.0171875 0.02734375
3 0.06875 0.63125 0.0265625 0.03359375
0 0.6859375 0.890625 0.0203125 0.0234375
0 0.1234375 0.85 0.03125 0.0375
3 0.75703125 0.64453125 0.0171875 0.025
3 0.4453125 0.91796875 0.025 0.03359375
3 0.1234375 0.540625 0.0234375 0.02890625
3 0.0703125 0.74296875 0.028125 0.03359375
3 0.65546875 0.82578125 0.0234375 0.02890625
3 0.11875 0.56875 0.0234375 0.02890625
3 0.0796875 0.34140625 0.025 0.03359375
0 0.63359375 0.49609375 0.0234375 0.025
2 0.10567669843750001 0.6356111234374999 0.116299934375 0.6319433250000001 0.1165498890625 0.6114370828125 0.10487499687499999 0.6142083328125 0.101302425 0.6222737296874999 0.1009274828125 0.6321100453125 0.10567669843750001 0.6356111234374999
1 0.28125 0.5416666671875 0.1859375 0.5645833328125 0.175 0.5708333328124999 0.165625 0.5895833328125 0.146875 0.5875 0.140625 0.6041666671875 0.1078125 0.6104166671875 0.1 0.61875 0.1 0.6333333328124999 0.1078125 0.6479166671875001 0.1671875 0.6479166671875001 0.178125 0.6583333328125 0.2453125 0.6479166671875001 0.2484375 0.66875 0.2734375 0.6666666671875 0.278125 0.6625 0.278125 0.65 0.2734375 0.6416666671875 0.2890625 0.6354166671875 0.29375 0.6145833328125 0.3296875 0.6104166671875 0.3328125 0.5520833328125 0.3234375 0.5395833328124999 0.321875 0.5166666671875 0.303125 0.5104166671875 0.296875 0.51875 0.28125 0.5208333328125 0.28125 0.5416666671875