0 0.44609375 0.74375 0.0265625 0.03359375
0 0.7421875 0.68203125 0.021875 0.03125
0 0.49453125 0.53984375 0.0234375 0.03359375
3 0.315625 0.665625 0.0265625 0.03359375
3 0.403125 0.64765625 0.0265625 0.03359375
3 0.22109375 0.28984375 0.028125 0.03515625
0 0.6125 0.74453125 0.0234375 0.03359375
3 0.57265625 0.16328125 0.0265625 0.03515625
3 0.696875 0.5609375 0.01796875 0.02421875
3 0.73984375 0.38984375 0.01953125 0.02421875
3 0.77421875 0.1765625 0.01875 0.02578125
2 0.694359171875 0.1622592515625 0.69860846875 0.1659270328125 0.7052323734375 0.1635929890625 0.7099815875 0.1592583390625 0.711731290625 0.15442353125 0.708481840625 0.14942200781249998 0.704982409375 0.1444204859375 0.7011080546875 0.1434201828125 0.696906246875 0.14525 0.6918595875 0.15058903125 0.6899848984375 0.1550904046875 0.694359171875 0.1622592515625
1 0.7 0.2645833328125 0.7265625 0.33125 0.7125 0.3416666671875 0.7171875 0.36666666718749996 0.728125 0.3791666671875 0.747950815625 0.3703740984375 0.758255503125 0.3816208421875 0.7828125 0.3854166671875 0.803125 0.4270833328125 0.8296875 0.4125 0.840625 0.41875 0.8546875 0.40833333281249995 0.8765625 0.3645833328125 0.8765625 0.35208333281250004 0.8609375 0.325 0.8390625 0.33125 0.79375 0.25833333281250004 0.7734375 0.2125 0.7609375 0.20416666718749998 0.7484375 0.2104166671875 0.7421875 0.1833333328125 0.728125 0.1833333328125 0.70625 0.14375 0.696875 0.14375 0.68125 0.1666666671875 0.70625 0.21458333281250003 0.7 0.2645833328125