0 0.68515625 0.16953125 0.025 0.03359375
3 0.8484375 0.23828125 0.021875 0.03515625
3 0.39140625 0.065625 0.0203125 0.03515625
0 0.84921875 0.29765625 0.0234375 0.03125
0 0.24609375 0.57578125 0.028125 0.03359375
3 0.83515625 0.3890625 0.02109375 0.025
3 0.303125 0.27109375 0.01953125 0.025
3 0.29375 0.29921875 0.0203125 0.02578125
3 0.2328125 0.34296875 0.01953125 0.02734375
3 0.21328125 0.45859375 0.02109375 0.0265625
2 0.2770143171875 0.3695126765625 0.28085519375 0.3586627203125 0.28062926250000003 0.34660721875 0.26755063125 0.3454355890625 0.2618767078125 0.35625164531250003 0.26323230937500003 0.3692112828125 0.2770143171875 0.3695126765625
1 0.2625 0.3729166671875 0.31875 0.40208333281249997 0.3359375 0.4291666671875 0.39375 0.4479166671875 0.396875 0.46666666718750005 0.4078125 0.475 0.4265625 0.4770833328125 0.43125 0.4583333328125 0.4515625 0.45416666718750004 0.4703125 0.45625 0.48125 0.46875 0.4890625 0.46458333281249997 0.49375 0.43541666718750005 0.5078125 0.41041666718750003 0.5015625 0.3854166671875 0.503125 0.3541666671875 0.4671875 0.34375 0.4546875 0.3541666671875 0.4265625 0.3395833328125 0.35 0.33541666718749996 0.3078125 0.3479166671875 0.26875 0.34375 0.2625 0.3729166671875