0 0.1609375 0.57890625 0.02265625 0.028125
3 0.084375 0.45078125 0.0265625 0.03125
3 0.0921875 0.37109375 0.028125 0.03359375
0 0.175 0.60078125 0.021875 0.02734375
3 0.18359375 0.12265625 0.0265625 0.0375
0 0.16171875 0.628125 0.021875 0.0265625
3 0.159375 0.27265625 0.0296875 0.03515625
0 0.13671875 0.63515625 0.021875 0.028125
3 0.09765625 0.16953125 0.0265625 0.03515625
3 0.584375 0.36484375 0.025 0.03359375
3 0.14765625 0.61015625 0.02109375 0.0265625
2 0.6446441578125001 0.2154581609375 0.65374116875 0.21692273125 0.6606423578125 0.20667069843750002 0.6584465234375 0.1980924578125 0.6508585203125 0.19326529374999998 0.6421346375 0.1993478140625 0.6380566546875001 0.20771682500000002 0.6446441578125001 0.2154581609375
1 0.684375 0.3083333328125 0.7375 0.3479166671875 0.7203125 0.3645833328125 0.7203125 0.3770833328125 0.7296875 0.3895833328125 0.746875 0.3958333328125 0.7578125 0.3770833328125 0.778125 0.3875 0.784375 0.3708333328125 0.7921875 0.3708333328125 0.8140625 0.38125 0.815625 0.4 0.8421875 0.41875 0.853125 0.39791666718749996 0.8703125 0.3854166671875 0.8875 0.3333333328125 0.8859375 0.3145833328125 0.86875 0.3083333328125 0.8625 0.2958333328125 0.853125 0.3125 0.834375 0.30416666718749996 0.8265625 0.3125 0.8234375 0.2958333328125 0.7421875 0.2270833328125 0.7296875 0.22291666718749997 0.709375 0.23333333281250002 0.703125 0.21458333281250003 0.6890625 0.2208333328125 0.6546875 0.1916666671875 0.6453125 0.1916666671875 0.634375 0.225 0.675 0.25625 0.684375 0.3083333328125