0 0.66015625 0.6 0.0234375 0.03359375
0 0.5453125 0.70234375 0.0234375 0.03125
3 0.078125 0.38828125 0.0296875 0.03515625
0 0.38203125 0.75625 0.025 0.03515625
0 0.39375 0.54140625 0.025 0.03359375
3 0.3234375 0.678125 0.0265625 0.03515625
3 0.23984375 0.725 0.0265625 0.03515625
3 0.40234375 0.15078125 0.028125 0.03984375
3 0.59453125 0.496875 0.021875 0.02890625
3 0.56015625 0.45546875 0.01640625 0.01640625
3 0.6015625 0.10234375 0.0171875 0.025
3 0.60546875 0.31875 0.01796875 0.02421875
2 0.51895815625 0.1113495390625 0.5229574875 0.1146838875 0.52920645 0.1118496890625 0.533955665625 0.10734831874999999 0.5343306078125 0.1001794703125 0.531831021875 0.09434436093750001 0.525812496875 0.0919166671875 0.5190831328125001 0.0960115359375 0.51458388125 0.10268023125 0.51895815625 0.1113495390625
1 0.5328125 0.1541666671875 0.540625 0.20416666718749998 0.571875 0.25833333281250004 0.5734375 0.2916666671875 0.5921875 0.3125 0.6046787390625 0.3000339671875 0.6171875 0.3083333328125 0.625 0.3020833328125 0.6390625 0.3 0.640625 0.3125 0.6625 0.33541666718749996 0.68125 0.3145833328125 0.69375 0.3145833328125 0.7046875 0.3020833328125 0.7203125 0.25625 0.696875 0.2166666671875 0.68125 0.23333333281250002 0.6765625 0.23125 0.60625 0.1416666671875 0.578125 0.13333333281249998 0.56875 0.11875 0.5546875 0.12291666718750001 0.5328125 0.09375 0.521875 0.0916666671875 0.5125 0.1020833328125 0.509375 0.1208333328125 0.5328125 0.1541666671875