3 0.21640625 0.3375 0.025 0.03125
3 0.6015625 0.50859375 0.0140625 0.025
3 0.28984375 0.68203125 0.025 0.03125
3 0.3671875 0.6734375 0.0171875 0.02265625
0 0.40078125 0.76015625 0.01796875 0.02734375
0 0.44140625 0.58984375 0.015625 0.0234375
0 0.528125 0.7671875 0.01640625 0.02265625
0 0.6078125 0.73125 0.0140625 0.02265625
3 0.58046875 0.628125 0.01484375 0.0203125
3 0.49453125 0.3234375 0.015625 0.0203125
3 0.615625 0.37421875 0.0140625 0.01640625
2 0.5749560218750001 0.34985466249999997 0.5805800890625 0.35118840156250003 0.584329465625 0.3503548140625 0.584329465625 0.3431859671875 0.579205309375 0.33818444375 0.573624996875 0.33941666718749997 0.5717065546875 0.3421856640625 0.5727063921875 0.34602016406249997 0.5749560218750001 0.34985466249999997
1 0.582430371875 0.39032953593749997 0.5792477265625 0.4140336265625 0.5842869 0.44870530625000005 0.5909173875 0.46568731249999995 0.582960803125 0.47665487031250003 0.587469546875 0.4964672671875 0.5946304640625 0.5046761 0.6092175359375 0.4926471546875 0.625 0.5020833328125 0.6390625 0.49375 0.646875 0.49583333281249997 0.6515625 0.5145833328125 0.6609375 0.5270833328125 0.6765625 0.5208333328125 0.6890625 0.5229166671875001 0.6953125 0.5166666671875 0.7078125 0.48333333281249996 0.6953125 0.46875 0.6796875 0.46875 0.678125 0.4625 0.66875 0.46666666718750005 0.653125 0.425 0.6190306484375 0.3928060828125 0.6094827515625 0.3821923125 0.609375 0.3645833328125 0.5984375 0.36666666718749996 0.5828125 0.3395833328125 0.575 0.3375 0.5640625 0.3479166671875 0.57182159375 0.3705171671875 0.582430371875 0.39032953593749997