0 0.38203125 0.75703125 0.025 0.03359375
0 0.65625 0.61015625 0.0234375 0.03125
0 0.5453125 0.703125 0.0234375 0.03125
3 0.078125 0.38828125 0.0296875 0.03515625
0 0.39375 0.54140625 0.025 0.03125
3 0.23984375 0.725 0.0265625 0.03359375
3 0.3234375 0.678125 0.0265625 0.03515625
3 0.6015625 0.10078125 0.01875 0.02734375
3 0.403125 0.14921875 0.01875 0.02578125
2 0.5234514921875 0.11376808593750001 0.52857565 0.11126732343750001 0.5348246125 0.10326488281249999 0.5336997875 0.09692962031249999 0.5293255140625 0.0927616859375 0.5234514921875 0.09126123750000001 0.519406246875 0.0944166671875 0.5144529906249999 0.10343160468749998 0.5155778062499999 0.11060045156250001 0.5234514921875 0.11376808593750001
1 0.540625 0.1520833328125 0.540625 0.1708333328125 0.546875 0.18125 0.54375 0.2104166671875 0.5828125 0.25833333281250004 0.5828125 0.2708333328125 0.5734375 0.2875 0.590625 0.3166666671875 0.6109375 0.29375 0.6265625 0.3 0.625 0.2875 0.6296875 0.2854166671875 0.6625 0.3333333328125 0.6703125 0.3166666671875 0.6921875 0.3125 0.7078125 0.2958333328125 0.7109375 0.275 0.721875 0.2604166671875 0.715625 0.23541666718749998 0.6984375 0.2208333328125 0.671875 0.225 0.609375 0.1395833328125 0.584375 0.13333333281249998 0.5765625 0.1395833328125 0.571875 0.1208333328125 0.5546875 0.1208333328125 0.53125 0.0916666671875 0.5203125 0.0916666671875 0.5109375 0.10625 0.5109375 0.1208333328125 0.540625 0.1520833328125