0 0.1734375 0.60078125 0.0234375 0.028125
0 0.1375 0.634375 0.0234375 0.028125
3 0.09921875 0.35625 0.02109375 0.0265625
3 0.11328125 0.37109375 0.0203125 0.03125
0 0.16171875 0.628125 0.0234375 0.02890625
3 0.10859375 0.31640625 0.01953125 0.02578125
3 0.12890625 0.31484375 0.0203125 0.02890625
3 0.13515625 0.37890625 0.021875 0.03359375
3 0.153125 0.36875 0.02109375 0.028125
3 0.11640625 0.3421875 0.0203125 0.025
3 0.14609375 0.33203125 0.0203125 0.02890625
0 0.1328125 0.35546875 0.0203125 0.0265625
2 0.6920599375 0.1623292078125 0.7000817953125 0.16701084375 0.7116132609375 0.1598769296875 0.7104434093750001 0.1505136640625 0.70457994375 0.14352631875 0.69473388125 0.1456090953125 0.690054446875 0.15252008125 0.6920599375 0.1623292078125
1 0.7015625 0.22291666718749997 0.7 0.2645833328125 0.725 0.3291666671875 0.725 0.3395833328125 0.7140625 0.3458333328125 0.7203125 0.3729166671875 0.734375 0.3791666671875 0.75 0.3708333328125 0.7578125 0.38333333281250004 0.78125 0.3875 0.8015625 0.4270833328125 0.828125 0.4145833328125 0.840625 0.41875 0.8546875 0.40833333281249995 0.871875 0.3791666671875 0.8765625 0.35208333281250004 0.8703125 0.35 0.859375 0.325 0.8421875 0.33541666718749996 0.7734375 0.2125 0.75 0.2 0.740625 0.18125 0.728125 0.1833333328125 0.70625 0.14375 0.696875 0.14375 0.6828125 0.1583333328125 0.6828125 0.1729166671875 0.7015625 0.22291666718749997