0 0.5515625 0.77265625 0.0265625 0.03515625
0 0.834375 0.89921875 0.0234375 0.03359375
0 0.703125 0.87265625 0.021875 0.03359375
0 0.659375 0.61484375 0.028125 0.03359375
3 0.54375 0.66015625 0.025 0.03515625
3 0.4921875 0.23671875 0.025 0.03359375
3 0.4609375 0.628125 0.025 0.03515625
3 0.8484375 0.31328125 0.028125 0.03515625
3 0.928125 0.578125 0.015625 0.03125
2 0.9644816593750001 0.3862279890625 0.9656064843750001 0.3918963828125 0.9709805953125 0.39256325 0.9783543640625 0.3933968375 0.981228890625 0.3907293609375 0.981228890625 0.38522768749999997 0.97972914375 0.3773919671875 0.97872930625 0.3720570078125 0.971437496875 0.3723333328125 0.96398175 0.37272388125 0.9632318671875 0.37889242031250003 0.9644816593750001 0.3862279890625
1 1 0.4291666671875 0.9890625 0.425 0.9796875 0.375 0.9625 0.3708333328125 0.9484375 0.38125 0.9578125 0.4291666671875 0.9515625 0.43125 0.9515625 0.4604166671875 0.9390625 0.4770833328125 0.9421875 0.50625 0.9375 0.5479166671875 0.94375 0.5604166671875 0.9234375 0.5645833328125 0.91875 0.5833333328125 0.9265625 0.6041666671875 0.9546875 0.6020833328124999 0.965625 0.6104166671875 0.9703125 0.6229166671875 0.98125 0.6208333328125 0.9984375 0.65 0.9921875 0.6666666671875 0.996875 0.66875 1 0.6875 1 0.6375 0.9859375 0.6145833328125 0.990625 0.6125 0.9875 0.5854166671875001 1 0.5833333328125 1 0.4291666671875