3 0.1828125 0.12265625 0.0265625 0.0375
3 0.09140625 0.371875 0.0296875 0.03359375
0 0.14375 0.67421875 0.0328125 0.03984375
0 0.15703125 0.35390625 0.0296875 0.0375
3 0.08359375 0.45078125 0.0265625 0.03359375
3 0.08828125 0.57421875 0.0296875 0.03515625
3 0.15859375 0.271875 0.028125 0.0375
0 0.74453125 0.403125 0.0203125 0.02890625
3 0.76796875 0.41484375 0.0203125 0.025
0 0.6984375 0.359375 0.01796875 0.0203125
3 0.67890625 0.35859375 0.01796875 0.02421875
2 0.670141209375 0.3304910921875 0.675012109375 0.32588863125 0.6766357484375 0.31045686093749997 0.671764846875 0.308291 0.6610297234375 0.3079324734375 0.6575580609375 0.31857884375 0.6571521437500001 0.3304910921875 0.670141209375 0.3304910921875
1 0.7078125 0.3145833328125 0.659375 0.30625 0.653125 0.3375 0.6703125 0.3458333328125 0.6831430359375 0.3456536625 0.7096626484375 0.3498155734375 0.715625 0.36666666718749996 0.7244840265625 0.3871403890625 0.7802532296875 0.4037879734375 0.7814231640625 0.4350021875 0.81184271875 0.4370831234375 0.81875 0.41041666718750003 0.8453125 0.4166666671875 0.8804817109374999 0.4037879734375 0.8894515875 0.41731416406250005 0.921875 0.425 0.928125 0.3958333328125 0.940625 0.3916666671875 0.946875 0.35208333281250004 0.934375 0.3458333328125 0.9375 0.3083333328125 0.9046875 0.3083333328125 0.9 0.33125 0.8921875 0.33125 0.8578125 0.3145833328125 0.7453125 0.2958333328125 0.746875 0.30625 0.7140625 0.30416666718749996 0.7078125 0.3145833328125