0 0.1734375 0.6 0.0265625 0.03359375
0 0.13671875 0.634375 0.0265625 0.03359375
3 0.0984375 0.35546875 0.01953125 0.02578125
3 0.11328125 0.371875 0.021875 0.03359375
3 0.10859375 0.31640625 0.0203125 0.02734375
3 0.13515625 0.37890625 0.021875 0.03359375
3 0.1296875 0.31328125 0.01953125 0.02578125
3 0.15390625 0.36796875 0.01796875 0.02734375
3 0.14609375 0.33203125 0.01953125 0.0265625
3 0.11640625 0.34296875 0.01953125 0.02578125
0 0.165625 0.625 0.0296875 0.03515625
0 0.13203125 0.35546875 0.02109375 0.02734375
2 0.69145369375 0.1581352203125 0.6964528640625 0.1678048265625 0.7074510421875 0.16430376093750002 0.7122002468749999 0.1566347578125 0.7078259734375 0.14729858906249998 0.7022187468750001 0.1437916671875 0.6950780937500001 0.1456314140625 0.6907038203125 0.15079965 0.69145369375 0.1581352203125
1 0.70625 0.2104166671875 0.70625 0.2416666671875 0.7 0.2625 0.7265625 0.3291666671875 0.7140625 0.34375 0.71875 0.3708333328125 0.734375 0.3791666671875 0.75 0.36875 0.7578125 0.38333333281250004 0.78125 0.3854166671875 0.8015625 0.4270833328125 0.8296875 0.4125 0.840625 0.41875 0.853125 0.41041666718750003 0.8625 0.3958333328125 0.8625 0.38333333281250004 0.8734375 0.375 0.878125 0.35208333281250004 0.8640625 0.3395833328125 0.859375 0.325 0.8390625 0.33125 0.7734375 0.2125 0.7578125 0.20416666718749998 0.7484375 0.2125 0.74375 0.1833333328125 0.728125 0.1833333328125 0.70625 0.14375 0.6984375 0.14375 0.684375 0.15625 0.6828125 0.1708333328125 0.70625 0.2104166671875