0 0.44140625 0.6 0.43046875 0.6 0.42734375 0.6020833328124999 0.425 0.6072916671875 0.425 0.6177083328124999 0.43046875 0.6270833328125 0.43515625 0.6270833328125 0.43671875 0.6291666671875 0.4375 0.628125 0.44140625 0.6270833328125 0.446875 0.6197916671875 0.446875 0.6072916671875 0.44140625 0.6
0 0.47578125 0.7583333328124999 0.46484375 0.7583333328124999 0.459375 0.7635416671875 0.4578125 0.7677083328125 0.4578125 0.7760416671875 0.46484375 0.7875 0.4734375 0.7864583328125 0.4796875 0.7802083328125 0.48125 0.7760416671875 0.48125 0.7677083328125 0.47578125 0.7583333328124999
0 0.36484375 0.7916666671875 0.36015625 0.7916666671875 0.353125 0.796875 0.3515625 0.8052083328125 0.35 0.8072916671874999 0.35 0.8114583328125 0.353125 0.8197916671875 0.35703125 0.8229166671874999 0.3671875 0.821875 0.3734375 0.8135416671875 0.3734375 0.8010416671874999 0.36796875 0.79375 0.36484375 0.7916666671875
0 0.63671875 0.5125 0.63125 0.521875 0.63125 0.5302083328125 0.6328125 0.534375 0.63828125 0.5395833328124999 0.6484375 0.5385416671875001 0.653125 0.534375 0.653125 0.5197916671875 0.64765625 0.5125 0.63671875 0.5125
3 0.33828125 0.6895833328125 0.33515625 0.6895833328125 0.33359375 0.6875 0.33203125 0.6895833328125 0.32578125 0.6916666671875 0.3234375 0.6947916671875001 0.321875 0.7052083328125 0.3234375 0.7072916671875 0.3234375 0.7114583328124999 0.32578125 0.7145833328125 0.32890625 0.7166666671875 0.3375 0.715625 0.3421875 0.709375 0.34375 0.7052083328125 0.34375 0.6989583328125 0.33828125 0.6895833328125
3 0.24765625 0.6875 0.24296875 0.6875 0.234375 0.6947916671875001 0.2328125 0.6989583328125 0.2328125 0.7072916671875 0.234375 0.7114583328124999 0.23984375 0.7166666671875 0.246875 0.715625 0.253125 0.7114583328124999 0.2546875 0.7072916671875 0.2546875 0.6947916671875001 0.24765625 0.6875
3 0.2125 0.309375 0.20546875 0.3 0.19921875 0.2979166671875 0.19765625 0.3 0.19453125 0.3 0.1890625 0.309375 0.190625 0.3114583328125 0.190625 0.3177083328125 0.19609375 0.325 0.19921875 0.325 0.20078125 0.3270833328125 0.203125 0.3260416671875 0.20859375 0.325 0.2109375 0.321875 0.2125 0.3177083328125 0.2125 0.309375
3 0.546875 0.2552083328125 0.546875 0.2677083328125 0.5609375 0.2760416671875 0.5671875 0.2697916671875 0.5671875 0.2552083328125 0.55390625 0.2479166671875 0.546875 0.2552083328125
3 0.63671875 0.6645833328124999 0.62890625 0.6645833328124999 0.62578125 0.6666666671875 0.621875 0.6739583328125 0.621875 0.6822916671875 0.6234375 0.6864583328125 0.62890625 0.6916666671875 0.6375 0.690625 0.6421875 0.684375 0.6421875 0.6739583328125 0.640625 0.6697916671875 0.63671875 0.6645833328124999
3 0.61328125 0.6104166671875 0.60703125 0.6104166671875 0.6 0.6177083328124999 0.60078125 0.625 0.60859375 0.6270833328125 0.61484375 0.6333333328124999 0.61875 0.6322916671875001 0.6203125 0.628125 0.6203125 0.6197916671875 0.61640625 0.6125 0.61328125 0.6104166671875
3 0.69609375 0.5020833328125 0.68671875 0.5041666671875 0.6828125 0.5114583328125 0.6828125 0.5239583328124999 0.68984375 0.53125 0.7 0.5302083328125 0.7046875 0.521875 0.7046875 0.5114583328125 0.703125 0.5072916671875001 0.69609375 0.5020833328125
3 0.759375 0.309375 0.75390625 0.30416666718749996 0.74765625 0.30416666718749996 0.74453125 0.30625 0.740625 0.3114583328125 0.740625 0.315625 0.7390625 0.3177083328125 0.740625 0.3260416671875 0.74453125 0.33125 0.75625 0.3302083328125 0.75859375 0.3291666671875 0.7609375 0.3239583328125 0.7609375 0.3135416671875 0.759375 0.309375
1 0.8234375 0.5135416671875 0.80859375 0.48541666718750004 0.7890625 0.48854166718750003 0.7453125 0.3614583328125 0.73515625 0.35 0.72109375 0.35 0.715625 0.31979166718749996 0.7046875 0.3177083328125 0.68671875 0.27291666718749996 0.67578125 0.27291666718749996 0.6640625 0.284375 0.6640625 0.296875 0.6796875 0.33645833281250004 0.6796875 0.3614583328125 0.6703125 0.384375 0.6921875 0.446875 0.6921875 0.465625 0.67890625 0.46458333281249997 0.675 0.484375 0.68671875 0.50625 0.70234375 0.49583333281249997 0.71015625 0.5104166671875 0.73359375 0.51875 0.7421875 0.5677083328125 0.75 0.5697916671875001 0.79609375 0.5625 0.80703125 0.54375 0.821875 0.534375 0.8234375 0.5135416671875
2 0.6750411984375 0.29465485468749997 0.6748526390625 0.29364920625 0.6918229484375 0.2888723796875 0.6837149109375 0.272027775 0.669007309375 0.27781025000000004 0.6750411984375 0.29465485468749997