0 0.596875 0.14921875 0.021875 0.02890625
3 0.63359375 0.70234375 0.025 0.0375
3 0.6625 0.215625 0.01875 0.02890625
3 0.33203125 0.67734375 0.0265625 0.03515625
0 0.734375 0.57265625 0.025 0.03125
3 0.6046875 0.08046875 0.01875 0.03125
3 0.65390625 0.58828125 0.025 0.03359375
3 0.38515625 0.1770833328125 0.37578125 0.1770833328125 0.3703125 0.184375 0.3703125 0.196875 0.371875 0.2010416671875 0.37734375 0.20625 0.3859375 0.2052083328125 0.390625 0.1989583328125 0.3921875 0.19479166718750002 0.3921875 0.1885416671875 0.38515625 0.1770833328125
0 0.74140625 0.4166666671875 0.73203125 0.4166666671875 0.7296875 0.41979166718750005 0.728125 0.440625 0.73046875 0.44375 0.7421875 0.4427083328125 0.74453125 0.44166666718750003 0.746875 0.43645833281249996 0.746875 0.42395833281249995 0.74140625 0.4166666671875
0 0.61171875 0.42291666718750004 0.6046875 0.4302083328125 0.603125 0.434375 0.603125 0.440625 0.60859375 0.45 0.61171875 0.45208333281249996 0.61875 0.45104166718750005 0.625 0.4427083328125 0.625 0.4302083328125 0.61953125 0.42291666718750004 0.61171875 0.42291666718750004
1 0.46796875 0 0.421875 0.0239583328125 0.42890625 0.058333332812500006 0.47734375 0.0458333328125 0.50234375 0.07291666718749999 0.56015625 0.07083333281250001 0.56953125 0.0958333328125 0.584375 0.096875 0.5953125 0.08645833281250001 0.59375 0.059375 0.61171875 0.05208333281250001 0.63515625 0.00625 0.64453125 0.014583332812499999 0.67109375 0.0125 0.675 0.0010416671875 0.62265625 0 0.60859375 0.014583332812499999 0.60234375 0 0.46796875 0
2 0.437814709375 0.0392910640625 0.437580834375 0.0199573671875 0.4230805609375 0.0199573671875 0.4233144359375 0.0414739 0.437814709375 0.0392910640625