0 0.8328125 0.28203125 0.025 0.03125
3 0.865625 0.65234375 0.025 0.03359375
3 0.82578125 0.2125 0.025 0.0375
3 0.5234375 0.81953125 0.0234375 0.03359375
3 0.365625 0.06328125 0.0234375 0.0375
0 0.23515625 0.5875 0.028125 0.03359375
3 0.275 0.2864583328125 0.290625 0.2927083328125 0.296875 0.27395833281250004 0.28046875 0.2645833328125 0.2734375 0.2760416671875 0.275 0.2864583328125
3 0.2635416671875 0.3045138890625 0.2635416671875 0.31493055625 0.2776041671875 0.3253472234375 0.2854166671875 0.3170138890625 0.2854166671875 0.3045138890625 0.2736979171875 0.2951388890625 0.2635416671875 0.3045138890625
3 0.21770833281250002 0.3704861109375 0.22552083281250002 0.35381944375 0.2091145828125 0.3423611109375 0.2036458328125 0.3621527765625 0.21770833281250002 0.3704861109375
3 0.20625 0.4857638890625 0.209375 0.46493055625 0.19140625 0.46180555625 0.190625 0.48368055625000006 0.20625 0.4857638890625
3 0.79296875 0.51953125 0.02578125 0.03359375
3 0.86328125 0.45390625 0.02734375 0.028125
2 0.2582816453125 0.37811683125 0.26270015 0.3577649328125 0.2478379078125 0.35562262968749997 0.2446244515625 0.37329664375 0.2582816453125 0.37811683125
1 0.475 0.43645833281249996 0.4890625 0.415625 0.48359375 0.35625 0.46796875 0.3479166671875 0.44453125 0.3458333328125 0.43984375 0.35625 0.40859375 0.3416666671875 0.32890625 0.3395833328125 0.31796875 0.3541666671875 0.29140625 0.35 0.28828125 0.35625 0.2453125 0.3572916671875 0.2421875 0.3760416671875 0.24765625 0.3875 0.30546875 0.40833333281249995 0.31953125 0.43333333281249997 0.37890625 0.45 0.38671875 0.47083333281249995 0.4125 0.471875 0.41484375 0.4604166671875 0.43359375 0.45416666718750004 0.471875 0.4635416671875 0.475 0.43645833281249996