0 0.86171875 0.30859375 0.0234375 0.03125
0 0.70703125 0.2 0.0265625 0.03515625
3 0.859375 0.24921875 0.025 0.03359375
3 0.40234375 0.07578125 0.0234375 0.03515625
0 0.25546875 0.58671875 0.0265625 0.03125
3 0.30390625 0.309375 0.0203125 0.02890625
3 0.24375 0.353125 0.0203125 0.03125
3 0.22421875 0.46875 0.02109375 0.02734375
3 0.31484375 0.28203125 0.0203125 0.02734375
2 0.2864743390625 0.3810085984375 0.291197771875 0.36930697343749996 0.2910290671875 0.35873051875 0.27864405312499996 0.35802766406250003 0.2738223046875 0.3688569078125 0.2736536140625 0.3792083359375 0.2864743390625 0.3810085984375
1 0.3171875 0.3604166671875 0.2796875 0.3541666671875 0.2734375 0.3625 0.271875 0.38125 0.278125 0.3916666671875 0.3078125 0.39791666718749996 0.3359375 0.4166666671875 0.3453125 0.43958333281249995 0.3984375 0.44375 0.403125 0.4479166671875 0.40625 0.475 0.4328125 0.48541666718750004 0.4375 0.48333333281249996 0.4375 0.46875 0.4515625 0.47083333281249995 0.4609375 0.46458333281249997 0.4953125 0.4770833328125 0.503125 0.4458333328125 0.5140625 0.43541666718750005 0.5125 0.3645833328125 0.5 0.3583333328125 0.4765625 0.3604166671875 0.4703125 0.3541666671875 0.4703125 0.3645833328125 0.4640625 0.36666666718749996 0.4328125 0.35 0.359375 0.3458333328125 0.3484375 0.35625 0.321875 0.35208333281250004 0.3171875 0.3604166671875