0 0.14375 0.675 0.0328125 0.03984375
3 0.18359375 0.12265625 0.028125 0.0375
3 0.0890625 0.57265625 0.0296875 0.0375
3 0.08359375 0.45078125 0.025 0.03515625
0 0.715625 0.33125 0.0234375 0.03125
3 0.13828125 0.35546875 0.02421875 0.02734375
3 0.134375 0.3875 0.02265625 0.02734375
3 0.66015625 0.12578125 0.021875 0.03359375
0 0.67421875 0.18125 0.0203125 0.03125
2 0.721875 0.16953125 0.0171875 0.01875
1 0.721875 0.21875 0.7265625 0.25 0.7234375 0.28125 0.753125 0.3458333328125 0.740625 0.3625 0.7453125 0.3854166671875 0.7578125 0.39375 0.7828125 0.3791666671875 0.7921875 0.3916666671875 0.8140625 0.39375 0.8203125 0.39791666718749996 0.81875 0.4166666671875 0.8359375 0.44166666718750003 0.85625 0.4291666671875 0.8765625 0.43333333281249997 0.884375 0.4270833328125 0.9078125 0.3854166671875 0.9046875 0.3625 0.890625 0.3416666671875 0.8734375 0.3479166671875 0.85625 0.33125 0.8015625 0.23125 0.771875 0.2166666671875 0.7625 0.19583333281249998 0.7515625 0.2 0.721875 0.1604166671875 0.7078125 0.1708333328125 0.7046875 0.1895833328125 0.721875 0.21875