0 0.70703125 0.53671875 0.0234375 0.03125
0 0.3984375 0.76171875 0.025 0.03125
3 0.29296875 0.6375 0.028125 0.03515625
0 0.5078125 0.74921875 0.021875 0.03359375
3 0.29296875 0.2270833328125 0.28984375 0.2270833328125 0.28828125 0.225 0.28203125 0.225 0.27890625 0.2270833328125 0.2765625 0.23020833281250003 0.2765625 0.24479166718749998 0.28203125 0.2520833328125 0.29375 0.2510416671875 0.296875 0.246875 0.296875 0.234375 0.2953125 0.23020833281250003 0.29296875 0.2270833328125
3 0.3703125 0.646875 0.3703125 0.659375 0.38125 0.6677083328125 0.3890625 0.6614583328125 0.390625 0.646875 0.37734375 0.6395833328125 0.3703125 0.646875
3 0.75546875 0.525 0.7515625 0.5427083328125 0.7671875 0.5489583328125 0.7734375 0.540625 0.771875 0.5302083328125 0.76640625 0.5229166671875001 0.75546875 0.525
3 0.8328125 0.35104166718749996 0.846875 0.3572916671875 0.8546875 0.340625 0.83984375 0.33125 0.8328125 0.3385416671875 0.8328125 0.35104166718749996
3 0.65625 0.2635416671875 0.659375 0.240625 0.64296875 0.23958333281250002 0.640625 0.259375 0.65625 0.2635416671875
3 0.6734375 0.6947916671875001 0.684375 0.7010416671875 0.6921875 0.6947916671875001 0.6921875 0.6822916671875 0.67734375 0.675 0.6734375 0.6947916671875001
3 0.6734375 0.6364583328125 0.67109375 0.6166666671875001 0.65625 0.6197916671875 0.65546875 0.6291666671875 0.6734375 0.6364583328125
0 0.496875 0.596875 0.5015625 0.578125 0.48359375 0.5729166671875 0.4828125 0.5947916671875 0.496875 0.596875
0 0.48671875 0.5708333328124999 0.48359375 0.5729166671875 0.4796875 0.5802083328125 0.4796875 0.5864583328124999 0.4828125 0.5947916671875 0.48671875 0.5979166671875 0.496875 0.596875 0.503125 0.5864583328124999 0.5015625 0.578125 0.49453125 0.5708333328124999 0.48671875 0.5708333328124999
2 0.76963329375 0.30574626875 0.7859405078125 0.30103903125000003 0.7812332703125 0.2853482390625 0.765430403125 0.2871414734375 0.76963329375 0.30574626875
2 0.87578125 0.5333333328125 0.8625 0.509375 0.8328125 0.38229166718749996 0.82578125 0.3729166671875 0.8109375 0.3739583328125 0.8109375 0.3447916671875 0.7953125 0.334375 0.784375 0.28854166718749996 0.76484375 0.2875 0.75625 0.2989583328125 0.76875 0.3572916671875 0.753125 0.396875 0.7640625 0.478125 0.746875 0.48645833281249995 0.7484375 0.5114583328125 0.75390625 0.5229166671875001 0.76796875 0.5208333328125 0.77265625 0.5125 0.78359375 0.5375 0.8109375 0.5510416671875 0.80625 0.5697916671875001 0.81484375 0.6041666671875 0.84453125 0.6 0.84921875 0.6083333328125 0.865625 0.6072916671875 0.89609375 0.5833333328125 0.9046875 0.5614583328125 0.89296875 0.5291666671875 0.87578125 0.5333333328125