3 0.39140625 0.08515625 0.021875 0.03515625
0 0.8515625 0.30859375 0.0234375 0.03125
3 0.84765625 0.24765625 0.025 0.03359375
0 0.765625 0.209375 0.0234375 0.03359375
0 0.2515625 0.59609375 0.0265625 0.03125
3 0.30625 0.29140625 0.021875 0.02890625
3 0.29765625 0.3203125 0.0203125 0.02578125
3 0.2375 0.36484375 0.02109375 0.02578125
3 0.21875 0.4796875 0.0203125 0.025
2 0.280139178125 0.3883176796875 0.28338864531249996 0.3808153953125 0.28388855468749996 0.3681448625 0.271593746875 0.3675416671875 0.26676640156250003 0.3786480578125 0.2668913796875 0.3883176796875 0.280139178125 0.3883176796875
1 0.265625 0.375 0.265625 0.39375 0.325 0.4270833328125 0.3390625 0.4479166671875 0.3984375 0.46666666718750005 0.4015625 0.48125 0.428125 0.4895833328125 0.4328125 0.4770833328125 0.471875 0.475 0.4875 0.48333333281249996 0.4921875 0.4770833328125 0.4984375 0.4479166671875 0.5078125 0.43541666718750005 0.5046875 0.3729166671875 0.490625 0.3645833328125 0.46875 0.36666666718749996 0.4671875 0.3604166671875 0.45625 0.3708333328125 0.4234375 0.3583333328125 0.3515625 0.3541666671875 0.3078125 0.36666666718749996 0.275 0.3625 0.265625 0.375