0 0.546875 0.4625 0.01875 0.03125
0 0.5734375 0.73828125 0.025 0.03125
3 0.3734375 0.57421875 0.0265625 0.03359375
0 0.6375 0.77109375 0.0234375 0.03125
0 0.65859375 0.621875 0.0234375 0.03125
3 0.29765625 0.70078125 0.025 0.03515625
3 0.621875 0.10859375 0.0234375 0.03125
3 0.65234375 0.48359375 0.0234375 0.03125
3 0.20234375 0.26953125 0.0296875 0.03984375
3 0.8015625 0.2390625 0.01953125 0.025
3 0.68125 0.35625 0.01953125 0.0265625
2 0.6936734 0.1601794703125 0.697797709375 0.16701488281250002 0.70479655625 0.16384725625000002 0.71104551875 0.16084634375 0.71104551875 0.154010925 0.7081709921875 0.1470087953125 0.702687496875 0.144 0.6930485046875 0.1485092515625 0.68954908125 0.1545110796875 0.6936734 0.1601794703125
1 0.70625 0.2125 0.7 0.2645833328125 0.7265625 0.33125 0.7140625 0.34375 0.7203125 0.3729166671875 0.734375 0.3791666671875 0.75 0.36875 0.7578125 0.38333333281250004 0.7828125 0.3854166671875 0.8015625 0.4270833328125 0.8296875 0.4125 0.840625 0.41875 0.8546875 0.40833333281249995 0.8625 0.3875 0.875 0.375 0.8796875 0.35625 0.8625 0.3375 0.8625 0.3229166671875 0.8421875 0.3333333328125 0.79375 0.25833333281250004 0.7765625 0.21458333281250003 0.7625 0.20416666718749998 0.7453125 0.2104166671875 0.7453125 0.1875 0.740625 0.18125 0.728125 0.1833333328125 0.70625 0.14375 0.696875 0.14375 0.684375 0.15625 0.6828125 0.1708333328125 0.70625 0.2125