0 0.434375 0.84921875 0.0234375 0.02890625
3 0.72578125 0.646875 0.015625 0.025
0 0.69375 0.9 0.021875 0.02890625
3 0.67265625 0.77265625 0.015625 0.025
3 0.34375 0.74296875 0.0234375 0.02890625
3 0.41796875 0.753125 0.021875 0.02890625
0 0.57890625 0.90546875 0.0171875 0.028125
0 0.51015625 0.69296875 0.01640625 0.0234375
3 0.34453125 0.43828125 0.0140625 0.01953125
3 0.62109375 0.440625 0.0125 0.01875
3 0.7703125 0.50390625 0.015625 0.0203125
2 0.7093930390625001 0.4704296765625 0.7116426687499999 0.4739307390625 0.7186415046875 0.4739307390625 0.7240156171875001 0.4719301296875 0.7228908015625 0.46426112656249996 0.7193913796875 0.4585927359375 0.713312496875 0.45941666718749996 0.7092680625 0.4604266328125 0.70801826875 0.46476128125000005 0.7093930390625001 0.4704296765625
1 0.7040732390625 0.536991525 0.716618678125 0.5968856890625001 0.706714378125 0.6124464265625 0.716838771875 0.638870325 0.7375277578125 0.6356407421875 0.74038900625 0.6420999187499999 0.7578125 0.6416666671875 0.775 0.66875 0.7953125 0.6625 0.8046875 0.66875 0.83125 0.65 0.83125 0.61875 0.8234375 0.60625 0.80625 0.6041666671875 0.803125 0.5958333328125 0.79375 0.5895833328125 0.775 0.5395833328124999 0.7674607515625 0.5181417609375 0.748752628125 0.5128569828125 0.747211965625 0.4975898390625 0.7395086203125001 0.48760749218750005 0.7234375 0.4604166671875 0.7109375 0.4583333328125 0.7015625 0.46875 0.712436859375 0.5176139984375 0.7040732390625 0.536991525