0 0.3515625 0.140625 0.0234375 0.03125
3 0.2328125 0.76171875 0.025 0.0375
0 0.5484375 0.33984375 0.021875 0.02734375
3 0.52265625 0.63828125 0.025 0.03515625
3 0.34140625 0.075 0.0234375 0.03125
0 0.584375 0.47109375 0.0234375 0.03125
3 0.4671875 0.140625 0.0203125 0.02890625
3 0.51328125 0.525 0.025 0.03359375
3 0.171875 0.0114583328125 0.1734375 0.0239583328125 0.1859375 0.0322916671875 0.1984375 0.017708332812499998 0.19296875 0.0020833328125000002 0.18046875 0.0020833328125000002 0.171875 0.0114583328125
3 0.1421875 0.278125 0.14609375 0.2916666671875 0.15625 0.2947916671875 0.16875 0.278125 0.16171875 0.2645833328125 0.14921875 0.2666666671875 0.1421875 0.278125
1 0.29453125 0.08333333281250001 0.30859375 0.1020833328125 0.32734375 0.0979166671875 0.3296875 0.0822916671875 0.31484375 0.0791666671875 0.3140625 0.065625 0.3328125 0.0427083328125 0.328125 0.0010416671875 0.21484375 0.0041666671875 0.203125 0.021875 0.2046875 0.0427083328125 0.18515625 0.0458333328125 0.1828125 0.06979166718749999 0.15 0.103125 0.15546875 0.11875 0.1734375 0.1302083328125 0.20859375 0.1 0.24140625 0.1125 0.28203125 0.0958333328125 0.29453125 0.08333333281250001
3 0.173550734375 0.108434275 0.16893948281249999 0.08998927031250001 0.1513328875 0.1028448796875 0.1584593671875 0.12240776406250001 0.173550734375 0.108434275