3 0.184375 0.12265625 0.01875 0.028125
3 0.41015625 0.17890625 0.0234375 0.0328125
3 0.4453125 0.15625 0.025 0.03125
3 0.528125 0.128125 0.0234375 0.034375
3 0.784375 0.1125 0.0203125 0.03125
3 0.52890625 0.2765625 0.01875 0.03125
3 0.48515625 0.36015625 0.021875 0.03125
3 0.28125 0.51171875 0.021875 0.0390625
3 0.33203125 0.54296875 0.0203125 0.034375
3 0.32109375 0.7828125 0.0265625 0.0421875
1 0.3549053328125 0.5937013984374999 0.379319071875 0.5965937859375 0.3926372234375 0.5976194359375 0.42725287500000003 0.5981301609375 0.4373925703125 0.595022453125 0.453755265625 0.5971104859375 0.4746275671875 0.60363398125 0.49380929062499995 0.6057101453125 0.5061207390625 0.6035417828125 0.520828059375 0.5964692125 0.5256112984375 0.5888199578125 0.527043740625 0.575481596875 0.526742440625 0.56052725625 0.5253446609375 0.5392585234375 0.5239270734375 0.529563378125 0.5222284234375 0.513382846875 0.5196474 0.4978317984375 0.518156075 0.488072875 0.5201425703125 0.4733952921875 0.5285688671875 0.46518234999999997 0.5514969875 0.445244521875 0.566998946875 0.4185434984375 0.581696903125 0.3807567625 0.5960288609375 0.3447488453125 0.6148304875 0.3059700453125 0.6265328765625 0.2794714625 0.6360496234374999 0.2483451078125 0.641423409375 0.218552928125 0.6417337515625 0.1823566578125 0.639126678125 0.1604562984375 0.62033075625 0.1475301265625 0.6093953453125 0.1632300484375 0.5657799671875 0.2621875734375 0.54822509375 0.31083323906250004 0.5438920281249999 0.32298609843750004 0.523802203125 0.3484765109375 0.51077889375 0.3779367109375 0.4854882734375 0.42190656718749997 0.46904312031249995 0.4395693828125 0.45509104218749996 0.46141496249999997 0.44750675156249997 0.47328726874999993 0.4441624125 0.47803323750000004 0.423106359375 0.49737064374999995 0.412413796875 0.5074883515625 0.393703346875 0.51828455 0.380218021875 0.52146281875 0.3654195265625 0.524424396875 0.3530881640625 0.5302233828125 0.353703575 0.5281872625 0.3341278671875 0.5547591921875 0.3328274515625 0.5617080765625 0.33193049375 0.5751974921875 0.3319293625 0.5856618734375 0.346971353125 0.59212288125 0.3549053328125 0.5937013984374999
3 0.471875 0.79453125 0.0296875 0.04375