3 0.45 0.3046875 0.0359375 0.0578125
3 0.6796875 0.9625 0.0421875 0.0640625
0 0.55859375 0.7140625 0.040625 0.059375
3 0.67890625 0.81484375 0.040625 0.0609375
3 0.45 0.3046875 0.0359375 0.0578125
3 0.6796875 0.9625 0.0421875 0.0640625
0 0.55859375 0.7140625 0.040625 0.059375
3 0.67890625 0.81484375 0.040625 0.0609375
3 0.86640625 0.93046875 0.04375 0.0609375
3 0.45 0.3046875 0.0359375 0.0578125
3 0.6796875 0.9625 0.0421875 0.0640625
0 0.55859375 0.7140625 0.040625 0.059375
3 0.67890625 0.81484375 0.040625 0.0609375
3 0.86640625 0.93046875 0.04375 0.0609375
3 0.87578125 0.25078125 0.040625 0.05625
3 0.646875 0.10546875 0.0359375 0.0546875