3 0.2640625 0.21171875 0.21015625 0.32734375
3 0.14453125 0.353125 0.1890625 0.2828125
3 0.096875 0.58828125 0.19375 0.3078125
3 0.2890625 0.5046875 0.196875 0.26171875
3 0.2140625 0.79609375 0.203125 0.2640625
3 0.30234375 0.7828125 0.22265625 0.32734375
3 0.509375 0.8375 0.1953125 0.28671875
3 0.48828125 0.41640625 0.2015625 0.29453125
3 0.38203125 0.21953125 0.1640625 0.2828125
3 0.57421875 0.19765625 0.2046875 0.28671875
3 0.80546875 0.28046875 0.2015625 0.29296875
3 0.69765625 0.50625 0.196875 0.309375
3 0.89921875 0.58203125 0.2015625 0.3046875
3 0.71953125 0.8015625 0.20703125 0.3046875