3 0.303125 0.16171875 0.01953125 0.02578125
3 0.29609375 0.40703125 0.0203125 0.02421875
3 0.28515625 0.434375 0.01953125 0.0234375
3 0.22265625 0.4734375 0.01953125 0.02578125
3 0.19765625 0.5875 0.0203125 0.02578125
0 0.221875 0.721875 0.02109375 0.028125
3 0.5046875 0.96484375 0.01875 0.0296875
3 0.74765625 0.990625 0.0203125 0.01796875
3 0.92265625 0.86484375 0.01953125 0.0265625
0 0.840625 0.62578125 0.0203125 0.02578125
2 0.2528986875 0.49451412031249997 0.2535235828125 0.5038503000000001 0.2576478921875 0.5091852578125 0.2660215078125 0.5116860203125 0.27477005625 0.5146869328125 0.2817688921875 0.51802128125 0.29076739375 0.52052204375 0.299141009375 0.48634496875 0.2916422546875 0.4853446671875 0.2837685578125 0.4831773375 0.2743951140625 0.48017642499999996 0.26440624687500003 0.4756666671875 0.25839777656249996 0.4798429890625 0.25427345625000003 0.48634496875 0.2528986875 0.49451412031249997
1 0.296875 0.48541666718750004 0.2625 0.475 0.253125 0.48541666718750004 0.2515625 0.5041666671875 0.259375 0.5145833328125 0.2890625 0.5229166671875001 0.315625 0.5458333328125 0.325 0.5645833328125 0.3765625 0.5770833328125 0.3796875 0.5979166671875 0.3859375 0.6041666671875 0.4109375 0.6104166671875 0.415625 0.6 0.43125 0.6 0.4578125 0.6041666671875 0.465625 0.6125 0.4765625 0.6083333328125 0.48125 0.5854166671875001 0.4921875 0.575 0.4953125 0.5625 0.490625 0.5395833328124999 0.49375 0.50625 0.459375 0.5 0.4578125 0.49375 0.4453125 0.5 0.415625 0.4791666671875 0.39375 0.48333333281249996 0.340625 0.47083333281249995 0.3328125 0.48125 0.303125 0.4791666671875 0.296875 0.48541666718750004