3 0.4046875 0.00859375 0.021875 0.01640625
3 0.37109375 0.29453125 0.021875 0.028125
3 0.35703125 0.32265625 0.02265625 0.02890625
3 0.28515625 0.353125 0.021875 0.028125
3 0.24921875 0.47109375 0.0234375 0.028125
0 0.2640625 0.61875 0.02265625 0.02890625
3 0.528125 0.92265625 0.01953125 0.0296875
3 0.96484375 0.92109375 0.021875 0.02890625
0 0.92890625 0.66328125 0.02265625 0.0265625
2 0.317738909375 0.3828073640625 0.3159891984375 0.3923102578125 0.3174889453125 0.3991456703125 0.323487953125 0.40414719374999997 0.3316116046875 0.40848184375 0.34061010625 0.41348336718749995 0.348983721875 0.41998536093750005 0.35723235 0.4254870234375 0.3691053890625 0.3904763640625 0.35723235 0.38347423125 0.34923367656250004 0.3784727078125 0.3409850484375 0.37263760156250003 0.332374996875 0.3673333328125 0.3251126875 0.3701368390625 0.320363471875 0.37613866875 0.317738909375 0.3828073640625
1 0.3515625 0.4270833328125 0.384375 0.48125 0.4390625 0.51875 0.44375 0.5333333328125 0.46875 0.5479166671875 0.509375 0.55 0.5078125 0.56875 0.5421875 0.5875 0.5578125 0.5604166671875 0.5734375 0.5479166671875 0.58125 0.47291666718750003 0.5328125 0.45416666718750004 0.5109375 0.43125 0.515625 0.4270833328125 0.5125 0.42083333281249996 0.4890625 0.40625 0.475 0.4125 0.4203125 0.38125 0.371875 0.3875 0.3265625 0.36666666718749996 0.3140625 0.3854166671875 0.315625 0.40416666718750005 0.3515625 0.4270833328125