3 0.5125 0.4296875 0.02109375 0.02578125
3 0.5328125 0.45 0.01953125 0.0265625
3 0.53203125 0.478125 0.01953125 0.02734375
3 0.51328125 0.4875 0.0203125 0.02578125
3 0.490625 0.4671875 0.0203125 0.02734375
0 0.5109375 0.459375 0.01953125 0.028125
3 0.6359375 0.73046875 0.021875 0.02890625
3 0.69765625 0.7234375 0.02109375 0.02890625
3 0.8921875 0.67109375 0.0234375 0.02890625
3 0.93046875 0.65078125 0.02265625 0.028125
0 0.8609375 0.2453125 0.02265625 0.02890625
0 0.8609375 0.09921875 0.02265625 0.02890625
2 0.3304500265625 0.3554847375 0.3346993140625 0.3428142171875 0.338448690625 0.3286432359375 0.3390735875 0.31964049375000003 0.33444935937500003 0.3123049296875 0.3299500984375 0.30780355625 0.32307625 0.3036356203125 0.315702471875 0.30180173125 0.31195309375 0.30997088281249996 0.309453509375 0.31830675468749997 0.306953925 0.3273094984375 0.3029545828125 0.33864628125 0.298781246875 0.3487916671875 0.323576159375 0.3609864125 0.3262007203125 0.3646541953125 0.3304500265625 0.3554847375
1 0.2359375 0.4458333328125 0.203125 0.5458333328125 0.20625 0.5666666671875 0.1734375 0.5604166671875 0.159375 0.5979166671875 0.171875 0.6208333328125 0.1828125 0.6208333328125 0.1828125 0.6333333328124999 0.1984375 0.6458333328125 0.2171875 0.65 0.228125 0.6375 0.2578125 0.6458333328125 0.25625 0.6291666671875 0.2703125 0.60625 0.2734375 0.5833333328125 0.29375 0.5729166671875 0.303125 0.55 0.3234375 0.5541666671875001 0.3328125 0.5333333328125 0.334375 0.5145833328125 0.3203125 0.5041666671875 0.3203125 0.49375 0.3375 0.4479166671875 0.3359375 0.39375 0.3265625 0.38333333281250004 0.3265625 0.36875 0.340625 0.31875 0.328125 0.30416666718749996 0.3140625 0.3020833328125 0.3 0.34375 0.284375 0.35208333281250004 0.2359375 0.4458333328125