3 0.17526041718750002 0.048148148437499996 0.171875 0.0550925921875 0.1734375 0.07083333281250001 0.1794270828125 0.077777778125 0.1854166671875 0.0773148140625 0.1885416671875 0.0726851859375 0.18802083281249998 0.054166667187499996 0.1825520828125 0.047222221875 0.17526041718750002 0.048148148437499996
3 0.1903645828125 0.0546296296875 0.18802083281249998 0.0625 0.1885416671875 0.07638888906249999 0.1934895828125 0.08425925937499999 0.20052083281250002 0.084722221875 0.20572916718749998 0.0754629625 0.20416666718749998 0.059722221875 0.19765625 0.052777778124999994 0.1903645828125 0.0546296296875
3 0.18307291718750002 0.127777778125 0.17916666718750002 0.13935185156250002 0.1807291671875 0.14861111093749999 0.1872395828125 0.1574074078125 0.1932291671875 0.15694444375 0.1979166671875 0.14861111093749999 0.1963541671875 0.13287037031249999 0.18984375 0.12592592656249998 0.18307291718750002 0.127777778125
3 0.4596354171875 0.097222221875 0.4546875 0.1041666671875 0.4536458328125 0.11342592656249999 0.4575520828125 0.12592592656249998 0.46302083281249995 0.128240740625 0.4682291671875 0.12361111093749999 0.4703125 0.1115740734375 0.46588541718750004 0.0990740734375 0.4596354171875 0.097222221875
3 0.23567708281250002 0.26944444375 0.23125 0.278240740625 0.23177083281250002 0.2884259265625 0.2377604171875 0.29814814843750004 0.24375 0.2986111109375 0.2494791671875 0.290277778125 0.2494791671875 0.2791666671875 0.2440104171875 0.26944444375 0.23567708281250002 0.26944444375
3 0.16067708281249998 0.503703703125 0.15677083281249998 0.5134259265625001 0.1578125 0.5236111109375 0.1622395828125 0.5305555562500001 0.1703125 0.5310185187500001 0.1760416671875 0.521759259375 0.1755208328125 0.508796296875 0.1700520828125 0.5018518515625 0.16067708281249998 0.503703703125
3 0.28463541718749996 0.502777778125 0.2802083328125 0.5106481484375001 0.2802083328125 0.521759259375 0.28515625 0.5305555562500001 0.2911458328125 0.5310185187500001 0.296875 0.5236111109375 0.29739583281250004 0.5115740734374999 0.2919270828125 0.5018518515625 0.28463541718749996 0.502777778125
3 0.3606770828125 0.45555555625000005 0.3557291671875 0.46342592656250003 0.3552083328125 0.47361111093749997 0.35859375 0.48148148125 0.365625 0.48379629687500003 0.3713541671875 0.4754629625 0.371875 0.4671296296875 0.3684895828125 0.4574074078125 0.3606770828125 0.45555555625000005
3 0.37265625 0.5944444437499999 0.365625 0.6023148140625 0.3645833328125 0.6143518515624999 0.3674479171875 0.621296296875 0.3729166671875 0.6245370375 0.3791666671875 0.6199074078125 0.38125 0.60601851875 0.37890625 0.5990740734375 0.37265625 0.5944444437499999
3 0.34765625 0.6925925921875 0.340625 0.7004629625 0.3395833328125 0.7115740734375 0.3424479171875 0.7203703703125 0.3494791671875 0.7236111109375 0.3557291671875 0.7171296296875 0.3572916671875 0.703240740625 0.3528645828125 0.69351851875 0.34765625 0.6925925921875
3 0.20807291718749998 0.6777777781250001 0.203125 0.683796296875 0.20208333281250002 0.6986111109375 0.2075520828125 0.7074074078125 0.21354166718749998 0.70694444375 0.21979166718749998 0.6986111109375 0.2203125 0.6856481484375 0.21588541718749998 0.6777777781250001 0.20807291718749998 0.6777777781250001
0 0.24348958281250002 0.5490740734374999 0.2359375 0.55694444375 0.2348958328125 0.56805555625 0.23932291718749998 0.578703703125 0.24479166718749998 0.5800925921875 0.2515625 0.5745370375000001 0.2536458328125 0.5625 0.24973958281250003 0.5518518515624999 0.24348958281250002 0.5490740734374999