3 0.1658854171875 0.0490740734375 0.1619791671875 0.05601851875 0.1619791671875 0.066203703125 0.16744791718750002 0.077777778125 0.1734375 0.0791666671875 0.1796875 0.071759259375 0.1796875 0.058796296875 0.1747395828125 0.0490740734375 0.1658854171875 0.0490740734375
3 0.45078125 0.0629629625 0.44427083281249996 0.0699074078125 0.44375 0.0828703703125 0.44713541718750005 0.0916666671875 0.453125 0.09398148125 0.45885416718750005 0.0865740734375 0.459375 0.0736111109375 0.4565104171875 0.065740740625 0.45078125 0.0629629625
3 0.5638020828125 0.08333333281250001 0.5578125 0.09120370312500001 0.5567708328125 0.1050925921875 0.5606770828125 0.11388888906250001 0.5666666671875 0.11435185156250001 0.571875 0.10694444375 0.5723958328125 0.0949074078125 0.5690104171875 0.08518518593749999 0.5638020828125 0.08333333281250001
3 0.5705729171875 0.478703703125 0.5666666671875 0.4865740734375 0.5666666671875 0.496759259375 0.5721354171875 0.50648148125 0.5776041671875001 0.50601851875 0.5817708328125 0.4986111109375 0.5822916671875 0.48842592656250006 0.57734375 0.478703703125 0.5705729171875 0.478703703125
3 0.47473958281249995 0.375 0.4692708328125 0.383796296875 0.4692708328125 0.3958333328125 0.4731770828125 0.403703703125 0.4791666671875 0.40416666718750005 0.4838541671875 0.39953703749999997 0.4848958328125 0.383796296875 0.48046875 0.3759259265625 0.47473958281249995 0.375
3 0.47421875 0.48055555625 0.47239583281249997 0.4865740734375 0.4734375 0.5004629625 0.47838541718750005 0.50555555625 0.4828125 0.5050925921875 0.4875 0.496759259375 0.4869791671875 0.4828703703125 0.48255208281249995 0.477777778125 0.47421875 0.48055555625
3 0.44140625 0.478703703125 0.4369791671875 0.48472222187499997 0.4359375 0.496759259375 0.43984375 0.5046296296875 0.4453125 0.50601851875 0.45 0.5013888890625 0.4515625 0.48842592656250006 0.44765625 0.4796296296875 0.44140625 0.478703703125
3 0.5825520828124999 0.5879629625 0.5776041671875001 0.5949074078125001 0.5770833328125 0.6078703703125 0.5799479171875 0.6148148140624999 0.5864583328124999 0.6171296296875 0.5911458328125 0.6134259265625001 0.5932291671875001 0.6004629625 0.5893229171875001 0.5898148140624999 0.5825520828124999 0.5879629625
3 0.5966145828125 0.6675925921875 0.5921875 0.6745370375 0.5921875 0.6884259265625 0.5966145828125 0.6953703703125 0.6010416671875001 0.6958333328124999 0.60625 0.6893518515625 0.6072916671875 0.6773148140624999 0.60390625 0.66944444375 0.5966145828125 0.6675925921875
3 0.1559895828125 0.9018518515625 0.1515625 0.9087962968750001 0.15 0.921759259375 0.15286458281249998 0.9305555562500001 0.1614583328125 0.93194444375 0.1677083328125 0.9254629624999999 0.1692708328125 0.9115740734375001 0.16484375 0.9018518515625 0.1559895828125 0.9018518515625
3 0.7924479171875001 0.8546296296874999 0.7890625 0.8615740734375 0.7895833328124999 0.8736111109375001 0.7940104171875 0.88055555625 0.8015625 0.88101851875 0.8057291671875 0.8745370375 0.8041666671875 0.858796296875 0.8002604171875 0.853703703125 0.7924479171875001 0.8546296296874999
0 0.78359375 0.08518518593749999 0.778125 0.09305555625 0.7776041671875 0.1050925921875 0.7809895828125 0.1129629625 0.7885416671875001 0.11342592656249999 0.79375 0.103240740625 0.79375 0.0921296296875 0.7893229171875 0.08518518593749999 0.78359375 0.08518518593749999