1 0.24505208281250002 0.88055555625 0.26223958281250004 0.8574074078124999 0.2752604171875 0.865740740625 0.3122395828125 0.821296296875 0.3221354171875 0.8175925921875 0.3268229171875 0.8055555562500001 0.3375 0.8004629624999999 0.340625 0.7875 0.3317708328125 0.765277778125 0.3317708328125 0.7486111109375 0.32864583281250004 0.7328703703125 0.3166666671875 0.7171296296875 0.3059895828125 0.690740740625 0.30234375 0.6879629625 0.2986979171875 0.6944444437499999 0.2903645828125 0.696296296875 0.27734375 0.7166666671875 0.27109375 0.7212962968750001 0.25442708281250004 0.7148148140624999 0.23177083281250002 0.7393518515624999 0.2338541671875 0.753240740625 0.23151041718749998 0.7611111109375 0.22005208281250002 0.765740740625 0.20703125 0.7861111109375 0.20208333281250002 0.7837962968750001 0.20026041718749998 0.772222221875 0.196875 0.8023148140625 0.1893229171875 0.8046296296875 0.1807291671875 0.816203703125 0.1755208328125 0.8578703703125001 0.1575520828125 0.86944444375 0.146875 0.89305555625 0.14895833281249998 0.9050925921875 0.1565104171875 0.9148148140625001 0.1653645828125 0.9138888890624999 0.18515625 0.8981481484374999 0.2013020828125 0.8981481484374999 0.21171875 0.9055555562500001 0.21953125 0.9055555562500001 0.228125 0.9254629624999999 0.2338541671875 0.9208333328125 0.22760416718749998 0.9060185187500001 0.23411458281250003 0.8888888890625 0.24505208281250002 0.88055555625
0 0.7752604171875 0.75 0.7713541671875 0.75601851875 0.7708333328125 0.7671296296875 0.7763020828125 0.777777778125 0.78125 0.7791666671875 0.7864583328125 0.7745370375 0.7875 0.758796296875 0.7815104171875 0.75 0.7752604171875 0.75
3 0.6388020828125 0.09629629687499999 0.6322916671875001 0.103240740625 0.6307291671875 0.1125 0.63359375 0.12407407343750002 0.6401041671875001 0.1263888890625 0.6458333328125 0.11898148125 0.6463541671875 0.10694444375 0.64296875 0.0981481484375 0.6388020828125 0.09629629687499999
3 0.50390625 0.3481481484375 0.4984375 0.3550925921875 0.4973958328125 0.365277778125 0.5018229171875 0.3759259265625 0.5078125 0.3763888890625 0.5125 0.36990740781250003 0.5135416671875 0.36064814843750004 0.5091145828125 0.3490740734375 0.50390625 0.3481481484375
3 0.4486979171875 0.3518518515625 0.44322916718750005 0.358796296875 0.4427083328125 0.3671296296875 0.44713541718750005 0.3796296296875 0.4526041671875 0.38009259218749997 0.45729166718750003 0.3745370375 0.4583333328125 0.3625 0.4544270828125 0.353703703125 0.4486979171875 0.3518518515625
3 0.42109375 0.39351851875 0.415625 0.39953703749999997 0.4145833328125 0.41157407343749997 0.4184895828125 0.42129629687500003 0.425 0.42268518593750004 0.4302083328125 0.416203703125 0.43072916718750004 0.40416666718750005 0.42682291718750004 0.3953703703125 0.42109375 0.39351851875
3 0.58828125 0.44351851875000003 0.5817708328125 0.4495370375 0.5802083328125 0.46157407343749995 0.5830729171875 0.46944444374999994 0.5890625 0.47268518593750003 0.5919270828125 0.471296296875 0.5963541671875 0.459722221875 0.5947916671875 0.4495370375 0.58828125 0.44351851875000003
3 0.5294270828125 0.56851851875 0.525 0.5745370375000001 0.5239583328124999 0.5865740734375 0.5278645828124999 0.5953703703125 0.5338541671875 0.596759259375 0.5380208328125 0.5921296296875 0.5395833328124999 0.578240740625 0.5361979171875 0.5703703703125 0.5294270828125 0.56851851875
3 0.5877604171875 0.6129629624999999 0.5838541671875 0.6208333328125 0.5838541671875 0.63101851875 0.58828125 0.6398148140625 0.5932291671875001 0.640277778125 0.5984375 0.6328703703125 0.5989583328125 0.6208333328125 0.59453125 0.6129629624999999 0.5877604171875 0.6129629624999999
3 0.6002604171875 0.575 0.5947916671875 0.58194444375 0.5942708328124999 0.5939814812499999 0.5981770828124999 0.602777778125 0.6041666671875 0.6041666671875 0.6088541671875001 0.5986111109375 0.6098958328124999 0.5856481484375 0.6065104171875 0.577777778125 0.6002604171875 0.575
3 0.64453125 0.48055555625 0.6395833328125 0.4865740734375 0.6385416671875 0.496759259375 0.6424479171875 0.5074074078125 0.6484375 0.508796296875 0.6541666671875 0.5023148140625 0.6546875 0.490277778125 0.6513020828125 0.4824074078125 0.64453125 0.48055555625
3 0.6669270828125 0.44629629687500005 0.6598958328125 0.45324074062499997 0.6588541671875 0.46527777812500004 0.66171875 0.47222222187499996 0.6671875 0.4754629625 0.6739583328125 0.46898148125 0.675 0.45694444375 0.67109375 0.4481481484375 0.6669270828125 0.44629629687500005
3 0.70234375 0.83055555625 0.6979166671875 0.8356481484374999 0.6963541671875 0.8449074078125 0.70078125 0.8583333328125 0.70625 0.8606481484374999 0.7114583328124999 0.85601851875 0.7130208328125 0.8439814812499999 0.7096354171875 0.834259259375 0.70234375 0.83055555625