0 0.8153645828125 0.1326841859375 0.80703125 0.1345360375 0.803125 0.1451841859375 0.8041666671875 0.156295296875 0.8080729171875 0.16138788906249998 0.8125 0.1618508515625 0.81796875 0.15675825937500001 0.8203125 0.1498138140625 0.8192708328125 0.137776778125 0.8153645828125 0.1326841859375
1 0.7661458328124999 0.3291666671875 0.7666666671875 0.3125 0.7841145828125 0.28796296250000003 0.7888020828125 0.29814814843750004 0.796875 0.2800925921875 0.8005208328125001 0.26527777812500003 0.7963541671875001 0.26342592656249997 0.7942708328125 0.2375 0.8020833328125001 0.2236111109375 0.8005208328125001 0.20231481406250001 0.809375 0.1773148140625 0.8088541671874999 0.1625 0.80390625 0.15277777812499999 0.79140625 0.15648148125 0.7791666671875 0.1828703703125 0.7731770828125 0.1888888890625 0.7611979171875001 0.1824074078125 0.75703125 0.19537037031249999 0.75078125 0.1916666671875 0.74140625 0.177777778125 0.7369791671875 0.1893518515625 0.7369791671875 0.19953703750000001 0.740625 0.2078703703125 0.740625 0.216203703125 0.7333333328125 0.22546296250000003 0.7260416671875001 0.24398148125 0.7174479171875 0.23333333281250002 0.71015625 0.23518518593749999 0.696875 0.258796296875 0.6979166671875 0.2699074078125 0.7052083328125 0.2791666671875 0.7046875 0.2976851859375 0.6921875 0.321759259375 0.6911458328125 0.334722221875 0.7041666671875 0.3541666671875 0.7057291671875 0.3671296296875 0.71015625 0.3759259265625 0.7247395828125 0.3861111109375 0.7380208328125 0.40231481406249997 0.7565104171875 0.3796296296875 0.7645833328125 0.35601851875 0.7609375 0.3421296296875 0.7661458328124999 0.3291666671875
3 0.508743875 0.097222221875 0.5032751249999999 0.1050925921875 0.502754290625 0.11805555625 0.5071813749999999 0.1268518515625 0.512650125 0.1273148140625 0.5178584578125001 0.1199074078125 0.518379290625 0.108796296875 0.5139522078125001 0.0981481484375 0.508743875 0.097222221875
3 0.49505208281249996 0.1583333328125 0.49114583281249996 0.165277778125 0.49114583281249996 0.178240740625 0.49453125 0.1861111109375 0.5015625 0.18657407343750002 0.50625 0.1773148140625 0.50625 0.1671296296875 0.5018229171875 0.1583333328125 0.49505208281249996 0.1583333328125
3 0.5216145828125 0.5475060640625 0.5171875 0.5563023609375 0.5171875 0.5637097671875 0.5200520828124999 0.5715801375 0.5265625 0.5748208781249999 0.5322916671875 0.567413471875 0.5328125 0.5572282859375 0.5294270828125 0.5484319890625 0.5216145828125 0.5475060640625
3 0.7809895828125 0.6425925921875 0.7770833328125 0.6495370375 0.7776041671875 0.6615740734375 0.7809895828125 0.6675925921875 0.7880208328125 0.66898148125 0.7921875 0.6643518515625 0.7932291671875 0.6504629625 0.7888020828125 0.6425925921875 0.7809895828125 0.6425925921875
3 0.1842741640625 0.3138888890625 0.1808887484375 0.32083333281250004 0.1819304140625 0.334722221875 0.1863574984375 0.340740740625 0.19286791406249998 0.34120370312500004 0.1980762484375 0.3356481484375 0.19859708125 0.32083333281250004 0.19156583124999998 0.3120370375 0.1842741640625 0.3138888890625
3 0.5966145828125 0.8817848203124999 0.5921875 0.8905811171875 0.5921875 0.8998403765624999 0.5966145828125 0.9095625984375 0.603125 0.9109514875 0.6072916671875 0.90539593125 0.6083333328125 0.89243296875 0.6044270828125 0.8827107468750001 0.5966145828125 0.8817848203124999
3 0.5565104171875 0.9009259265624999 0.5515625 0.9078703703125001 0.5505208328125 0.91898148125 0.55390625 0.9296296296875 0.5619791671875001 0.93101851875 0.565625 0.9263888890624999 0.5666666671875 0.9125 0.5622395828125 0.9018518515625 0.5565104171875 0.9009259265624999
3 0.72578125 0.8095431015625 0.7208333328125 0.8164875453124999 0.7208333328125 0.8294505078125001 0.7247395828125 0.837320878125 0.7307291671875 0.8387097671875001 0.7359375 0.8340801375 0.7375 0.8229690265625 0.7330729171875 0.811394953125 0.72578125 0.8095431015625
3 0.70546875 0.8490740734375001 0.7010416671875 0.85694444375 0.7010416671875 0.8680555562500001 0.7049479171875 0.8768518515625001 0.7125 0.878240740625 0.7171875 0.871759259375 0.7171875 0.8578703703125001 0.7127604171875 0.85 0.70546875 0.8490740734375001
3 0.7252604171875 0.852777778125 0.7208333328125 0.8578703703125001 0.7197916671875 0.871759259375 0.72578125 0.8824074078124999 0.7317708328125 0.8819444437499999 0.7359375 0.8763888890624999 0.7359375 0.8643518515625 0.7325520828125 0.85555555625 0.7252604171875 0.852777778125
3 0.7393229171875 0.8771354109375 0.7348958328124999 0.8822280031249999 0.7338541671875001 0.8933391140625 0.7393229171875 0.9049131890625001 0.7458333328125 0.9053761515625001 0.75 0.8988946703125 0.7494791671875001 0.8859317078125001 0.7450520828125 0.8780613374999999 0.7393229171875 0.8771354109375