3 0.2015625 0.03984375 0.01953125 0.0265625
3 0.23046875 0.2953125 0.0203125 0.02421875
3 0.2234375 0.3265625 0.01953125 0.02421875
3 0.1671875 0.38046875 0.01953125 0.025
3 0.1609375 0.5 0.01953125 0.025
0 0.2046875 0.62578125 0.02109375 0.02578125
3 0.515625 0.79921875 0.01953125 0.0265625
3 0.76796875 0.7828125 0.01953125 0.0265625
0 0.78515625 0.8609375 0.0203125 0.02578125
0 0.80078125 0.84296875 0.02109375 0.0265625
3 0.94375 0.61484375 0.02109375 0.0234375
0 0.82734375 0.3859375 0.02109375 0.02578125
2 0.19770561874999998 0.3906713046875 0.1992336421875 0.39974536875 0.20228968906250003 0.4056713109375 0.2084017828125 0.4095601828125 0.21798667031250002 0.4103009328125 0.22701589531250002 0.40993055156249997 0.23673969687500002 0.40974537499999997 0.2391011859375 0.3734490765625 0.2281272 0.3734490765625 0.2178477546875 0.3730787078125 0.20689236093750002 0.3725231484375 0.2018729515625 0.376597225 0.1989558203125 0.3832638921875 0.19770561874999998 0.3906713046875
1 0.2765625 0.35 0.2625 0.3625 0.240625 0.3645833328125 0.234375 0.375 0.20625 0.3729166671875 0.2 0.3770833328125 0.196875 0.3958333328125 0.203125 0.41041666718750003 0.2328125 0.4125 0.2625 0.4270833328125 0.2765625 0.4479166671875 0.3390625 0.4583333328125 0.34375 0.47083333281249995 0.3734375 0.475 0.3765625 0.4604166671875 0.3859375 0.4583333328125 0.3890625 0.45 0.428125 0.45416666718750004 0.43125 0.425 0.440625 0.40416666718750005 0.4328125 0.3729166671875 0.4328125 0.3416666671875 0.4171875 0.3416666671875 0.4140625 0.33541666718749996 0.39375 0.3416666671875 0.3890625 0.33541666718749996 0.384375 0.34375 0.353125 0.3395833328125 0.2765625 0.35