1 0.37265625 0.51875 0.3609375 0.5135416671875 0.3640625 0.46979166718750004 0.34453125 0.4479166671875 0.32890625 0.45208333281249996 0.28046875 0.39791666718749996 0.25390625 0.3958333328125 0.21640625 0.3583333328125 0.19765625 0.3583333328125 0.1890625 0.38229166718749996 0.2234375 0.4447916671875 0.2265625 0.4760416671875 0.2703125 0.5489583328125 0.3078125 0.5864583328124999 0.3 0.603125 0.315625 0.6260416671875 0.3390625 0.634375 0.3734375 0.6010416671875001 0.3765625 0.5739583328125 0.390625 0.546875 0.37265625 0.51875
2 0.2328125 0.38229166718749996 0.23125 0.378125 0.22578125 0.3708333328125 0.22421875 0.3708333328125 0.21640625 0.3583333328125 0.21328125 0.35625 0.20390625 0.35625 0.19765625 0.3604166671875 0.1921875 0.36770833281250004 0.190625 0.371875 0.190625 0.38229166718749996 0.21015625 0.41041666718750003 0.2125 0.409375 0.21484375 0.40833333281249995 0.2171875 0.40520833281249996 0.2171875 0.403125 0.2328125 0.38229166718749996
0 0.3984375 0.59609375 0.02265625 0.02890625
0 0.5515625 0.09609375 0.02265625 0.03046875
0 0.3953125 0.09453125 0.025 0.03046875
3 0.4796875 0.134375 0.02265625 0.03125
3 0.30859375 0.10078125 0.02109375 0.02890625
3 0.32421875 0.1171875 0.021875 0.02734375
3 0.33046875 0.2625 0.02265625 0.03125
3 0.47578125 0.49921875 0.02265625 0.0328125
3 0.30234375 0.6359375 0.0234375 0.0296875
3 0.24140625 0.68515625 0.0234375 0.0296875
3 0.61953125 0.8078125 0.02265625 0.03046875
3 0.66484375 0.8046875 0.0234375 0.03046875