3 0.184375 0.11953125 0.028125 0.0296875
3 0.16015625 0.27109375 0.02734375 0.028125
3 0.084375 0.4515625 0.025 0.02734375
3 0.0875 0.57265625 0.02421875 0.028125
3 0.6125 0.58984375 0.025 0.0359375
3 0.60234375 0.3734375 0.02421875 0.0296875
0 0.125 0.60234375 0.02578125 0.02734375
1 0.87578125 0.4109375 0.88125 0.40390625 0.8765625 0.35390625 0.85390625 0.315625 0.81328125 0.3015625 0.75703125 0.2921875 0.74453125 0.29375 0.73359375 0.3046875 0.71796875 0.3 0.71015625 0.309375 0.67578125 0.3015625 0.6609375 0.30390625 0.65625 0.32109375 0.66015625 0.3375 0.70234375 0.346875 0.72734375 0.3859375 0.7734375 0.40390625 0.78203125 0.43125 0.8125 0.43515625 0.81796875 0.415625 0.84296875 0.41875 0.85703125 0.4109375 0.87578125 0.4109375
2 0.703125 0.34609375 0.7125 0.31328125 0.66328125 0.3015625 0.65625 0.33515625 0.703125 0.34609375
0 0.42265625 0.78125 0.02734375 0.03125
0 0.15625 0.35390625 0.0265625 0.028125