1 0.7604166671875 0.3421296296875 0.7661458328124999 0.32824074062499997 0.7640625 0.321759259375 0.765625 0.3134259265625 0.7794270828125 0.29351851875 0.7841145828125 0.2824074078125 0.7888020828125 0.28148148125 0.7901041671875 0.28472222187499996 0.7869791671875 0.29305555625 0.7888020828125 0.29722222187499997 0.796875 0.2800925921875 0.7984375 0.26898148125 0.7958333328125 0.2615740734375 0.79375 0.2375 0.8015625 0.2236111109375 0.7994791671875 0.20509259218749998 0.809375 0.1773148140625 0.8088541671874999 0.1625 0.8059895828125001 0.1546296296875 0.79140625 0.15648148125 0.7778645828124999 0.1861111109375 0.7690104171875001 0.1925925921875 0.7643229171875 0.1824074078125 0.7611979171875001 0.1833333328125 0.75703125 0.19444444375 0.7528645828125 0.19444444375 0.74140625 0.177777778125 0.7375 0.18842592656249998 0.7369791671875 0.1986111109375 0.7421875 0.21064814843750002 0.7270833328124999 0.24212962968750001 0.7231770828124999 0.24259259218749998 0.7169270828125 0.23333333281250002 0.7106770828125 0.234259259375 0.696875 0.258796296875 0.6973958328125 0.26805555625 0.7083333328125 0.2791666671875 0.7052083328125 0.2856481484375 0.7046875 0.30046296250000004 0.6921875 0.321759259375 0.6901041671875 0.3356481484375 0.69453125 0.33703703749999997 0.7041666671875 0.3541666671875 0.7057291671875 0.3671296296875 0.71015625 0.3759259265625 0.7247395828125 0.3851851859375 0.73203125 0.3981481484375 0.7390625 0.40231481406249997 0.7572916671875001 0.3754629625 0.7630208328125 0.35601851875 0.7604166671875 0.35046296250000003 0.7604166671875 0.3421296296875
3 0.59921875 0.89453125 0.01796875 0.034375
3 0.49765625 0.1734375 0.015625 0.03125
0 0.81015625 0.146875 0.0125 0.02734375
3 0.7078125 0.8625 0.0171875 0.03125
3 0.525 0.5609375 0.01640625 0.03125
3 0.784375 0.65546875 0.01640625 0.0296875
3 0.51015625 0.115625 0.01640625 0.03046875
3 0.55859375 0.91484375 0.0171875 0.03203125
3 0.190625 0.32578125 0.015625 0.03359375
3 0.728125 0.8234375 0.01796875 0.03046875
3 0.7265625 0.865625 0.015625 0.028125
3 0.740625 0.88984375 0.0171875 0.03515625