3 0.8078125 0.15 0.0171875 0.0296875
3 0.52421875 0.49609375 0.015625 0.0265625
3 0.59921875 0.8953125 0.01796875 0.03515625
3 0.4984375 0.17421875 0.01796875 0.03203125
3 0.740625 0.890625 0.01796875 0.03125
3 0.51015625 0.11484375 0.0171875 0.03359375
0 0.5203125 0.54375 0.015625 0.028125
3 0.35234375 0.78515625 0.01796875 0.03828125
3 0.234375 0.75546875 0.02109375 0.0328125
3 0.20078125 0.334375 0.01875 0.03203125
3 0.18828125 0.353125 0.01875 0.02890625
3 0.534375 0.55390625 0.01640625 0.03046875
1 0.8052083328125 0.46157407343749995 0.8026041671874999 0.440277778125 0.7947916671875 0.42731481406249994 0.7984375 0.41898148125 0.8020833328125001 0.3976851859375 0.8002604171875 0.39351851875 0.7966145828125 0.397222221875 0.7924479171875001 0.3953703703125 0.7856770828124999 0.375 0.77734375 0.3740740734375 0.7755208328125 0.3708333328125 0.765625 0.3365740734375 0.7697916671875 0.32453703749999996 0.7682291671875 0.3125 0.76484375 0.30740740781250003 0.7611979171875001 0.3101851859375 0.75703125 0.30740740781250003 0.7536458328125 0.2995370375 0.7536458328125 0.29305555625 0.7671875 0.26527777812500003 0.7572916671875001 0.22916666718749998 0.7388020828124999 0.2296296296875 0.7140625 0.2541666671875 0.7109375 0.26527777812500003 0.7109375 0.27638888906250003 0.6979166671875 0.30601851875 0.7015625 0.32083333281250004 0.7018229171875 0.3379629625 0.7059895828125 0.3324074078125 0.7096354171875 0.3398148140625 0.71796875 0.33888888906250003 0.7213541671875 0.3421296296875 0.7208333328125 0.35694444375 0.7088541671875 0.38935185156249996 0.709375 0.39398148125 0.7138020828125 0.396296296875 0.7177083328125 0.40601851875 0.71015625 0.409259259375 0.7020833328125 0.4199074078125 0.7010416671875 0.4375 0.7065104171875001 0.45 0.7127604171875 0.45555555625000005 0.7200520828125 0.4546296296875 0.72578125 0.4453703703125 0.7299479171875001 0.44351851875000003 0.7333333328125 0.459722221875 0.7455729171875001 0.47407407343749997 0.7486979171875 0.48425925937500003 0.7515625 0.48194444374999995 0.7505208328124999 0.47453703750000004 0.7528645828125 0.4731481484375 0.7609375 0.48101851875 0.7611979171875001 0.4916666671875 0.7630208328125 0.4828703703125 0.7651041671875001 0.4828703703125 0.7669270828125 0.5101851859375001 0.7747395828125 0.5101851859375001 0.7809895828125 0.5046296296875 0.79453125 0.540740740625 0.8057291671875 0.5421296296875 0.8125 0.5365740734375 0.815625 0.5236111109375 0.8010416671874999 0.47453703750000004 0.8052083328125 0.46157407343749995