3 0.8078125 0.15 0.01796875 0.03359375
3 0.50234375 0.73203125 0.0171875 0.0328125
3 0.58359375 0.7953125 0.01640625 0.0328125
3 0.528125 0.6140625 0.01640625 0.03125
3 0.56015625 0.78125 0.01640625 0.0296875
3 0.51015625 0.90546875 0.01796875 0.03125
3 0.53125 0.8921875 0.0171875 0.03125
3 0.503125 0.8046875 0.01796875 0.0296875
3 0.721875 0.434375 0.01796875 0.0328125
3 0.60078125 0.8921875 0.01796875 0.03359375
3 0.50078125 0.775 0.01875 0.02890625
0 0.58359375 0.88359375 0.01640625 0.03125
1 0.6747395828125 0.7629629625 0.67890625 0.765740740625 0.6825520828125 0.75648148125 0.6986979171875001 0.7518518515625 0.7122395828125 0.74351851875 0.73359375 0.7212962968750001 0.7369791671875 0.715277778125 0.73828125 0.7009259265625001 0.7559895828125 0.6870370375 0.7731770828125 0.6870370375 0.7846354171875001 0.6796296296875 0.7864583328125 0.6773148140624999 0.7864583328125 0.6634259265625 0.7940104171875 0.6564814812499999 0.79609375 0.6555555562500001 0.7994791671875 0.666203703125 0.8111979171874999 0.6861111109375 0.8278645828125001 0.675 0.8330729171875 0.66944444375 0.8348958328125 0.6625 0.828125 0.641203703125 0.8276041671875 0.633796296875 0.8307291671874999 0.61898148125 0.8270833328125 0.6013888890625 0.81953125 0.5879629625 0.8091145828125 0.5851851859375 0.7966145828125 0.5583333328125 0.7934895828124999 0.5583333328125 0.7815104171875 0.571296296875 0.76875 0.566203703125 0.76875 0.5745370375000001 0.775 0.5856481484375 0.7770833328125 0.60694444375 0.78125 0.6134259265625001 0.77265625 0.6240740734375 0.7690104171875001 0.6231481484375 0.7661458328124999 0.6125 0.76171875 0.6083333328125 0.7450520828125 0.6046296296875 0.7216145828125 0.609259259375 0.7171875 0.6245370375 0.7091145828125 0.6324074078125 0.7041666671875 0.628240740625 0.7067708328125 0.621759259375 0.7067708328125 0.6143518515624999 0.7018229171875 0.5990740734375 0.69453125 0.5962962968750001 0.68671875 0.6 0.6791666671875001 0.6134259265625001 0.6815104171875 0.6370370375000001 0.66484375 0.6416666671875 0.6677083328125 0.6495370375 0.66328125 0.6601851859375001 0.659375 0.6625 0.6591145828125 0.6703703703125 0.6546875 0.6699074078125 0.6588541671875 0.6634259265625 0.6578125 0.6486111109375 0.6549479171875 0.647222221875 0.6510416671875 0.6560185187500001 0.6489583328124999 0.690277778125 0.6388020828125 0.6916666671875 0.6364583328125 0.6958333328124999 0.6364583328125 0.70694444375 0.6411458328124999 0.7189814812499999 0.6130208328125 0.74398148125 0.6135416671875 0.758796296875 0.6177083328124999 0.7745370375 0.6244791671875001 0.7800925921874999 0.6502604171875 0.7620370375000001 0.6606770828124999 0.7620370375000001 0.6669270828125 0.7490740734375 0.6747395828125 0.7629629625