3 0.64921875 0.4953125 0.01875 0.0328125
3 0.45 0.3671875 0.0140625 0.03046875
3 0.60234375 0.590625 0.0140625 0.0296875
3 0.58984375 0.6265625 0.01640625 0.02890625
3 0.4203125 0.40703125 0.01484375 0.02734375
3 0.70390625 0.8453125 0.01484375 0.0296875
3 0.5046875 0.3640625 0.01875 0.0328125
3 0.62890625 0.41796875 0.01484375 0.0296875
3 0.53125 0.58359375 0.0140625 0.02578125
0 0.778125 0.7640625 0.01875 0.03125
3 0.63828125 0.1125 0.0171875 0.0328125
3 0.66796875 0.4296875 0.0203125 0.03515625
1 0.2401041671875 0.925657925 0.24244791718749997 0.91871348125 0.2549479171875 0.91871348125 0.2575520828125 0.9279727390625 0.2638020828125 0.9298245921875001 0.2747395828125 0.9177875546875001 0.2986979171875 0.909454221875 0.31015625 0.9307505171875 0.32369791718749996 0.9307505171875 0.3361979171875 0.9270468140625001 0.34036458281250004 0.91963940625 0.3606770828125 0.9150097765625 0.3721354171875 0.9048245921875001 0.3763020828125 0.9140838515624999 0.3856770828125 0.8918616281249999 0.39140625 0.8863060734375001 0.3981770828125 0.8872319984375 0.40390625 0.8751949625 0.43828125 0.865935703125 0.4427083328125 0.8478801468749999 0.44166666718750003 0.8293616281249999 0.43776041718750003 0.822417184375 0.40442708281249995 0.8270468140625 0.40416666718750005 0.8080653328125 0.40078125 0.8001949625 0.3903645828125 0.8048245921875001 0.38515625 0.7983431109375 0.37838541718749996 0.7992690359375 0.3768229171875 0.79371348125 0.37421875 0.797417184375 0.36484375 0.797417184375 0.3640625 0.7904727390625 0.37161458281250004 0.7779727390625 0.3768229171875 0.778898665625 0.38125 0.771954221875 0.3809895828125 0.765935703125 0.3752604171875 0.7640838515625 0.36875 0.7673245921875 0.3640625 0.7867690359374999 0.3580729171875 0.7955653328125 0.34921875 0.79371348125 0.33573300625 0.7980902859375 0.3391205015625 0.7705470796875 0.33068092031249996 0.7656766390625 0.3194642828125 0.765695784375 0.3092548625 0.770826121875 0.30968240156250004 0.797715253125 0.3145833328125 0.8136208875 0.31015625 0.816861628125 0.30026041718749996 0.8122319984375 0.29453125 0.803898665625 0.2825520828125 0.8113060734375 0.2674479171875 0.8242690359375 0.2638020828125 0.834454221875 0.2596354171875 0.8372319984375001 0.2557291671875 0.8451023687499999 0.25625 0.8580653328125001 0.25390625 0.8613060734375001 0.24453125 0.8640838515624999 0.24114583281250002 0.8617690359375001 0.24114583281250002 0.8358431109375 0.2377604171875 0.822417184375 0.21744791718749998 0.8279727390625 0.21015625 0.8279727390625 0.20807291718749998 0.8242690359375 0.20572916718749998 0.834917184375 0.20729166718749997 0.8423245921875001 0.20677083281250003 0.8701023687499999 0.2049479171875 0.8742690359375 0.20026041718749998 0.8733431109375 0.1973958328125 0.8775097765625001 0.1973958328125 0.9163986656249999 0.20026041718749998 0.9261208875 0.2125 0.9265838515624999 0.209375 0.9293616281249999 0.209375 0.9358431109375 0.2109375 0.9636208875 0.2130208328125 0.9654727390625 0.21588541718749998 0.9613060734375001 0.23671875 0.9557505171875 0.2390625 0.950657925 0.2401041671875 0.925657925