3 0.55390625 0.2328125 0.01796875 0.03203125
3 0.49296875 0.571875 0.0171875 0.034375
3 0.55546875 0.91640625 0.0171875 0.0296875
3 0.553125 0.37265625 0.0171875 0.0296875
3 0.49140625 0.640625 0.01796875 0.0328125
3 0.74140625 0.63046875 0.0171875 0.0296875
3 0.60859375 0.48046875 0.01875 0.0296875
3 0.190625 0.32734375 0.01953125 0.03046875
0 0.5890625 0.14375 0.0171875 0.03046875
3 0.52109375 0.4921875 0.015625 0.02734375
3 0.51328125 0.4671875 0.0171875 0.02890625
3 0.51015625 0.1140625 0.01640625 0.03359375
1 0.27421875 0.6574074078125001 0.2765625 0.6513888890625 0.2744791671875 0.621759259375 0.2794270828125 0.6148148140624999 0.2877604171875 0.6148148140624999 0.2903645828125 0.61944444375 0.2950520828125 0.6203703703125 0.2981770828125 0.6361111109375 0.31640625 0.6296296296875 0.3377604171875 0.63055555625 0.3375 0.6421296296875 0.34140625 0.646296296875 0.34713541718749996 0.6425925921875 0.3622395828125 0.6425925921875 0.3690104171875 0.6324074078125 0.3731770828125 0.6370370375000001 0.37265625 0.621296296875 0.37578125 0.6259259265625 0.38619791718749996 0.6240740734375 0.40026041718750005 0.6083333328125 0.4075520828125 0.6111111109375 0.4127604171875 0.6083333328125 0.41041666718750003 0.6004629625 0.41484375 0.597222221875 0.42005208281249995 0.5981481484375 0.42369791718750005 0.60555555625 0.42760416718750005 0.5995370375 0.4270833328125 0.5930555562500001 0.4309895828125 0.5833333328125 0.46276041718750005 0.575 0.4671875 0.559722221875 0.46510416718750003 0.5421296296875 0.46119791718750003 0.5361111109375 0.43255208281249996 0.5388888890625 0.42369791718750005 0.527777778125 0.4184895828125 0.5287037031249999 0.41223958281249995 0.5361111109375 0.40625 0.5300925921874999 0.40651041718750003 0.5231481484375 0.3997395828125 0.5259259265625 0.39609375 0.5138888890625 0.3924479171875 0.51851851875 0.38828125 0.509259259375 0.38359375 0.5120370375000001 0.38046875 0.51944444375 0.3791666671875 0.5078703703125 0.3768229171875 0.50648148125 0.37109375 0.51944444375 0.36484375 0.5231481484375 0.3619791671875 0.5097222218749999 0.3575520828125 0.5046296296875 0.34765625 0.5074074078125 0.3372395828125 0.50555555625 0.3333333328125 0.5097222218749999 0.3348958328125 0.5245370375 0.33255208281250004 0.5314814812499999 0.2971354171875 0.5370370375 0.28984375 0.5601851859375 0.2747395828125 0.5666666671875 0.2692708328125 0.558796296875 0.26640625 0.5296296296875 0.26328125 0.527777778125 0.2591145828125 0.5324074078125001 0.24453125 0.5351851859375001 0.23932291718749998 0.5305555562500001 0.2338541671875 0.54398148125 0.2359375 0.5625 0.2348958328125 0.571759259375 0.22760416718749998 0.578240740625 0.2270833328125 0.6013888890625 0.23020833281250003 0.621759259375 0.2401041671875 0.6263888890625 0.24322916718749998 0.6541666671875 0.24479166718749998 0.6615740734375 0.2479166671875 0.6643518515625 0.25859375 0.6564814812499999 0.26328125 0.6574074078125001 0.2669270828125 0.6638888890625 0.27421875 0.6574074078125001