3 0.45 0.36796875 0.01484375 0.028125
3 0.26953125 0.121875 0.0140625 0.03125
3 0.596875 0.44140625 0.01640625 0.03046875
3 0.50625 0.3640625 0.01484375 0.0265625
3 0.315625 0.07421875 0.01484375 0.03125
3 0.2171875 0.7703125 0.01796875 0.03203125
3 0.1703125 0.06484375 0.01640625 0.03125
3 0.24296875 0.06640625 0.0171875 0.0328125
3 0.5546875 0.540625 0.01640625 0.028125
3 0.1625 0.91171875 0.01640625 0.0328125
0 0.77890625 0.7640625 0.01875 0.0328125
3 0.1734375 0.85234375 0.0171875 0.03046875
1 0.3046875 0.49398148124999997 0.30911458281250004 0.4796296296875 0.3143229171875 0.4768518515625 0.3270833328125 0.4606481484375 0.3239583328125 0.446759259375 0.325 0.4375 0.3213541671875 0.434722221875 0.31979166718749996 0.42453703750000005 0.3088541671875 0.4050925921875 0.3114583328125 0.3986111109375 0.3114583328125 0.38842592656249997 0.3057291671875 0.38194444375000003 0.30416666718749996 0.3708333328125 0.31015625 0.3583333328125 0.31640625 0.3611111109375 0.3184895828125 0.36851851875 0.3260416671875 0.35601851875 0.3223958328125 0.3421296296875 0.3138020828125 0.325 0.30234375 0.33148148125 0.3005208328125 0.32824074062499997 0.2979166671875 0.30046296250000004 0.2911458328125 0.2884259265625 0.28854166718749996 0.27638888906250003 0.28125 0.26527777812500003 0.2791666671875 0.24490740781250003 0.2705729171875 0.23333333281250002 0.26328125 0.234259259375 0.2591145828125 0.24259259218749998 0.2578125 0.23009259218749997 0.2526041671875 0.216203703125 0.24583333281250003 0.18194444375000002 0.23932291718749998 0.171296296875 0.23046875 0.1703703703125 0.22421875 0.1759259265625 0.2208333328125 0.18657407343750002 0.23125 0.246759259375 0.22760416718749998 0.259722221875 0.22760416718749998 0.27638888906250003 0.22239583281250003 0.2791666671875 0.22552083281250002 0.2865740734375 0.22291666718749997 0.30046296250000004 0.23541666718749998 0.353240740625 0.24375 0.36898148124999997 0.2364583328125 0.38101851875000003 0.2416666671875 0.408796296875 0.24765625 0.4203703703125 0.2549479171875 0.42222222187499997 0.25729166718749996 0.43101851875 0.2546875 0.44120370312499996 0.24713541718749998 0.4481481484375 0.2416666671875 0.4606481484375 0.24583333281250003 0.4671296296875 0.25 0.49305555625 0.26015625 0.5129629625 0.2671875 0.51898148125 0.27786458281250004 0.5046296296875 0.29140625 0.50648148125 0.2981770828125 0.502777778125 0.3046875 0.49398148124999997