3 0.38203125 0.8984375 0.0171875 0.0328125
3 0.675 0.5234375 0.01484375 0.028125
3 0.72890625 0.24609375 0.0203125 0.028125
3 0.53359375 0.3 0.015625 0.02734375
3 0.634375 0.71484375 0.015625 0.028125
3 0.69296875 0.57421875 0.015625 0.028125
3 0.76953125 0.24140625 0.01953125 0.02890625
3 0.65703125 0.1515625 0.01875 0.03125
0 0.65703125 0.678125 0.01796875 0.03046875
3 0.490625 0.08125 0.01640625 0.03359375
3 0.44375 0.49296875 0.01796875 0.03125
3 0.4765625 0.0953125 0.015625 0.03203125
1 0.3096354171875 0.5240740734375 0.32421875 0.5259259265625 0.3294270828125 0.5379629625 0.3580729171875 0.5351851859375001 0.36484375 0.5388888890625 0.3671875 0.5356481484375 0.36875 0.5310185187500001 0.3682291671875 0.5023148140625 0.3739583328125 0.490277778125 0.375 0.471759259375 0.3682291671875 0.44768518593750006 0.36484375 0.41203703750000004 0.35494791718749996 0.4138888890625 0.3486979171875 0.41018518593750003 0.3377604171875 0.415740740625 0.33203125 0.415740740625 0.3294270828125 0.41203703750000004 0.3255208328125 0.41805555625 0.3221354171875 0.44444444375 0.31796875 0.4370370375 0.31171875 0.4379629625 0.3098958328125 0.43379629687500004 0.3098958328125 0.41898148125 0.3033854171875 0.41111111093749997 0.2825520828125 0.41111111093749997 0.28177083281250004 0.4236111109375 0.2791666671875 0.4328703703125 0.2763020828125 0.43518518593750005 0.2658854171875 0.42592592656250006 0.2549479171875 0.4240740734375 0.23567708281250002 0.4268518515625 0.23046875 0.43148148124999997 0.22265625 0.4296296296875 0.2130208328125 0.440277778125 0.20442708281250002 0.4675925921875 0.20234375 0.459259259375 0.1736979171875 0.4583333328125 0.1690104171875 0.4620370375 0.16458333281249998 0.47453703750000004 0.16458333281249998 0.4893518515625 0.16953125 0.5 0.1747395828125 0.502777778125 0.2075520828125 0.502777778125 0.2104166671875 0.508796296875 0.21197916718749998 0.5236111109375 0.21953125 0.5314814812499999 0.23567708281250002 0.5240740734375 0.2466145828125 0.534259259375 0.27578125 0.5314814812499999 0.2802083328125 0.54398148125 0.2791666671875 0.5504629624999999 0.2825520828125 0.5546296296875 0.3026041671875 0.5541666671875001 0.30625 0.5513888890625 0.30520833281250004 0.534722221875 0.3067708328125 0.5263888890625 0.3096354171875 0.5240740734375