3 0.6484375 0.49609375 0.015625 0.0296875
3 0.45 0.3671875 0.01484375 0.03046875
3 0.4203125 0.40703125 0.01484375 0.02578125
3 0.703125 0.8453125 0.01484375 0.03046875
3 0.60234375 0.58984375 0.0140625 0.0296875
3 0.62890625 0.41796875 0.01640625 0.0328125
3 0.58984375 0.6265625 0.015625 0.028125
3 0.50546875 0.3640625 0.0171875 0.03203125
3 0.53125 0.58359375 0.01328125 0.025
3 0.63828125 0.1140625 0.01796875 0.03359375
3 0.66640625 0.42734375 0.01640625 0.03125
0 0.77890625 0.7640625 0.015625 0.03046875
1 0.25546875 0.8444444437499999 0.2578125 0.8375 0.2552083328125 0.816203703125 0.25078125 0.8046296296875 0.24479166718749998 0.8023148140625 0.26223958281250004 0.7925925921875 0.2705729171875 0.797222221875 0.2713541671875 0.7949074078125 0.2669270828125 0.7861111109375 0.2518229171875 0.7851851859375001 0.2479166671875 0.7773148140624999 0.24739583281250002 0.7541666671875 0.23958333281250002 0.7300925921875 0.24088541718749998 0.725 0.2518229171875 0.7185185187500001 0.2552083328125 0.7115740734375 0.2546875 0.6986111109375 0.2494791671875 0.678240740625 0.24348958281250002 0.671296296875 0.2361979171875 0.6759259265625001 0.2286458328125 0.683796296875 0.2265625 0.696759259375 0.22369791718749998 0.6990740734374999 0.2171875 0.683796296875 0.21770833281250002 0.6763888890625 0.22135416718749998 0.6699074078125 0.22005208281250002 0.665740740625 0.20182291718749998 0.6537037031249999 0.1924479171875 0.652777778125 0.1825520828125 0.64351851875 0.17265625 0.6481481484375 0.1692708328125 0.6421296296875 0.18203125 0.625 0.1875 0.609722221875 0.1776041671875 0.5800925921875 0.17630208281249998 0.5648148140625 0.1721354171875 0.5638888890625 0.1622395828125 0.5768518515625 0.15286458281249998 0.5833333328125 0.14921875 0.584259259375 0.1455729171875 0.5759259265625001 0.1408854171875 0.575 0.1263020828125 0.5861111109375 0.1171875 0.5995370375 0.1171875 0.6078703703125 0.1096354171875 0.6148148140624999 0.10052083281249999 0.6319444437499999 0.09895833281250001 0.6421296296875 0.1067708328125 0.6569444437499999 0.1138020828125 0.6796296296875 0.1325520828125 0.6666666671875 0.13723958281249998 0.66851851875 0.1421875 0.6773148140624999 0.1375 0.6958333328124999 0.1385416671875 0.7013888890625 0.14401041718750002 0.7101851859375 0.1533854171875 0.7074074078125 0.1578125 0.7180555562500001 0.1614583328125 0.733796296875 0.165625 0.7754629625 0.171875 0.7949074078125 0.1703125 0.803240740625 0.16458333281249998 0.809722221875 0.1630208328125 0.821759259375 0.1669270828125 0.8259259265625 0.1671875 0.8143518515625001 0.1731770828125 0.8120370375 0.1833333328125 0.8375 0.1809895828125 0.8425925921875 0.175 0.8439814812499999 0.1765625 0.8578703703125001 0.18046875 0.8620370375 0.18411458281249998 0.8462962968750001 0.1888020828125 0.8490740734375001 0.1924479171875 0.8453703703125001 0.19609375 0.8583333328125 0.2052083328125 0.8652777781250001 0.19765625 0.871296296875 0.18671875 0.872222221875 0.20078125 0.8740740734375001 0.21588541718749998 0.86851851875 0.23541666718749998 0.9226851859374999 0.24088541718749998 0.93148148125 0.2479166671875 0.93194444375 0.25833333281250004 0.91805555625 0.2614583328125 0.9013888890624999 0.24635416718749997 0.8513888890624999 0.25546875 0.8444444437499999