3 0.74609375 0.40703125 0.015625 0.03046875
3 0.4609375 0.91796875 0.01796875 0.034375
0 0.809375 0.14609375 0.0171875 0.03125
3 0.19609375 0.2203125 0.01796875 0.02890625
3 0.40390625 0.19140625 0.0171875 0.03046875
3 0.6296875 0.14609375 0.0171875 0.03203125
3 0.7 0.3234375 0.01796875 0.028125
3 0.528125 0.59609375 0.01640625 0.0265625
3 0.49375 0.91796875 0.0171875 0.0296875
3 0.20078125 0.9265625 0.01953125 0.03125
3 0.18984375 0.90703125 0.0171875 0.0328125
1 0.4244791671875 0.5171296296875 0.425 0.5097222218749999 0.41822916718750003 0.5041666671875 0.41770833281249997 0.4865740734375 0.4205729171875 0.48333333281249996 0.4231770828125 0.490740740625 0.42604166718750003 0.48842592656250006 0.4192708328125 0.47361111093749997 0.42786458281249995 0.4620370375 0.43567708281249995 0.4601851859375 0.43932291718750005 0.46388888906250003 0.4401041671875 0.446759259375 0.42994791718750003 0.4379629625 0.4291666671875 0.440277778125 0.4328125 0.4458333328125 0.4328125 0.45324074062499997 0.4234375 0.4550925921875 0.42083333281249996 0.4384259265625 0.4244791671875 0.4328703703125 0.4192708328125 0.42731481406249994 0.41614583281249995 0.4125 0.4270833328125 0.3986111109375 0.4213541671875 0.3634259265625 0.42005208281249995 0.35925925937500003 0.4075520828125 0.3611111109375 0.4057291671875 0.3578703703125 0.3963541671875 0.303240740625 0.38828125 0.2916666671875 0.3846354171875 0.2888888890625 0.38046875 0.290740740625 0.3770833328125 0.2791666671875 0.3760416671875 0.271759259375 0.37838541718749996 0.2648148140625 0.3924479171875 0.25740740781250004 0.3958333328125 0.2513888890625 0.3916666671875 0.24212962968750001 0.3880208328125 0.2236111109375 0.3890625 0.20972222187499998 0.38046875 0.2046296296875 0.3684895828125 0.21111111093749999 0.3606770828125 0.1981481484375 0.34453125 0.20370370312500002 0.3380208328125 0.20972222187499998 0.3361979171875 0.22685185156249998 0.3174479171875 0.2370370375 0.3166666671875 0.24490740781250003 0.32083333281250004 0.2513888890625 0.3239583328125 0.26342592656249997 0.321875 0.2791666671875 0.32421875 0.2870370375 0.3294270828125 0.2888888890625 0.3440104171875 0.28148148125 0.3494791671875 0.28472222187499996 0.3505208328125 0.30046296250000004 0.3458333328125 0.30694444375 0.34322916718749996 0.31990740781250004 0.34322916718749996 0.3291666671875 0.3526041671875 0.36990740781250003 0.35208333281250004 0.38101851875000003 0.34322916718749996 0.391203703125 0.346875 0.4254629625 0.34921875 0.43333333281249997 0.3572916671875 0.43194444374999996 0.3583333328125 0.446759259375 0.3552083328125 0.4550925921875 0.3614583328125 0.4625 0.36770833281250004 0.4875 0.3731770828125 0.48703703750000005 0.37447916718749996 0.490277778125 0.3731770828125 0.5018518515625 0.36666666718749996 0.5023148140625 0.3807291671875 0.5097222218749999 0.3817708328125 0.516203703125 0.3791666671875 0.5300925921874999 0.3841145828125 0.5379629625 0.38828125 0.534259259375 0.3927083328125 0.541203703125 0.4 0.5884259265625 0.40390625 0.5944444437499999 0.4140625 0.5949074078125001 0.42395833281249995 0.5856481484375 0.41770833281249997 0.5254629625 0.42005208281249995 0.5175925921875 0.4244791671875 0.5171296296875