3 0.45078125 0.36796875 0.015625 0.028125
3 0.175 0.06953125 0.0203125 0.03125
3 0.27109375 0.12265625 0.01953125 0.03359375
3 0.315625 0.07265625 0.01875 0.034375
3 0.5046875 0.3640625 0.01796875 0.03046875
3 0.55625 0.54140625 0.01875 0.03203125
3 0.596875 0.43984375 0.0171875 0.03125
3 0.2421875 0.0671875 0.01875 0.03359375
3 0.21953125 0.77265625 0.021875 0.03671875
0 0.778125 0.7640625 0.01953125 0.03125
3 0.1625 0.9109375 0.02109375 0.03515625
3 0.175 0.8515625 0.0203125 0.0328125
1 0.28203125 0.4888888890625 0.2848958328125 0.4773148140625 0.2911458328125 0.47083333281249995 0.2981770828125 0.45277777812500003 0.309375 0.471759259375 0.3088541671875 0.48194444374999995 0.31015625 0.48518518593750004 0.31171875 0.48333333281249996 0.3177083328125 0.47453703750000004 0.3088541671875 0.446759259375 0.32083333281250004 0.415277778125 0.32578125 0.4074074078125 0.3330729171875 0.4175925921875 0.33828125 0.41851851875 0.34140625 0.4166666671875 0.3494791671875 0.40046296249999996 0.35208333281250004 0.38194444375000003 0.3434895828125 0.36851851875 0.3348958328125 0.3634259265625 0.3372395828125 0.352777778125 0.3453125 0.346759259375 0.3463541671875 0.334722221875 0.3463541671875 0.3125 0.3390625 0.2865740734375 0.3390625 0.2791666671875 0.34140625 0.2759259265625 0.35703125 0.28796296250000003 0.36328125 0.2833333328125 0.3682291671875 0.26527777812500003 0.3776041671875 0.24398148125 0.36015625 0.22407407343750002 0.35989583281250004 0.20879629687499998 0.3578125 0.203240740625 0.34609375 0.1879629625 0.3388020828125 0.184259259375 0.3294270828125 0.1861111109375 0.3184895828125 0.17314814843749998 0.31484375 0.17314814843749998 0.3078125 0.178240740625 0.3010416671875 0.20416666718749998 0.2953125 0.216203703125 0.3111979171875 0.2370370375 0.3125 0.24583333281250003 0.3096354171875 0.253703703125 0.30234375 0.2546296296875 0.2979166671875 0.26527777812500003 0.2979166671875 0.2726851859375 0.3010416671875 0.2800925921875 0.29765625 0.2898148140625 0.2908854171875 0.29907407343750003 0.28671875 0.29444444375 0.2830729171875 0.2953703703125 0.27395833281250004 0.3106481484375 0.2697916671875 0.3226851859375 0.2692708328125 0.3356481484375 0.2494791671875 0.3828703703125 0.25625 0.3986111109375 0.24322916718749998 0.4078703703125 0.2479166671875 0.42268518593750004 0.2479166671875 0.428240740625 0.24322916718749998 0.4393518515625 0.24583333281250003 0.446759259375 0.2453125 0.45324074062499997 0.2364583328125 0.48379629687500003 0.23020833281250003 0.49768518593750005 0.2270833328125 0.5171296296875 0.23307291718749998 0.5296296296875 0.24375 0.5356481484375 0.24765625 0.5351851859375001 0.2515625 0.5291666671875 0.2669270828125 0.48518518593750004 0.28203125 0.4888888890625