3 0.5984375 0.68125 0.01796875 0.03046875
3 0.44375 0.49375 0.0171875 0.028125
3 0.24140625 0.28515625 0.01796875 0.034375
3 0.45 0.43984375 0.01640625 0.03046875
3 0.478125 0.3921875 0.01640625 0.0328125
3 0.45390625 0.15234375 0.01640625 0.0328125
3 0.4796875 0.49296875 0.015625 0.02890625
3 0.740625 0.1328125 0.0171875 0.03203125
3 0.68359375 0.30859375 0.01640625 0.03046875
3 0.6484375 0.64375 0.015625 0.03046875
0 0.72109375 0.625 0.01796875 0.028125
3 0.63203125 0.63203125 0.01640625 0.0265625