3 0.18984375 0.14453125 0.01953125 0.03125
3 0.28984375 0.51796875 0.01796875 0.03203125
3 0.36328125 0.4703125 0.01875 0.03125
3 0.24140625 0.284375 0.01796875 0.0296875
3 0.3484375 0.70859375 0.01640625 0.03203125
3 0.21171875 0.68984375 0.01953125 0.03984375
3 0.3734375 0.6109375 0.01796875 0.0359375
3 0.18046875 0.06484375 0.01953125 0.0296875
0 0.24453125 0.56484375 0.01953125 0.03046875
3 0.16875 0.5171875 0.02109375 0.0328125
3 0.19765625 0.071875 0.01796875 0.0359375
3 0.46171875 0.1140625 0.01875 0.03359375