3 0.18984375 0.1421875 0.02265625 0.0359375
3 0.36328125 0.471875 0.01875 0.02890625
3 0.29140625 0.51796875 0.0203125 0.03359375
3 0.3484375 0.70859375 0.02109375 0.03984375
3 0.240625 0.2859375 0.01796875 0.03515625
3 0.20390625 0.065625 0.0203125 0.034375
3 0.2078125 0.69765625 0.02109375 0.0359375
3 0.37421875 0.60546875 0.01875 0.03359375
3 0.1671875 0.50546875 0.02109375 0.034375
0 0.24375 0.565625 0.0203125 0.028125
3 0.1859375 0.0671875 0.01953125 0.03359375
3 0.46171875 0.11640625 0.01953125 0.03828125