3 0.68515625 0.55546875 0.01796875 0.02890625
3 0.44375 0.49296875 0.01875 0.028125
3 0.53828125 0.08984375 0.0171875 0.03125
3 0.47890625 0.09921875 0.0171875 0.03203125
3 0.42578125 0.1265625 0.01796875 0.0328125
3 0.328125 0.15859375 0.01953125 0.0359375
3 0.30703125 0.1234375 0.0171875 0.0328125
3 0.2890625 0.12578125 0.01796875 0.0328125
0 0.640625 0.7015625 0.0171875 0.03203125
1 0.6190104171875 0.34444444375 0.6278645828125 0.3425925921875 0.6377604171875 0.3351851859375 0.6416666671875 0.32824074062499997 0.6395833328125 0.3115740734375 0.6328125 0.30046296250000004 0.63828125 0.2953703703125 0.6513020828125 0.29907407343750003 0.67421875 0.2796296296875 0.6822916671875 0.26527777812500003 0.6877604171875 0.2416666671875 0.6950520828125 0.2398148140625 0.70546875 0.26944444375 0.7221354171875001 0.25648148125 0.7294270828125 0.25648148125 0.7322916671875 0.24398148125 0.728125 0.2226851859375 0.7338541671875001 0.2125 0.7338541671875001 0.20138888906250002 0.7286458328125 0.17361111093749998 0.7177083328125 0.16805555625 0.71015625 0.13888888906250002 0.69765625 0.15092592656249998 0.68671875 0.15277777812499999 0.6848958328125 0.1699074078125 0.6880208328124999 0.19120370312499999 0.6856770828125 0.196296296875 0.68203125 0.1981481484375 0.6768229171875 0.1925925921875 0.66171875 0.1916666671875 0.6544270828125 0.19537037031249999 0.6377604171875 0.21296296250000002 0.6278645828125 0.2175925921875 0.6234375 0.215277778125 0.6200520828125 0.2018518515625 0.61328125 0.2018518515625 0.60078125 0.209259259375 0.5950520828125 0.22407407343750002 0.5809895828125 0.23333333281250002 0.5690104171875 0.2509259265625 0.56484375 0.25 0.5619791671875001 0.25601851875000003 0.56015625 0.2731481484375 0.54921875 0.272222221875 0.5434895828124999 0.2870370375 0.51796875 0.3018518515625 0.5135416671875 0.309722221875 0.5145833328125 0.3263888890625 0.52109375 0.3425925921875 0.5502604171875001 0.328703703125 0.55546875 0.3425925921875 0.5596354171875 0.34351851875 0.5653645828125 0.33055555625 0.5731770828125 0.32777777812500003 0.5768229171875 0.3425925921875 0.58046875 0.3333333328125 0.5841145828125 0.33703703749999997 0.5955729171875 0.3351851859375 0.596875 0.3513888890625 0.5973958328125 0.3375 0.6075520828125 0.325 0.6122395828125 0.32592592656249997 0.6190104171875 0.34444444375
3 0.38125 0.8984375 0.0171875 0.03125
3 0.171875 0.86015625 0.0203125 0.034375
3 0.17265625 0.903125 0.0203125 0.03125