3 0.71875 0.8984375 0.01953125 0.03046875
3 0.78828125 0.5953125 0.01796875 0.02890625
3 0.3390625 0.428125 0.01796875 0.0296875
3 0.6328125 0.83359375 0.01640625 0.02734375
3 0.1984375 0.2203125 0.01796875 0.03359375
3 0.40703125 0.19296875 0.01640625 0.0296875
3 0.5296875 0.59921875 0.01484375 0.03046875
3 0.58046875 0.89140625 0.01796875 0.034375
3 0.19609375 0.07109375 0.01953125 0.03359375
3 0.4828125 0.91484375 0.01875 0.03203125
1 0.6046875 0.4393518515625 0.6052083328125 0.43194444374999996 0.61171875 0.4240740734375 0.6171875 0.4254629625 0.6174479171875 0.4361111109375 0.6252604171875 0.43518518593750005 0.6278645828125 0.440740740625 0.62890625 0.43148148124999997 0.6502604171875 0.4166666671875 0.6549479171875 0.4166666671875 0.65625 0.42453703750000005 0.6591145828125 0.4268518515625 0.67109375 0.41944444374999995 0.6817708328125 0.4050925921875 0.6765625 0.38842592656249997 0.6729166671875 0.383796296875 0.7158854171875 0.35648148125 0.7260416671875001 0.3291666671875 0.7278645828125 0.31851851875000003 0.7372395828125 0.3129629625 0.74375 0.333796296875 0.7486979171875 0.3379629625 0.7721354171875 0.31944444375000003 0.7734375 0.3143518515625 0.7697916671875 0.3078703703125 0.7671875 0.29305555625 0.7671875 0.2865740734375 0.771875 0.2800925921875 0.7682291671875 0.2578703703125 0.7622395828124999 0.24351851875000002 0.7518229171875 0.24259259218749998 0.7442708328125 0.21805555625 0.7393229171875 0.21574074062499998 0.7359375 0.22638888906250001 0.73046875 0.23240740781250002 0.7140625 0.23472222187499997 0.7140625 0.240277778125 0.7203125 0.24953703749999998 0.7239583328125 0.26527777812500003 0.7234375 0.271759259375 0.7184895828125 0.27870370312500004 0.6903645828125 0.26944444375 0.6856770828125 0.27777777812500004 0.6638020828125 0.3 0.6591145828125 0.309259259375 0.6557291671875001 0.30601851875 0.65078125 0.2888888890625 0.6424479171875 0.2925925921875 0.62734375 0.30648148124999997 0.6265625 0.321759259375 0.6075520828125 0.3416666671875 0.6002604171875 0.3638888890625 0.5924479171875 0.372222221875 0.584375 0.36805555624999997 0.5822916671875 0.391203703125 0.5794270828125 0.3990740734375 0.5557291671875 0.4199074078125 0.5567708328125 0.4365740734375 0.5604166671875 0.44768518593750006 0.5661458328125 0.45324074062499997 0.5888020828125 0.434259259375 0.59296875 0.43518518593750005 0.60078125 0.44444444375 0.6046875 0.4393518515625