3 0.553125 0.23125 0.015625 0.02890625
3 0.49296875 0.57265625 0.01640625 0.0328125
3 0.55859375 0.9171875 0.0171875 0.0296875
3 0.4921875 0.64140625 0.01875 0.03125
3 0.19140625 0.328125 0.01953125 0.0375
3 0.74140625 0.63125 0.015625 0.03046875
3 0.60703125 0.48125 0.015625 0.0265625
0 0.58828125 0.1421875 0.01796875 0.03046875
3 0.54921875 0.37421875 0.015625 0.02890625
3 0.5140625 0.4671875 0.01796875 0.0296875
3 0.5109375 0.1140625 0.01796875 0.0296875
3 0.521875 0.49140625 0.01484375 0.025
1 0.2765625 0.6476851859375 0.2744791671875 0.6199074078125 0.2830729171875 0.6138888890625 0.28828125 0.6148148140624999 0.2986979171875 0.634259259375 0.30234375 0.6351851859375001 0.30859375 0.6296296296875 0.33932291718749996 0.6268518515625 0.3380208328125 0.6375 0.34140625 0.6453703703125 0.36328125 0.6425925921875 0.3661458328125 0.6291666671875 0.3630208328125 0.6208333328125 0.3645833328125 0.6171296296875 0.36484375 0.5694444437499999 0.36666666718749996 0.571759259375 0.3651041671875 0.583796296875 0.36666666718749996 0.621759259375 0.37265625 0.61944444375 0.3747395828125 0.6231481484375 0.3809895828125 0.6240740734375 0.3924479171875 0.6166666671875001 0.40026041718750005 0.6 0.40442708281249995 0.6009259265625 0.41796875 0.5935185187500001 0.42369791718750005 0.5981481484375 0.43203125 0.5824074078125 0.46276041718750005 0.5740740734374999 0.46666666718750005 0.565277778125 0.465625 0.5458333328125 0.46171875 0.5361111109375 0.43255208281249996 0.5398148140625 0.42369791718750005 0.5296296296875 0.42005208281249995 0.5379629625 0.41692708281249996 0.534259259375 0.41171875 0.5370370375 0.40703125 0.5324074078125001 0.4028645828125 0.5388888890625 0.4010416671875 0.5365740734375 0.4036458328125 0.5300925921874999 0.3966145828125 0.5296296296875 0.3963541671875 0.5236111109375 0.3924479171875 0.51851851875 0.3846354171875 0.5148148140625 0.38046875 0.5203703703125 0.3768229171875 0.5148148140625 0.37265625 0.5268518515625 0.36328125 0.5203703703125 0.3614583328125 0.508796296875 0.3533854171875 0.5018518515625 0.3330729171875 0.5083333328124999 0.3328125 0.5245370375 0.3348958328125 0.5300925921874999 0.3330729171875 0.5324074078125001 0.2966145828125 0.5370370375 0.2901041671875 0.5513888890625 0.28958333281250004 0.5578703703125 0.2825520828125 0.5648148140625 0.27421875 0.565740740625 0.2708333328125 0.5615740734375 0.2692708328125 0.5393518515625 0.26640625 0.5287037031249999 0.2466145828125 0.534259259375 0.2388020828125 0.5314814812499999 0.2338541671875 0.54398148125 0.23541666718749998 0.5699074078125 0.22760416718749998 0.5791666671875 0.22760416718749998 0.6050925921875 0.23151041718749998 0.6231481484375 0.2401041671875 0.6254629625 0.24322916718749998 0.6541666671875 0.24479166718749998 0.6615740734375 0.2479166671875 0.6643518515625 0.2591145828125 0.6583333328125 0.26953125 0.6629629625 0.2747395828125 0.6564814812499999 0.2765625 0.6476851859375