3 0.63671875 0.73203125 0.02109375 0.03046875
3 0.6984375 0.721875 0.02109375 0.03203125
1 0.24765625 0.4765625 0.1765625 0.32890625
3 0.93046875 0.64921875 0.021875 0.0296875
3 0.89375 0.66875 0.0203125 0.028125
3 0.48984375 0.4671875 0.01875 0.03125
0 0.86015625 0.2453125 0.02265625 0.03046875
3 0.53359375 0.4515625 0.01796875 0.02890625
3 0.53359375 0.4765625 0.0171875 0.02890625
2 0.3203125 0.33515625 0.0421875 0.0625
3 0.51328125 0.428125 0.0203125 0.02734375
0 0.8625 0.09609375 0.0234375 0.0296875
3 0.51171875 0.4875 0.01953125 0.028125
0 0.5109375 0.4609375 0.021875 0.028125