3 0.278125 0.4 0.02109375 0.03359375
3 0.89453125 0.096875 0.0203125 0.028125
3 0.2015625 0.89453125 0.01796875 0.02890625
0 0.60234375 0.51640625 0.01640625 0.02734375
1 0.74375 0.27109375 0.1171875 0.3953125
0 0.17734375 0.8953125 0.01796875 0.03203125
3 0.54140625 0.79921875 0.02109375 0.03203125
3 0.58359375 0.49765625 0.0140625 0.03046875
3 0.09296875 0.86796875 0.02109375 0.02734375
3 0.58046875 0.425 0.01953125 0.03203125
3 0.296875 0.34609375 0.0203125 0.0296875
3 0.74921875 0.7796875 0.02109375 0.02890625
3 0.5234375 0.446875 0.01796875 0.03125
3 0.53046875 0.5109375 0.02109375 0.03203125
3 0.4578125 0.35234375 0.02109375 0.028125
3 0.109375 0.83984375 0.0203125 0.03046875
3 0.61328125 0.46015625 0.02421875 0.0296875
3 0.55078125 0.853125 0.0203125 0.034375
0 0.1 0.1015625 0.02578125 0.0296875
3 0.6171875 0.45546875 0.015625 0.02578125
2 0.76371658125 0.41082962656250005 0.767740378125 0.46716277812499996 0.7942974359375 0.460724703125 0.7866522218750001 0.40720820937499996 0.76371658125 0.41082962656250005