3 0.38046875 0.9015625 0.01875 0.03671875
3 0.69296875 0.57578125 0.01875 0.03125
1 0.2765625 0.484375 0.20390625 0.1546875
3 0.678125 0.52265625 0.0171875 0.03046875
3 0.48828125 0.08125 0.01640625 0.0296875
3 0.634375 0.71328125 0.01796875 0.03125
3 0.65703125 0.15 0.01875 0.0328125
3 0.7671875 0.2421875 0.01953125 0.03046875
3 0.53359375 0.3 0.01875 0.0328125
0 0.65390625 0.6796875 0.01796875 0.03359375
3 0.7296875 0.2484375 0.015625 0.03046875
3 0.4421875 0.490625 0.0171875 0.0296875
3 0.4765625 0.09375 0.01640625 0.02890625