1 0.64609375 0.87578125 0.22734375 0.1828125
3 0.50078125 0.91171875 0.01640625 0.034375
3 0.80625 0.14765625 0.0171875 0.0296875
3 0.809375 0.38828125 0.01796875 0.03359375
3 0.4953125 0.1140625 0.01640625 0.0328125
3 0.71328125 0.4421875 0.01953125 0.0328125
3 0.80859375 0.80859375 0.015625 0.03125
3 0.78828125 0.76015625 0.01953125 0.0296875
3 0.5265625 0.61640625 0.0171875 0.02890625
3 0.80546875 0.25703125 0.01953125 0.03046875
0 0.18984375 0.92421875 0.02265625 0.034375
3 0.790625 0.17578125 0.01796875 0.03125
3 0.653125 0.1453125 0.0171875 0.03046875