1 0.246875 0.17734375 0.21328125 0.3265625
3 0.38046875 0.90234375 0.01875 0.03828125
3 0.653125 0.1578125 0.01875 0.03359375
3 0.69375 0.578125 0.0203125 0.0328125
3 0.678125 0.52265625 0.0171875 0.03046875
3 0.48828125 0.08046875 0.015625 0.02890625
3 0.634375 0.7140625 0.01875 0.03125
3 0.54140625 0.30703125 0.01796875 0.03125
3 0.7671875 0.2421875 0.0203125 0.0296875
0 0.6546875 0.6796875 0.01875 0.0328125
3 0.4765625 0.09453125 0.01484375 0.028125
3 0.4421875 0.490625 0.01640625 0.03046875
3 0.728125 0.246875 0.0203125 0.0296875