1 0.7328125 0.72890625 0.11484375 0.29921875
3 0.45234375 0.36796875 0.01953125 0.0328125
3 0.38203125 0.90234375 0.01796875 0.0359375
3 0.1734375 0.8953125 0.021875 0.03515625
3 0.29609375 0.12421875 0.0203125 0.0375
3 0.38671875 0.35625 0.0203125 0.0328125
3 0.57265625 0.40390625 0.01796875 0.03359375
3 0.2 0.7203125 0.0203125 0.03125
3 0.2390625 0.77890625 0.01875 0.0328125
3 0.45078125 0.1609375 0.01875 0.0328125
0 0.48828125 0.2125 0.02109375 0.034375
3 0.63828125 0.1125 0.0171875 0.02890625