3 0.271875 0.54140625 0.01953125 0.0296875
3 0.29609375 0.12421875 0.02109375 0.0359375
1 0.70546875 0.496875 0.16953125 0.14609375
3 0.45 0.36640625 0.01875 0.03125
3 0.4203125 0.4078125 0.01796875 0.03125
3 0.2484375 0.87890625 0.01875 0.03515625
3 0.64140625 0.87734375 0.0203125 0.0296875
3 0.44609375 0.16328125 0.01640625 0.03125
0 0.575 0.20078125 0.01953125 0.03203125
3 0.63828125 0.1125 0.0171875 0.02890625
3 0.46015625 0.14609375 0.015625 0.03203125
3 0.65546875 0.8734375 0.01796875 0.03125