0 0.809375 0.1453125 0.015625 0.028125
1 0.384375 0.4015625 0.11171875 0.39765625
3 0.74609375 0.40703125 0.0171875 0.02890625
3 0.63046875 0.146875 0.01875 0.03203125
3 0.19609375 0.21796875 0.0171875 0.03046875
3 0.6984375 0.321875 0.0171875 0.02890625
3 0.5296875 0.596875 0.01796875 0.0296875
3 0.1890625 0.90546875 0.0203125 0.03515625
3 0.49375 0.9171875 0.01796875 0.03046875
3 0.40390625 0.1921875 0.01640625 0.028125
3 0.4609375 0.9171875 0.01796875 0.03203125
3 0.2 0.92421875 0.01875 0.03359375