3 0.49296875 0.1125 0.01640625 0.0296875
1 0.44375 0.2828125 0.20703125 0.2171875
3 0.76484375 0.196875 0.01796875 0.03125
3 0.50234375 0.91015625 0.01796875 0.03203125
3 0.19375 0.08046875 0.021875 0.034375
3 0.1859375 0.74765625 0.0171875 0.0328125
3 0.7875 0.7578125 0.01953125 0.03046875
3 0.8078125 0.80625 0.0171875 0.0296875
3 0.68359375 0.14296875 0.015625 0.0296875
3 0.1765625 0.865625 0.021875 0.03359375
3 0.178125 0.928125 0.02109375 0.0328125
3 0.52734375 0.61484375 0.015625 0.02890625