3 0.77734375 0.14609375 0.01953125 0.03359375
3 0.596875 0.68046875 0.0171875 0.0328125
3 0.15859375 0.91484375 0.01953125 0.0296875
3 0.68515625 0.30859375 0.0171875 0.03125
3 0.16875 0.06796875 0.01796875 0.02734375
0 0.71875 0.62578125 0.01875 0.03125
3 0.796875 0.865625 0.01796875 0.028125
3 0.4421875 0.49296875 0.0171875 0.03046875
3 0.47890625 0.38984375 0.0203125 0.02734375
3 0.453125 0.153125 0.01640625 0.0328125
3 0.4796875 0.4921875 0.01640625 0.02890625
3 0.4484375 0.43671875 0.01640625 0.028125