3 0.55234375 0.2296875 0.01875 0.0328125
3 0.490625 0.64296875 0.01875 0.03203125
3 0.7421875 0.63125 0.01953125 0.0359375
1 0.34375 0.5859375 0.22109375 0.17265625
3 0.5125 0.46875 0.0171875 0.03203125
3 0.490625 0.57578125 0.01796875 0.0359375
3 0.54921875 0.371875 0.015625 0.02890625
3 0.1921875 0.32890625 0.0203125 0.0328125
3 0.50703125 0.1125 0.0171875 0.03125
3 0.55625 0.91484375 0.0171875 0.0328125
3 0.60703125 0.48046875 0.01640625 0.03046875
0 0.5859375 0.14375 0.01953125 0.03203125
3 0.521875 0.48984375 0.015625 0.0296875