3 0.8984375 0.8734375 0.025 0.03515625
3 0.9078125 0.1125 0.021875 0.034375
3 0.90390625 0.3875 0.02265625 0.0296875
3 0.51796875 0.09765625 0.01953125 0.03203125
3 0.103125 0.646875 0.021875 0.02890625
3 0.18046875 0.8671875 0.02265625 0.03046875
0 0.55390625 0.471875 0.01953125 0.0265625
3 0.09375 0.359375 0.0203125 0.02890625
3 0.08671875 0.884375 0.02421875 0.034375
3 0.1046875 0.1 0.02109375 0.02578125
3 0.61328125 0.459375 0.0234375 0.0296875
0 0.5609375 0.13203125 0.02109375 0.03046875
3 0.58359375 0.4984375 0.0171875 0.03125
0 0.88359375 0.77109375 0.02265625 0.03125
3 0.5796875 0.425 0.01953125 0.03203125
3 0.65703125 0.11796875 0.0203125 0.02890625
1 0.3484375 0.59453125 0.27578125 0.16875
3 0.51015625 0.1640625 0.02265625 0.03125
2 0.48671875 0.6 0.03515625 0.03359375
3 0.56015625 0.78828125 0.02109375 0.03359375
3 0.6171875 0.45546875 0.015625 0.02578125