3 0.27109375 0.12109375 0.01796875 0.03515625
1 0.2578125 0.3890625 0.234375 0.24765625
3 0.45 0.3671875 0.01953125 0.03125
3 0.16171875 0.91015625 0.02265625 0.03515625
3 0.59609375 0.4390625 0.01796875 0.03046875
3 0.16953125 0.06796875 0.01796875 0.02890625
3 0.3140625 0.0734375 0.01875 0.03125
3 0.2421875 0.06796875 0.01953125 0.03125
3 0.5015625 0.36328125 0.01953125 0.03203125
3 0.21875 0.7703125 0.0203125 0.034375
3 0.1765625 0.8515625 0.01875 0.0328125
3 0.5546875 0.53984375 0.01953125 0.02890625
0 0.78046875 0.76484375 0.01953125 0.02890625